 SetDesc: "set generated with APFEL - nCTEQ15_CT14nlo_Cu64_bd"
 Authors: V. Bertone, S. Carrazza, J. Rojo
 Reference: ArXiv:1310.1394
 Format: lhagrid1
 DataVersion: 1
 NumMembers:          33
 Particle: 2212
 Flavors: [ -5, -4, -3, -2, -1, 21,  1,  2,  3,  4,  5]
 OrderQCD:           2
 FlavorScheme: variable
 NumFlavors:            5
 ErrorType: replicas
 XMin:   1.0000000000000001E-005
 XMax:   1.0000000000000000     
 QMin:   1.0000000000500000     
 QMax:   316.22776285456024     
 MZ:   91.187600000000003     
 MUp: 0
 MDown: 0
 MStrange: 0
 MCharm:   1.5100000000000000     
 MBottom:   4.9199999999999999     
 MTop:   172.50000000000000     
 ThresholdCharm:   1.5100000000000000     
 ThresholdBottom:   4.9199999999999999     
 ThresholdTop:   319.22776285456024     
 AlphaS_MZ:  0.11799999999999999     
 AlphaS_OrderQCD:           2
 AlphaS_Type: ipol
 AlphaS_Qs: [   1.0000000000500000      ,   1.0539169840047597      ,   1.1129527505696621      ,   1.1777244667452262      ,   1.2489391506600780      ,   1.3274089028218867      ,   1.4140690735698853      ,   1.5099999999999998      ,   1.5099999999999998      ,   1.6130878317607369      ,   1.7273975642614123      ,   1.8544643402903738      ,   1.9960741151215726      ,   2.1543110056362638      ,   2.3316147489720711      ,   2.5308506754794142      ,   2.7553952309578023      ,   3.0092408936970467      ,   3.2971253787434551      ,   3.6246913797688229      ,   3.9986848681301810      ,   4.4272022841461940      ,   4.9199999999999999      ,   4.9199999999999999      ,   5.4477796272415526      ,   6.0532333916414638      ,   6.7502603789294744      ,   7.5556595121014078      ,   8.4898171935369948      ,   9.5775771475177116      ,   10.849345746468474      ,   12.342503142758153      ,   14.103213480351171      ,   16.188758541866687      ,   18.670561502182895      ,   21.638125388750900      ,   25.204190602446072      ,   29.511526293650878      ,   34.741924239921723      ,   41.128179516143490      ,   48.970146414852600      ,   58.656389889206096      ,   70.693569916875916      ,   85.746584199437336      ,   104.69378144570513      ,   128.70343578537992      ,   159.34043493703658      ,   198.71622763187079      ,   249.70118856594030      ,   316.22776285456041      ]
 AlphaS_Vals: [  0.47292434342555867      ,  0.45113105454293306      ,  0.43083621130242972      ,  0.41187517538938773      ,  0.39410875500927306      ,  0.37741828073026196      ,  0.36170180580313815      ,  0.34687113866865210      ,  0.34811784916599325      ,  0.33579363554120240      ,  0.32398568738528039      ,  0.31266346072523110      ,  0.30179906953269797      ,  0.29136698251558313      ,  0.28134376111557169      ,  0.27170783253915715      ,  0.26243929240597513      ,  0.25351973254527482      ,  0.24493209023449458      ,  0.23666051579223019      ,  0.22869025594148598      ,  0.22100755077129555      ,  0.21359954247777721      ,  0.21388871072397539      ,  0.20785646896795404      ,  0.20198016059907095      ,  0.19625616730721737      ,  0.19068095346916955      ,  0.18525106317750500      ,  0.17996311745678614      ,  0.17481381166521004      ,  0.16979991306824302      ,  0.16491825857161752      ,  0.16016575260188529      ,  0.15553936512348232      ,  0.15103612978198003      ,  0.14665314216387532      ,  0.14238755816390902      ,  0.13823659245150011      ,  0.13419751702844940      ,  0.13026765987059752      ,  0.12644440364662007      ,  0.12272518450761720      ,  0.11910749094159503      ,  0.11558886268735603      ,  0.11216688970270616      ,  0.10883921118225830      ,  0.10560351462045846      ,  0.10245753491578831      ,   9.9399053512405314E-002 ]
 AlphaS_Lambda4:  0.38729833029234551     
 AlphaS_Lambda5:  0.20916500429591775     
