experiment			DYE605nuclshift	DYE605nuclshift	DYE605nuclshift	DYE605nuclshift	DYE605nuclshift	DYE605nuclshift	DYE605nuclshift	DYE605nuclshift	DYE605nuclshift	DYE605nuclshift	DYE605nuclshift	DYE605nuclshift	DYE605nuclshift	DYE605nuclshift	DYE605nuclshift	DYE605nuclshift	DYE605nuclshift	DYE605nuclshift	DYE605nuclshift	DYE605nuclshift	DYE605nuclshift	DYE605nuclshift	DYE605nuclshift	DYE605nuclshift	DYE605nuclshift	DYE605nuclshift	DYE605nuclshift	DYE605nuclshift	DYE605nuclshift	DYE605nuclshift	DYE605nuclshift	DYE605nuclshift	DYE605nuclshift	DYE605nuclshift	DYE605nuclshift	DYE605nuclshift	DYE605nuclshift	DYE605nuclshift	DYE605nuclshift	DYE605nuclshift	DYE605nuclshift	DYE605nuclshift	DYE605nuclshift	DYE605nuclshift	DYE605nuclshift	DYE605nuclshift	DYE605nuclshift	DYE605nuclshift	DYE605nuclshift	DYE605nuclshift	DYE605nuclshift	DYE605nuclshift	DYE605nuclshift	DYE605nuclshift	DYE605nuclshift	DYE605nuclshift	DYE605nuclshift	DYE605nuclshift	DYE605nuclshift	DYE605nuclshift	DYE605nuclshift	DYE605nuclshift	DYE605nuclshift	DYE605nuclshift	DYE605nuclshift	DYE605nuclshift	DYE605nuclshift	DYE605nuclshift	DYE605nuclshift	DYE605nuclshift	DYE605nuclshift	DYE605nuclshift	DYE605nuclshift	DYE605nuclshift	DYE605nuclshift	DYE605nuclshift	DYE605nuclshift	DYE605nuclshift	DYE605nuclshift	DYE605nuclshift	DYE605nuclshift	DYE605nuclshift	DYE605nuclshift	DYE605nuclshift	DYE605nuclshift	DYE605nuclshift	DYE605nuclshift	DYE605nuclshift	DYE605nuclshift	DYE605nuclshift	DYE605nuclshift	DYE605nuclshift	DYE605nuclshift	DYE605nuclshift	DYE605nuclshift	DYE605nuclshift	DYE605nuclshift	DYE605nuclshift	DYE605nuclshift	DYE605nuclshift	DYE605nuclshift	DYE605nuclshift	DYE605nuclshift	DYE605nuclshift	DYE605nuclshift	DYE605nuclshift	DYE605nuclshift	DYE605nuclshift	DYE605nuclshift	DYE605nuclshift	DYE605nuclshift	DYE605nuclshift	DYE605nuclshift	DYE605nuclshift	DYE605nuclshift	DYE605nuclshift	DYE605nuclshift	DYE605nuclshift	DYE605nuclshift
dataset			DYE605nuclshift	DYE605nuclshift	DYE605nuclshift	DYE605nuclshift	DYE605nuclshift	DYE605nuclshift	DYE605nuclshift	DYE605nuclshift	DYE605nuclshift	DYE605nuclshift	DYE605nuclshift	DYE605nuclshift	DYE605nuclshift	DYE605nuclshift	DYE605nuclshift	DYE605nuclshift	DYE605nuclshift	DYE605nuclshift	DYE605nuclshift	DYE605nuclshift	DYE605nuclshift	DYE605nuclshift	DYE605nuclshift	DYE605nuclshift	DYE605nuclshift	DYE605nuclshift	DYE605nuclshift	DYE605nuclshift	DYE605nuclshift	DYE605nuclshift	DYE605nuclshift	DYE605nuclshift	DYE605nuclshift	DYE605nuclshift	DYE605nuclshift	DYE605nuclshift	DYE605nuclshift	DYE605nuclshift	DYE605nuclshift	DYE605nuclshift	DYE605nuclshift	DYE605nuclshift	DYE605nuclshift	DYE605nuclshift	DYE605nuclshift	DYE605nuclshift	DYE605nuclshift	DYE605nuclshift	DYE605nuclshift	DYE605nuclshift	DYE605nuclshift	DYE605nuclshift	DYE605nuclshift	DYE605nuclshift	DYE605nuclshift	DYE605nuclshift	DYE605nuclshift	DYE605nuclshift	DYE605nuclshift	DYE605nuclshift	DYE605nuclshift	DYE605nuclshift	DYE605nuclshift	DYE605nuclshift	DYE605nuclshift	DYE605nuclshift	DYE605nuclshift	DYE605nuclshift	DYE605nuclshift	DYE605nuclshift	DYE605nuclshift	DYE605nuclshift	DYE605nuclshift	DYE605nuclshift	DYE605nuclshift	DYE605nuclshift	DYE605nuclshift	DYE605nuclshift	DYE605nuclshift	DYE605nuclshift	DYE605nuclshift	DYE605nuclshift	DYE605nuclshift	DYE605nuclshift	DYE605nuclshift	DYE605nuclshift	DYE605nuclshift	DYE605nuclshift	DYE605nuclshift	DYE605nuclshift	DYE605nuclshift	DYE605nuclshift	DYE605nuclshift	DYE605nuclshift	DYE605nuclshift	DYE605nuclshift	DYE605nuclshift	DYE605nuclshift	DYE605nuclshift	DYE605nuclshift	DYE605nuclshift	DYE605nuclshift	DYE605nuclshift	DYE605nuclshift	DYE605nuclshift	DYE605nuclshift	DYE605nuclshift	DYE605nuclshift	DYE605nuclshift	DYE605nuclshift	DYE605nuclshift	DYE605nuclshift	DYE605nuclshift	DYE605nuclshift	DYE605nuclshift	DYE605nuclshift	DYE605nuclshift	DYE605nuclshift	DYE605nuclshift
id			0	1	2	3	4	5	6	7	8	9	10	11	12	13	14	15	16	17	18	19	20	21	22	23	24	25	26	27	28	29	30	31	32	33	34	35	36	37	38	39	40	41	42	43	44	45	46	47	48	49	50	51	52	53	54	55	56	57	58	59	60	61	62	63	64	65	66	67	68	69	70	71	72	73	74	75	76	77	78	79	80	81	82	83	84	85	86	87	88	89	90	91	92	93	94	95	96	97	98	99	100	101	102	103	104	105	106	107	108	109	110	111	112	113	114	115	116	117	118
experiment	dataset	id																																																																																																																							
DYE605nuclshift	DYE605nuclshift	0	13880.873819012933	1371.1551239155485	1381.9595379419316	1457.3854394678503	819.9714251140738	1069.2682823234065	1034.3417897946354	846.7685486948828	656.7563691641088	727.5748572567845	219.15009989979592	183.94300699250078	171.2013586944207	107.35097892803556	67.1344658360606	21.72233808602548	7.9880640843965045	2299.283540514041	1848.1196471984526	1627.2854225310246	1435.4817152062594	1373.8865288320612	1131.4334462436423	983.5928319403371	940.8137318953105	846.5357568524826	744.1632939286426	274.9526177268123	188.01367213184892	192.69604429394235	130.43956404959113	81.21445308963509	36.42808219417752	9.795116408090498	1.2536143709969996	2354.721766416004	1960.0242503571171	1994.6476550513216	1410.205786801402	1194.6298693868066	1196.6390020107985	869.3234753029562	836.3716824480131	819.0431885857105	666.4071946496439	242.54788714928011	205.53736112694352	173.3535202699445	137.5709216811504	94.64672694386054	39.32571423442097	10.704509983103017	0.6681684196600017	2308.1655072593053	1875.4981396249184	2045.9576941488622	1484.167455983198	1566.830845353243	1207.7229969508246	933.1242174804366	767.2309057487607	757.8796447766833	696.0084888511955	263.47285694676793	215.91556511740114	179.4559018085382	138.909767134242	88.55785967333206	41.28311087772596	11.414113729688516	1.5124961329619984	2842.9227007275044	2076.1334556986753	1627.5452766319934	1418.39306215725	1624.5824166314694	1110.2294648309423	850.0601789217121	830.0550695077513	707.8152690413494	693.4543226503916	301.49341311388775	221.1960550007862	187.09818350136737	137.31442129158756	87.78480176565358	32.490029881176014	9.802216043884494	2.6695363672500014	2048.624371405078	1934.586227096044	1617.7956722667564	1842.5378632665488	1959.082270248831	945.562075782092	751.0350055510437	741.2411254129072	658.6477920557747	731.4942819871568	291.2607441734049	196.7461952346422	151.91872761831397	110.73476761737909	73.09818555540339	26.715698290220484	10.956882446185501	3.034398184102999	911.7537927257947	796.2261880261187	683.88132952023	442.72948726505365	322.5893105323419	116.99498129310236	157.63392852510265	101.04318622809848	57.78251427766599	25.32314169582399	8.684667393886507	2.6888311828804996
DYE605nuclshift	DYE605nuclshift	1	1371.1551239155485	3177.1174158808967	935.93334301276	913.0468404626919	624.5333155990604	680.0898592546613	632.5633392493195	531.7996529239575	433.4441095814747	437.55515113406375	141.16015576881588	120.88810086257087	110.00830713879095	75.79334536762052	46.79893429779551	18.340642807010518	6.727331700151492	1416.5447147695472	1175.8584399951358	1031.9031873806744	908.1014743704312	839.5808650451015	709.0217707350822	618.5097404646915	573.0649775659165	511.26630614446367	449.37676666384607	166.07658110095207	125.95700553447874	121.34482885601747	87.29187819696108	54.04005145638507	24.935547346702513	7.815044061625505	1.5824091874869988	1423.702390367658	1207.5812360392504	1163.2039706651358	891.8049971033201	766.9547069508309	730.6044149868285	572.6809141124113	532.2094858509878	500.19938062631	419.62240247628887	154.8332756307799	133.68827819558857	114.97109568905945	90.86691578548552	59.77747103959548	26.33477955299094	8.21044246921301	1.3280539559599995	1379.1549620486421	1152.5570300227432	1163.3448406245102	904.0780096078229	894.7054661855534	723.0025011086464	587.2370350984276	497.3593873172954	469.71645518055755	424.8575169731166	160.79618380552785	135.82970967280633	115.71969200583351	90.09026024938208	56.51256587307194	26.429301300046	8.107793625883502	1.5146608360020002	1544.3816119266567	1195.2514832648942	975.2221027298024	853.5681598647137	894.235594605647	666.0085618254889	538.2442968553164	505.82439779095677	436.96367877111476	411.70595339289645	170.1206825975124	133.0632594657062	114.38330444315712	85.91282906581247	53.710752891898494	21.648964433495983	6.857502973899492	1.7694927063500003	1194.5884038509193	1099.2685935591514	934.0421712251406	981.2679025864426	991.5050922717296	576.5516408319675	476.3179280032824	450.3190758486611	398.722439027489	408.65305535611753	158.20513873945487	116.50522206348215	94.29948725839414	70.32085637330904	44.39209370544856	17.476897133855523	6.547216836870494	1.7049726455130008	508.2210744543739	444.45424736281274	384.27545106063013	277.1190878707343	160.1321910168819	77.03624104217752	88.38042699317732	59.95466508939356	34.314245333686074	14.880869306604012	4.944121175241499	1.375309208615499
DYE605nuclshift	DYE605nuclshift	2	1381.9595379419316	935.93334301276	2635.0997209226766	925.9331527059685	577.3635036978797	685.9244450090587	651.3048404945204	540.8349974202426	430.67950400218564	455.6028095411565	143.15122704156394	121.5470849228091	111.87739202988888	73.9715408661195	46.095233568844534	16.781545226329502	6.204244840468506	1445.6465379424728	1181.8669060235839	1040.1631012389253	917.5067711327489	864.1560925933576	721.357693342379	628.8829727102287	592.6005213921029	531.4681965560562	467.6224740624741	173.98889718910783	125.78541067184109	124.8250743749824	87.4590606838188	54.46716397331497	24.94142841229748	7.393613190914511	1.3053847925730007	1467.8064696739468	1234.4280956557711	1224.6765842662091	901.8625859479407	770.718414554568	753.658964534191	569.7097890491096	539.016202139813	517.51200663459	428.1226792548917	158.14446156362	135.47869816749167	115.58763393990057	91.68747953005449	61.764131753144575	26.637181564488973	7.915778371526998	1.0021294142400008	1430.849708275819	1179.9407097624564	1241.4057820509722	931.8680163756784	954.4240904296877	753.4510583946349	597.4992315634327	499.3310964947448	482.55777046884265	440.21757830836356	167.81005411531206	139.84077959251331	117.88024567284646	91.69019997957817	58.14077359718797	27.294472944734032	8.082426832096509	1.3632990340580002	1685.3248023481428	1265.577641726485	1012.3558839967362	885.0349066911458	972.3331576170518	693.1461605745915	545.8108883918043	523.3232386043633	449.62946768204586	432.3802724448236	184.42273433538745	139.89084121617384	119.42357053420287	88.87433262548741	56.334921809881465	21.98046861328402	6.8912619538604964	1.8441293349500012	1254.347136880058	1171.3798424166864	987.8858336456993	1084.6098395338372	1127.7998843295704	594.6236612735328	482.20573320187856	466.2094156258591	413.9345823529704	442.3654346908223	174.71499045954502	123.32280000177805	97.66810980452605	72.18847702841097	46.70444340643144	17.88881084308451	7.035253939569508	1.9011973650270013	548.898305195846	480.04659740376593	413.91665865016927	282.8125020070858	185.22577863097814	77.43464670832243	96.09039620172275	63.493888302586505	36.45543666019397	15.975267121116005	5.423363820978506	1.5965023294244989
DYE605nuclshift	DYE605nuclshift	3	1457.3854394678503	913.0468404626919	925.9331527059685	3318.152734654187	548.9382346541464	722.6823522898987	701.1222875775662	574.5387311692889	445.9286707681738	495.7021648347274	151.1575131817322	127.11210242539198	118.43409506743194	74.70176314826602	46.998767512165955	15.551225242045982	5.797674970677998	1544.3051722382208	1241.7849333380684	1095.8742027032017	968.7234641489124	930.0690801374041	766.7497385559649	667.7855584827577	640.2776415297591	577.1421573122278	508.19815981511755	189.98474083070408	130.45246256500798	133.67287719151	90.95582309917206	56.96049449202001	25.819026055729996	7.135228515225991	1.012046028724	1584.2591862015588	1320.1887051110464	1349.115088188816	952.8565236908134	808.4565701966903	812.5139507438076	590.521252963499	569.5796166510493	559.0917115542201	455.64585819290136	168.1008034500601	142.74823199330194	120.68772930739416	96.06526259434595	66.32611560196597	27.90681766753198	7.814708518476001	0.635372546420001	1554.1673027492843	1263.7580836108116	1385.442557130841	1004.3907486802715	1064.2112586611554	820.7006762780928	634.6423646617039	522.5793734726667	517.4580324493902	476.11044257633154	182.43448313685607	149.8496458013383	124.85443410944198	96.96607951056396	62.13874708394403	29.241101379391957	8.299171771941992	1.2131045247039984	1921.9776446408619	1402.329339153991	1099.522605702158	959.784771421154	1104.0385777914705	754.0514292018031	577.7074679656578	565.5135219583385	482.99363749855416	474.12690958181787	208.20053451004986	153.20124359631225	129.8324963855641	95.64610557074982	61.43851270602202	23.109913818592005	7.137155995874004	1.9793960857000035	1379.210393992964	1306.1890007293562	1093.294497229608	1250.6088364101618	1333.1790548023614	641.0455165604096	509.6030205408638	504.27160165889774	448.86158636105404	499.6879989832363	200.7295283486597	136.01903349306394	105.32435171928793	77.07521175966812	51.101140917721985	18.974784599885986	7.829458099366003	2.1867487090760025	619.339957491948	541.5432209565017	465.63287782065976	301.30645617356777	221.68985571276423	80.91394898783001	108.78548660833016	70.03105252116211	40.291392654372025	17.809632335907978	6.161063530758006	1.906130493606
DYE605nuclshift	DYE605nuclshift	4	819.9714251140738	624.5333155990604	577.3635036978797	548.9382346541464	900.1188615682502	413.33289628508123	379.46069823306044	323.18336813577866	269.1061949929375	262.4576306401319	88.62687497780809	76.66371762958552	69.27910374429554	49.697336941110194	30.782180831947766	13.007270278005258	4.831655001825762	841.3821760202233	708.9784950189662	623.1730631058368	549.3910095964653	502.440643287451	429.66679466804095	376.3221316558453	345.0656237497083	307.4930672120821	270.9161421017731	101.86938437532574	80.83088524368958	76.10215229755889	56.35299761278044	35.07937464259253	16.553329278151253	5.567518536012754	1.296516719793501	840.261738173777	720.0706942329741	680.1485174951166	540.2972124873099	468.62650376306715	438.87046312021477	355.36119047320636	326.7430632491437	302.80158722280464	257.9096964772942	97.46690758809004	84.97994596244416	73.82444529892972	58.491819199592804	38.05530290069766	17.386968713495516	5.810427923306513	1.1875531388300002	810.3399033239708	686.8092844479721	673.0424446647039	539.8957973775108	521.190723460627	430.95717834297346	358.19933061936337	307.69822570824795	286.2096416170784	257.89512502480767	99.32018874196389	85.18070344790334	73.48944511976663	57.58619967499105	36.167920305136015	17.151924590472998	5.607009395691758	1.2151420333510015	870.3246084047768	693.0336940794474	576.5610907648012	506.84447483080646	511.87238480547336	397.0426431115945	328.81015277075846	305.03431666482874	265.5819252848072	246.70858065304867	101.17725122710625	81.73521382725293	70.9177297970786	54.03382838145625	33.723521794449205	14.309007333247992	4.730824590099746	1.2321218963250011	693.5859449588086	632.8651904834278	542.79790639397	550.8406074326218	543.4218254434649	345.3547722874837	290.56938918714104	270.6417295311308	239.85468832909467	237.68042062995903	92.10238927192768	70.90139143869106	58.73960071539704	44.42753826365448	27.745121999624256	11.461222672827763	4.200839649435251	1.084504041956499	292.61419406678743	256.60211597315663	222.97455681021492	168.81766304596678	88.44111225539099	48.90919524168875	52.354185323488586	36.65561702639677	21.177193690292995	9.264003515651996	3.081155454920755	0.8183570543077502
DYE605nuclshift	DYE605nuclshift	5	1069.2682823234065	680.0898592546613	685.9244450090587	722.6823522898987	413.33289628508123	1605.4641339285233	516.5468611931204	424.9590735281365	332.085678400872	365.71575337961605	113.38662552020403	95.70887265843635	88.9866064931666	57.027005761170834	35.956700219683235	12.385559418455747	4.652864135497251	1131.6069546598892	913.8712714533202	807.3527553219133	714.4460854918763	684.4252668484122	566.3916527505829	494.10091793095717	472.6567716155443	426.12281173086586	375.63513514643995	141.5438763112381	98.69483918518858	100.34666600177617	69.02638077842157	43.35987128147753	19.85773347095377	5.693049976678247	0.9114506257404997	1159.394520612831	969.0902685347438	986.5606760278895	703.1873374484902	598.375927601599	598.9637186285627	439.59632760653784	422.8483793393315	413.624338589815	338.71586746646284	126.29670835436985	107.6426381402127	91.37099335554936	72.83573944211832	50.1340920106332	21.417091461566528	6.208412603159501	0.654519821290001	1136.278290100475	927.5500727647145	1010.9119133664929	738.5015878913331	778.4817328582194	603.8462748548983	470.04807546245036	388.8595459065835	383.520989207637	352.6715968162039	136.23189558713207	112.47263840622966	94.14444376338032	73.32585322973296	47.058107526567944	22.290002044898994	6.512019398755245	1.049407094313	1393.7494592809335	1022.9365850668248	805.9121540033458	704.6107617034813	804.5902286998203	554.730039447762	427.9715795692948	417.6679649872043	357.6514783049818	349.9224082035642	153.81192093041886	114.22236038023911	97.1036932608954	71.9084310933688	46.21675458602783	17.744329028723996	5.592951768859251	1.5587638465750029	1005.4056687148069	951.1592676207193	798.0697654931511	907.4168040841449	963.9268393901939	471.9590632209524	377.2128342569826	371.94773048131196	331.31665357634427	366.0344824240173	147.47866704288256	101.10182407633303	78.862387669211	58.016834121683594	38.375117537152754	14.521293868823244	5.954316743345759	1.6617761511095006	451.8853849254809	395.51640649255023	340.5703647471448	223.11568142542103	161.07122462173317	60.923086086966244	80.27239545106634	52.15131203147026	30.127784572459007	13.376952764076021	4.638492345882241	1.4193090542632505
DYE605nuclshift	DYE605nuclshift	6	1034.3417897946354	632.5633392493195	651.3048404945204	701.1222875775662	379.46069823306044	516.5468611931204	1415.2815479425715	412.75434132127873	318.64603371055716	359.23792838437197	109.91516229506801	92.37041873274559	86.3785706034555	54.15303571329032	34.31796966372774	11.295978009785248	4.268251085965753	1101.397955986564	882.5033918299071	780.7400814277381	691.6698647796253	668.7086211662697	550.1865345525606	479.7785204116863	462.7347985195487	418.1821472921218	368.789946627013	139.3357478438458	94.8892471479295	97.92873097885878	66.47320876884046	41.880900248792585	19.10336246035128	5.307859078692744	0.7662927029135	1133.943551934576	943.7818423590151	974.2089119385979	680.9832343125303	577.5393479286663	585.7024921347552	421.9493438611458	409.68007094894364	404.9466736273048	329.3367850881544	122.81475080039016	104.26077677150424	88.13740891284986	70.38568223347278	49.01127470717773	20.717734127755474	5.852580343386509	0.4991518703299998	1114.6111389526895	903.9314497356712	1004.1558086756636	721.9473556951114	773.0276634664061	593.2887131229319	456.46859986658353	375.0135550637272	374.1688259005791	345.46339172696855	133.8357097621441	109.78144521254326	91.41135846912675	71.16022146311091	45.90447056645602	21.77896661823298	6.2507160857517485	0.9481552300709997	1397.790890276779	1012.7473205679087	790.5989732510818	690.7757845833255	805.4386751129739	544.6964431331542	414.8996314761983	408.89835310236845	349.19999525522707	344.9259695724891	153.64825493640615	112.58390607101302	95.40290578309872	70.33688535575631	45.49014918220932	17.192244264007993	5.389510297619752	1.5279974844250008	991.8352231381689	944.3976154645056	789.7079775019503	914.5076026734811	981.9091736079658	461.46463341818355	365.4057877401615	364.28200946307066	324.8875220005146	365.6276884975389	148.4390876163274	99.96125454151101	77.19157980763708	56.5395051371945	37.82335434628429	14.124114079107756	5.918293490415254	1.6756091902364991	451.1212133625273	394.82142991571703	339.5563114630154	216.99379510390753	164.94241767931072	58.758371574888834	80.28360677308872	51.56753649885679	29.824290085653026	13.296862603191993	4.64977292106075	1.452589542587749
DYE605nuclshift	DYE605nuclshift	7	846.7685486948828	531.7996529239575	540.8349974202426	574.5387311692889	323.18336813577866	424.9590735281365	412.75434132127873	813.9506391713319	264.42844289603374	293.41621544727997	91.29069622652014	77.05410499473244	71.78463713558249	45.90318291692872	29.072346245541286	10.019503399553752	3.7954740999112433	898.6080204546231	724.4594617036048	641.0288333168119	568.0624957133332	546.354052104665	451.74834485521507	394.4465473024109	378.58498129719834	341.84762996773014	301.6517234914734	114.47305699599002	79.53082349539243	81.15313367320624	55.79479539035753	35.18409931453752	16.187662018343755	4.668873182116247	0.7607256031525	922.5274218974117	770.750003524568	789.1430850155971	559.4433687390709	476.0666720222697	478.9392421979673	349.978081396111	337.8832210594816	331.7919486120755	271.4798083248886	101.97467219354992	86.92458744683856	73.8045489543713	58.95503769801629	40.777246520891275	17.489588359482525	5.109077687647504	0.5590202707499997	905.1398768504639	737.9474426037444	810.2921989422383	589.367906964244	624.9518801614479	483.58977319619476	375.514248974503	310.36475219944106	307.385024559406	283.23299229752	110.21057831795999	90.95343773702372	76.13209823472634	59.39435145566498	38.273501904739994	18.227523157095032	5.3714929002012415	0.8883222783649994	1118.9419366139132	818.1502085306207	643.1404559627721	562.6974370528839	647.4315852716321	444.05983476548914	341.61308139614886	334.6496106257993	286.61166271788375	281.38708058129873	124.77528799006885	92.48998679129501	78.64443104542761	58.29052169701873	37.62007581161375	14.50706303172002	4.619460203521251	1.3046483073750015	802.0718105614144	761.1996202693473	638.4413730671296	730.9947543301511	779.7343087965745	377.0636532018815	300.8068094380159	297.8340764006866	265.6258448251464	295.2046362501851	119.73874423236259	81.8490763128649	63.77712794385501	46.9647124558675	31.226116964438745	11.872534984341254	4.911144586803745	1.3819663203975	363.3433857839054	318.22326885007635	274.0854984251253	178.40459992700553	131.16043424826512	49.0248602523563	65.11577674275622	42.2770293496763	24.50783364589498	10.94157311898002	3.8193921814362475	1.1748855107412481
DYE605nuclshift	DYE605nuclshift	8	656.7563691641088	433.4441095814747	430.67950400218564	445.9286707681738	269.1061949929375	332.085678400872	318.64603371055716	264.42844289603374	412.971973760479	225.83043965820804	72.32951047445214	61.51490266289943	56.90578614898957	37.65335798810728	23.798002810294737	8.812025301262235	3.3444053819767503	692.0847069109035	564.4641343069238	499.39768697878776	442.6151984486196	421.2687865225184	351.53387921972853	307.58125020495663	292.37235158816924	263.4893702340585	232.6979245307541	88.85068797109409	63.987307550475556	63.966265411453705	44.967095382354564	28.3722498939825	13.229611078236244	4.042739667079747	0.7696264089514999	706.3560379692485	594.3426505766403	598.5268524775377	436.00767693137306	373.2645911202707	369.6545697413001	277.36565230159675	264.8726678209189	256.79356312084485	212.45445522100346	80.67812658331006	69.26071177045331	59.24711404075272	47.32396006799973	32.31762066444474	14.196823130589502	4.369249557848496	0.6366927927700005	690.4489174392988	568.5947673048173	609.7853286926925	453.71423319597665	471.7636313920281	370.8865041845368	293.03412308868184	244.84508712209458	239.07306024043382	219.37644402055207	85.87998469831612	71.64945983812422	60.525689813605766	47.37723982967895	30.443378363584	14.574939060137025	4.478803332730755	0.8348716145189997	828.9041598030484	617.3543391463106	491.9032315033037	431.36545911259975	483.1243013580888	340.70042618220305	267.0338389580192	258.517922872649	222.54696892950017	215.89626293042915	94.71741897373111	71.74391727745707	61.376739214316515	45.912173771881385	29.491718455398274	11.762194166811994	3.834283751682754	1.0730231376250008	606.7921938036384	571.8149245487284	482.37927731164655	539.4465390511008	567.3974799917848	290.6453360099782	235.11011284152892	229.68570627032165	204.78082640713802	222.0025180679712	89.73226332829736	63.11179201637898	49.99164077579303	37.152554793960505	24.40578182217324	9.563347908414736	3.8609156856322477	1.0726155057985005	272.20549368890266	238.68048317461617	206.13686665193518	139.0220196510228	95.52603192867912	39.13762209682381	49.31233534422381	32.66098614687577	18.996405858116987	8.490411108788004	2.9495448312317523	0.8806167544347514
DYE605nuclshift	DYE605nuclshift	9	727.5748572567845	437.55515113406375	455.6028095411565	495.7021648347274	262.4576306401319	365.71575337961605	359.23792838437197	293.41621544727997	225.83043965820804	521.2288464220326	79.0395860704441	66.43338192196398	62.273255970344024	38.96878406817199	24.841571848472032	8.205242712832005	3.1369436459760043	777.3781139476569	621.5563117787556	551.0197367239996	489.05820083530335	475.1937288434679	390.59661025308804	341.024150771236	330.2732686192362	299.0654926358757	264.0921528332558	100.70672250466794	68.3309253319361	70.80970107072011	48.065996500924015	30.439174963539973	13.97613177055998	3.9252263831919967	0.5874743160079997	802.3133050664206	667.4200105093153	693.862131351972	481.828245757988	408.6781948821805	417.0816194509365	298.88908784801623	291.5521801463995	289.5635089818406	235.29854090968402	88.61673740052008	75.25775843618406	63.656059079247896	50.97433381943192	35.705617457272	15.18605144844401	4.344411461791996	0.4019769292400002	789.6901490900283	639.4612218579205	716.9447125437648	512.76460775414	553.0268791808522	423.25441499696365	324.70683523926783	266.48598559087213	267.27187245118034	247.3938107107437	96.76374901445199	79.35641811709594	66.09534896516404	51.568937083188096	33.44134563024802	15.98120461436399	4.647418757064011	0.735580623268	999.7468409852215	721.1137448401649	561.4383553976509	491.0092838173678	577.7896128810396	388.36288981028446	294.81370456283577	291.91813035789517	249.37683905726823	247.36209051835627	111.3924369068002	81.48095422990411	69.07656403118803	50.99981233580002	33.15598589122399	12.61722978206399	4.012253983308001	1.1564698244999982	703.9700689393051	672.928311121152	562.475768207251	656.8255829138043	708.6342127366199	328.2201687608202	259.320788302888	259.854490779216	232.11822141486823	263.070411259712	107.69003805851992	72.31277557288783	55.789974024595956	40.925620670056	27.55110178672403	10.362176718011996	4.386558983371996	1.2540635584919986	323.3436170070159	283.2223862881844	243.6687092725205	154.53588721415582	120.00564288108808	42.21232272446006	58.194953728560016	37.368860694204	21.70900149742401	9.746269798136002	3.4360858736360025	1.0792389986519983
DYE605nuclshift	DYE605nuclshift	10	219.15009989979592	141.16015576881588	143.15122704156394	151.1575131817322	88.62687497780809	113.38662552020403	109.91516229506801	91.29069622652014	72.32951047445214	79.0395860704441	49.07730936905193	22.20330894151601	20.631825206635998	13.751051827967993	8.831954060067995	3.3779584786080017	1.321581002944002	232.46978574466414	189.3787733784639	168.5829369658999	150.2553242441761	144.53235999649203	120.73134291047195	106.11625935758396	101.73126366838392	92.16648746364413	81.7545733980641	32.19387527709201	23.233149034483976	23.336505816979997	16.53504027575597	10.59280950046	5.055641530740002	1.6140209555479992	0.3387979478519994	238.3838950922801	200.88867356930427	205.32899716116796	148.2990469822717	127.33520559601985	127.66764142748391	95.35995452580386	91.90298328209998	89.92231089806009	74.53767146749594	29.27836313168005	25.22772041359599	21.673986269911982	17.45135739180801	12.078834211268019	5.441010406436	1.7542984281480007	0.30067595295999944	233.61243437123156	192.33984396507984	210.14565282131605	155.3046687106599	163.80731033008826	128.48806363971596	101.357735360892	84.81654437676795	83.62290512322006	77.19861779023613	31.187532306087995	26.104257093724016	22.14017017891598	17.466169828672022	11.387616885611983	5.576984457715996	1.794139447216002	0.37273430029200055	285.53005214278016	211.24553474471634	167.89191255628822	147.8015263000919	168.49049451606007	117.88352869389603	92.16813322428416	90.05822701072391	77.764598582892	76.05105759446397	34.37742873309998	26.096785577276037	22.402252197272034	16.881256869299982	10.995263918356002	4.514954920015996	1.536908668452002	0.4483623120999999	205.90567789297626	195.84299129398786	165.40359661608812	188.132332359576	199.93184431218003	100.07605534268009	80.8967918417721	79.80774560580402	71.48592234649205	78.43191029602818	32.497743163479946	22.879205886572013	18.176401812924013	13.609594195263995	9.06932471855602	3.6566156968279975	1.510065910268001	0.4303415944479998	94.92806505450378	83.48803755309596	72.26473738388002	48.30663779836402	34.577910799471994	14.07222928684001	17.871121886139985	11.903098900675992	7.019772107955992	3.201331376484	1.137028828884	0.34282752738800043
DYE605nuclshift	DYE605nuclshift	11	183.94300699250078	120.88810086257087	121.5470849228091	127.11210242539198	76.66371762958552	95.70887265843635	92.37041873274559	77.05410499473244	61.51490266289943	66.43338192196398	22.20330894151601	40.38985865079701	17.622973566140985	11.914426241545515	7.656302041870499	3.0112716336355	1.1809435346265016	194.59533354797156	159.34568662683395	141.9251707745246	126.57300167288112	121.31054917880202	101.76045172898193	89.56392763756648	85.57034702904159	77.50098298536422	68.80215055977149	27.252696671851997	19.963845055628997	19.895491467092487	14.23391302401101	9.133093662735016	4.390085356727496	1.434619394000501	0.3157498804370001	199.08799534330518	168.34556631799924	171.03679196998286	124.95011650969438	107.60455253975752	107.26652078687903	81.02137743068668	77.78325330896261	75.75299281521005	63.10738991981345	24.98421608957999	21.597398659613496	18.617985378334463	15.001287572160503	10.343937096070505	4.713337882740993	1.553135722463003	0.2873470291600003	194.8109996543418	161.12964791646746	174.50307135033364	130.2114574648475	136.33370268710303	107.6816459690459	85.58587576207702	71.96861852637036	70.58689806583257	65.08650345201602	26.447516175028	22.243974265731524	18.9437432968085	14.975434589882006	9.765989416372	4.802575145946002	1.5743080920584984	0.34076902420200006	235.35362999450481	175.495479672996	140.31008854555276	123.70030080573959	139.56186977182247	98.80018459441366	77.86987355674162	75.76329521248154	65.58910441813957	63.86196892472147	28.827583859937487	22.09187486660596	19.019159319906993	14.396439982437498	9.371508269523488	3.908793225096002	1.3461413140744976	0.3926623086499999	171.11482863774364	162.38686270950308	137.53451859706576	155.03207039591837	163.88010128133	84.01287353224254	68.32758594948206	67.07538506673639	60.10147942136455	65.29856694071799	27.091260760405028	19.312254765781997	15.453123953094012	11.62209552585899	7.717303834973504	3.1562198044304974	1.2939864598954975	0.36786713396300047	78.78236882737411	69.34907888028853	60.11652347943003	40.789486566334126	28.453279861081985	12.041043608052517	14.967019705852474	10.059817431868485	5.948749988385994	2.7192467463040026	0.9659752921164996	0.2880940872905005
DYE605nuclshift	DYE605nuclshift	12	171.2013586944207	110.00830713879095	111.87739202988888	118.43409506743194	69.27910374429554	88.9866064931666	86.3785706034555	71.78463713558249	56.90578614898957	62.273255970344024	20.631825206635998	17.622973566140985	37.72032142207702	10.95100890365551	7.053985337280496	2.7216806627454955	1.0707888963564998	181.75731626160143	148.10830610101422	131.99493900082493	117.76855489420126	113.45344358784186	94.82715259102213	83.42566015179646	80.06998891817143	72.60652368604399	64.45917707700141	25.536500894491994	18.46501561180899	18.54711240214251	13.173483044631018	8.463456400934994	4.059080538277502	1.3089413594104986	0.28050331047699995	186.4905144905049	157.25085544567898	161.05227348704312	116.27469911338453	99.91967208970743	100.34042517835891	74.97290327211648	72.34353434921265	70.86486776270996	58.79062025518354	23.24987134868004	20.053187128383502	17.247723772824543	13.90805454937049	9.64524780338051	4.369143117161004	1.4230638400229998	0.25194136016000024	182.81796500018203	150.57997109691732	164.91576826480383	121.84956022309744	128.74802244376306	101.01829732566601	79.72727815561713	66.76732993878052	65.9044239012826	60.89834342143599	24.753474206388	20.741340517761536	17.611704291378466	13.915657852822012	9.095815426612011	4.473809436766001	1.4529934260284998	0.3081661692419999	223.9102526394048	165.59210714361612	131.62710605431286	115.97254352482953	132.47627706187257	92.66985661738339	72.48372036087146	70.90806321901138	61.277864791329506	59.9843250039515	27.25162343328751	20.716173822226025	17.799304670847018	13.436012077087492	8.77129584599351	3.6251602621159993	1.2440554552645022	0.36524209774999955	161.1918174347136	153.52963947766295	129.73056742147557	147.85655318648853	157.32317488562956	78.62777785679239	63.59203843362198	62.81084193696651	56.308929828454474	61.84448686127802	25.736719585305014	18.146204446521995	14.434429636773979	10.826360154739005	7.228767704643503	2.932304012640503	1.214308210505499	0.3473517037229997	74.66792682685404	65.70941522435852	56.906509287630065	38.04213181101401	27.343794033621997	11.161016624502507	14.160437567002509	9.448900635738504	5.5862024832060015	2.556181028784	0.9110106743465002	0.2748122441005002
DYE605nuclshift	DYE605nuclshift	13	107.35097892803556	75.79334536762052	73.9715408661195	74.70176314826602	49.697336941110194	57.027005761170834	54.15303571329032	45.90318291692872	37.65335798810728	38.96878406817199	13.751051827967993	11.914426241545515	10.95100890365551	10.942422027669254	4.998785626177752	2.1415113883352532	0.8458338611157501	112.4564267550132	93.88138205380704	83.78513329743747	74.88964590912529	70.81513487487115	60.33358358566107	53.367002405735725	50.35213679039816	45.55112978282201	40.56084034356327	16.412785751045995	12.664776607629507	12.28651665150875	9.084616573540494	5.860032874292504	2.88311326120125	1.0120539696427504	0.25287963121350043	114.0859691154776	97.72504654721438	97.03121424929655	74.00986571427974	64.42665601481634	62.87961099725455	49.458862813395655	46.83177909989377	44.841842962504934	38.041420601204194	15.483556129089981	13.534429221154229	11.802078151699753	9.531879327522743	6.489109642527749	3.0720272163554965	1.0830164625864995	0.2440896493300003	111.02480919429087	93.45120810312123	97.82128710541413	75.75338689006134	77.10791984180648	62.5436096684331	51.11514745488352	43.74327362617772	42.104169653728775	38.65384090346797	16.038668263744	13.72131056869326	11.852658213376747	9.435783491411009	6.157880915856001	3.0701429095330033	1.0685315521017493	0.25979026227099955	128.0913790502773	98.57737213930811	80.65442861018131	71.50250925587723	77.47369814122379	57.414426810204255	46.616735155148284	44.649283761318294	39.02023574917726	37.377310713938186	16.781991872356247	13.316673284512982	11.5831999205985	8.906961741106263	5.785851501859242	2.543099085308001	0.9084131722697507	0.2647493941249999	96.25902396991928	90.53908524600666	77.54255829270029	84.30168717253186	87.15508115966497	49.13551433853386	40.87308834156097	39.398407889620835	35.345809799664686	36.993530170638934	15.4226058366275	11.521833191510984	9.459761827437008	7.2253544636945035	4.737432985934253	2.033235247157752	0.8131739348652495	0.22916087343650027	44.088203279226946	38.944012464566775	33.95843247811495	24.377679641107	15.377643010411001	7.5387787009387415	8.672395951538775	6.028049002806742	3.598515865252999	1.658012151392002	0.5890845280107507	0.16882089293774966
DYE605nuclshift	DYE605nuclshift	14	67.1344658360606	46.79893429779551	46.095233568844534	46.998767512165955	30.782180831947766	35.956700219683235	34.31796966372774	29.072346245541286	23.798002810294737	24.841571848472032	8.831954060067995	7.656302041870499	7.053985337280496	4.998785626177752	4.719004864569242	1.3933901775227495	0.5559157953782492	70.53404765000083	58.795160517857	52.59812806396255	47.11517621265059	44.778585875920975	38.13227342181104	33.781230840398266	32.007437067935754	29.02045112852198	25.882739348650716	10.591481096845987	8.148210505954488	7.9358451966212415	5.871227363915498	3.8083759107675026	1.886894315288749	0.6680541840552502	0.16919478723850032	71.72440126490254	61.433571351489455	61.458042047871416	46.59388635014227	40.58598655965386	39.85867960622956	31.221346463358277	29.694957758456226	28.569121268355044	24.227376299541714	9.977121698190002	8.726735000691734	7.616077408562261	6.169298907435248	4.226938139490247	2.0136165678805	0.7165493954614996	0.1642891670300002	69.90509953654099	58.77873900440872	62.13457106315175	47.87416889064882	49.106850703881506	39.72760178288289	32.39398784440854	27.71120616644027	26.80706287274124	24.677913266967956	10.356937865344007	8.860671404980746	7.657796051989247	6.111489503860995	4.010634075156004	2.0142231580830003	0.70778124896425	0.17488019622099998	81.52356196310264	62.437680040607994	50.964204496906454	45.24140275186484	49.510711180086375	36.46548760174174	29.528457206185763	28.414553037855764	24.84938247476475	23.90615617877573	10.87137407849374	8.611266362363002	7.494463638473498	5.772165280343749	3.769905010946756	1.6663963404080013	0.6013617085322497	0.1775289653750001	60.77383329670682	57.42074206648154	49.17257455383757	53.971185090594254	56.13887630481505	31.151573229096243	25.875115107810974	25.065994653833247	22.528742715977263	23.75200964618898	10.000679857552484	7.4472133926609985	6.1093018610869985	4.673423360769501	3.0829695800717456	1.3302572368202508	0.53727872685275	0.1528739361115002	28.18810061597698	24.925194949979243	21.74609069756499	15.502354684956995	10.009719335260995	4.839241560151246	5.615237451751261	3.9002815647192524	2.3374927060029997	1.0834568266919995	0.3877628806232497	0.11200483900025011
DYE605nuclshift	DYE605nuclshift	15	21.72233808602548	18.340642807010518	16.781545226329502	15.551225242045982	13.007270278005258	12.385559418455747	11.295978009785248	10.019503399553752	8.812025301262235	8.205242712832005	3.3779584786080017	3.0112716336355	2.7216806627454955	2.1415113883352532	1.3933901775227495	1.0258046513992487	0.28227651670075016	22.14289697484825	19.57284790946703	17.622409164987523	15.896325547215515	14.537783259051013	12.956749760441012	11.645014485320747	10.658003976833246	9.637647033582	8.676056848398261	3.780264446126002	3.2949706309394986	3.0185051385337487	2.4082748546304993	1.5820349408424992	0.8232707616762494	0.33119768938775046	0.09970032504350006	21.92781018902747	19.57417235462449	18.218397959666504	15.773886671484755	14.165468870591244	13.1155594523645	11.47777784038076	10.538431465318771	9.686674332205003	8.635168805119259	3.8253090616899983	3.43497290946925	3.0771492325047567	2.5072850984677455	1.6724303446727502	0.8656146186454982	0.34848917695650045	0.10301453892999987	21.004974911270963	18.68616970969622	17.69661773222924	15.389507218236254	14.447079325176496	12.728480834673011	11.250666035813524	10.087225462622735	9.289729906753754	8.45523356810799	3.767191015463995	3.3629042024282456	3.0059598863417545	2.439065520290998	1.605327987236001	0.8320226624729994	0.32855681366674977	0.09667338795099993	20.76956042492749	17.90184922594799	15.786897113451493	14.271806879032248	13.661867829248761	11.711552326319257	10.330596832083248	9.522588335353259	8.556707232432242	7.864945393573248	3.5378374121312515	3.086684355052996	2.7588453377284963	2.2093468076812486	1.437490616074249	0.7131732780479998	0.27595045887474956	0.08139835502500015	17.508134391634265	16.053541496376507	14.308548113095254	13.768095319496764	13.068584401365014	10.207265877958758	9.04261213144099	8.328044305505749	7.5164872556697535	7.068513384858998	3.038283803077499	2.5976422015910017	2.277550581597003	1.8087574355044997	1.1586501713492494	0.5572303777027513	0.21361424756025013	0.05971066140649996	8.030728229287	7.19269337003175	6.406160703314995	5.415574168367	2.5201049206910024	1.9017794802637524	1.801631557163751	1.3759491642717516	0.8455037756930011	0.39996448985199906	0.1433157053957501	0.03736145038275005
