  13.33801  13.53465   6.02536   2.18047   0.12215  10.95801  12.59509   6.49033   2.26086   0.10530   8.68929  11.68880   6.49600   2.22571   0.09312  11.88081  14.21808   7.28022   2.49971   0.11216   9.97049  12.78196   7.16339   2.39668   0.06125   7.91164  11.96661   6.95114   2.29865   0.02476  12.69594  14.04232   7.55467   2.54609   0.09045   9.08818  12.66628   7.24885   2.39425   0.02285   7.35231  11.94260   6.97410   2.27450  -0.01208
  13.53465  19.29834   6.36088   1.43628  -0.17578   6.84718  16.87581   7.20174   1.40209  -0.27544   3.21321  14.85711   7.20610   1.28522  -0.32075   5.42079  19.64052   8.69878   1.88294  -0.24159   3.13082  16.37446   8.43200   1.63568  -0.38611  -1.03800  14.62746   8.02395   1.45787  -0.48138   7.77037  18.95738   9.24788   1.97659  -0.29275   0.19115  15.93467   8.64764   1.69022  -0.47016  -3.47543  14.42098   8.12802   1.48019  -0.55639
   6.02536   6.36088   4.79631   2.76634   0.55645   5.66918   5.85265   4.73717   2.81559   0.58539   4.76712   5.56318   4.64797   2.79262   0.58415   6.48296   6.26218   4.96372   2.89797   0.59266   5.16227   5.88417   4.82484   2.84166   0.58429   4.77856   5.69808   4.72180   2.77939   0.57168   5.79079   6.16518   4.95383   2.88935   0.58999   5.08499   5.85625   4.79495   2.79855   0.57197   4.85305   5.70644   4.68786   2.72858   0.55503
   2.18047   1.43628   2.76634   2.11641   0.55928   3.07845   1.43973   2.51702   2.14399   0.60049   3.06283   1.57815   2.42955   2.13932   0.60600   3.96668   1.23816   2.41557   2.12215   0.60197   3.36689   1.53636   2.33409   2.11174   0.61871   3.84615   1.71438   2.32244   2.08969   0.62368   2.99450   1.27723   2.29116   2.09127   0.60830   3.85173   1.59216   2.26446   2.06269   0.62275   4.35966   1.75748   2.27332   2.04160   0.62222
   0.12215  -0.17578   0.55645   0.55928   0.18528   0.48353  -0.13050   0.45277   0.55683   0.19710   0.58687  -0.04806   0.42432   0.55437   0.19837   0.71940  -0.25656   0.38801   0.54019   0.19773   0.65055  -0.10504   0.36560   0.53799   0.20326   0.87746  -0.01687   0.37086   0.53446   0.20525   0.43663  -0.23494   0.33705   0.52691   0.19986   0.84214  -0.08264   0.34065   0.52259   0.20530   1.06314  -0.00252   0.35516   0.52073   0.20557
  10.95801   6.84718   5.66918   3.07845   0.48353  14.04915   7.40127   5.72145   3.29159   0.55714  13.30957   7.66348   5.70972   3.34042   0.57882  17.26374   7.73392   5.77462   3.29558   0.54390  15.69431   8.25626   5.79932   3.34593   0.58994  15.99295   8.44296   5.78246   3.32598   0.61226  16.10059   8.08332   5.75918   3.30476   0.55718  16.89136   8.49295   5.75634   3.29209   0.60155  17.28674   8.62048   5.73182   3.25972   0.61672
  12.59509  16.87581   5.85265   1.43973  -0.13050   7.40127  14.97362   6.58905   1.44537  -0.20548   4.26488  13.33055   6.60334   1.35847  -0.23992   6.59400  17.32771   7.84329   1.84404  -0.18023   4.48402  14.67601   7.64041   1.65106  -0.29382   1.03799  13.24050   7.30397   1.50444  -0.36934   8.40092  16.81017   8.30958   1.92660  -0.22113   2.17276  14.34000   7.82011   1.69301  -0.36188  -0.84527  13.09168   7.38770   1.51757  -0.43044
   6.49033   7.20174   4.73717   2.51702   0.45277   5.72145   6.58905   4.77211   2.56786   0.47140   4.62199   6.18145   4.70079   2.54254   0.46777   6.36646   7.17352   5.09084   2.67698   0.47916   4.99120   6.59472   4.95748   2.61372   0.46234   4.33034   6.29589   4.83723   2.54719   0.44507   5.90778   7.04258   5.13152   2.67953   0.47317   4.70479   6.53996   4.95039   2.58127   0.44551   4.21665   6.29013   4.81644   2.50482   0.42521
   2.26086   1.40209   2.81559   2.14399   0.55683   3.29159   1.44537   2.56786   2.18119   0.60102   3.28756   1.60915   2.48283   2.18062   0.60793   4.25325   1.22066   2.45234   2.15413   0.60140   3.62543   1.56252   2.37785   2.14996   0.62146   4.15605   1.76188   2.37094   2.13035   0.62846   3.20522   1.27241   2.32418   2.12392   0.60879   4.15923   1.62644   2.30577   2.09997   0.62695   4.71571   1.80992   2.31987   2.08110   0.62826
   0.10530  -0.27544   0.58539   0.60049   0.19710   0.55714  -0.20548   0.47140   0.60102   0.21113   0.68611  -0.10139   0.44167   0.60015   0.21315   0.83915  -0.35825   0.39179   0.57963   0.21132   0.76602  -0.16950   0.37101   0.58021   0.21893   1.04085  -0.06156   0.37973   0.57792   0.22214   0.50492  -0.32823   0.33390   0.56524   0.21418   0.99833  -0.14102   0.34268   0.56320   0.22196   1.26411  -0.04368   0.36188   0.56276   0.22322
   8.68929   3.21321   4.76712   3.06283   0.58687  13.30957   4.26488   4.62199   3.28756   0.68611  13.31455   4.95867   4.60050   3.36030   0.71798  16.99892   4.02587   4.35951   3.18945   0.66521  15.85852   5.25766   4.43042   3.28927   0.74312  17.06026   5.82442   4.49576   3.30317   0.78578  15.30598   4.52989   4.21802   3.17488   0.68933  17.75665   5.59923   4.33457   3.21718   0.77206  18.95284   6.05541   4.41700   3.22533   0.80510
  11.68880  14.85711   5.56318   1.57815  -0.04806   7.66348  13.33055   6.18145   1.60915  -0.10139   4.95867  11.98983   6.19207   1.54306  -0.12739   7.32910  15.31812   7.22772   1.93963  -0.08222   5.37066  13.16702   7.06206   1.78560  -0.17115   2.54540  11.99386   6.78094   1.66160  -0.23130   8.65604  14.91968   7.61170   2.00864  -0.11475   3.57412  12.90992   7.20501   1.81334  -0.22652   1.11704  11.88775   6.84342   1.66391  -0.28176
   6.49600   7.20610   4.64797   2.42955   0.42432   5.70972   6.60334   4.70079   2.48283   0.44167   4.60050   6.19207   4.63579   2.45916   0.43817   6.34218   7.20141   5.02449   2.59202   0.44873   4.97865   6.61404   4.89827   2.53111   0.43187   4.29761   6.30841   4.77954   2.46625   0.41485   5.91598   7.07263   5.07249   2.59643   0.44248   4.68097   6.55908   4.89463   2.50069   0.41497   4.17173   6.30253   4.76078   2.42567   0.39516
   2.22571   1.28522   2.79262   2.13932   0.55437   3.34042   1.35847   2.54254   2.18062   0.60015   3.36030   1.54306   2.45916   2.18248   0.60790   4.33926   1.11124   2.41358   2.14856   0.59972   3.71543   1.48759   2.34412   2.14845   0.62190   4.28678   1.70437   2.34160   2.13102   0.63029   3.25427   1.17226   2.28158   2.11810   0.60772   4.28477   1.55738   2.27018   2.09785   0.62838   4.87803   1.75570   2.28933   2.08125   0.63098
   0.09312  -0.32075   0.58415   0.60600   0.19837   0.57882  -0.23992   0.46777   0.60793   0.21315   0.71798  -0.12739   0.43817   0.60790   0.21549   0.87719  -0.40235   0.38254   0.58458   0.21305   0.80467  -0.19934   0.36318   0.58656   0.22153   1.09687  -0.08405   0.37349   0.58499   0.22527   0.52635  -0.36870   0.32261   0.56994   0.21617   1.05211  -0.16841   0.33386   0.56914   0.22495   1.33383  -0.06475   0.35502   0.56947   0.22669
  11.88081   5.42079   6.48296   3.96668   0.71940  17.26374   6.59400   6.36646   4.25325   0.83915  16.99892   7.32910   6.34218   4.33926   0.87719  21.84449   6.50153   6.14688   4.16368   0.81395  20.18853   7.83412   6.22408   4.27575   0.90427  21.40245   8.42446   6.27853   4.28186   0.95293  19.82313   7.10391   6.01472   4.15423   0.84122  22.37102   8.24477   6.12326   4.18958   0.93569  23.61612   8.71084   6.19016   4.18580   0.97279
  14.21808  19.64052   6.26218   1.23816  -0.25656   7.73392  17.32771   7.17352   1.22066  -0.35825   4.02587  15.31812   7.20141   1.11124  -0.40235   6.50153  20.19940   8.70472   1.70676  -0.32702   4.18441  16.94002   8.46797   1.46935  -0.46992  -0.07672  15.17205   8.06335   1.29581  -0.56336   8.97837  19.57120   9.28974   1.80995  -0.37843   1.27961  16.52801   8.70149   1.53090  -0.55353  -2.47828  14.98713   8.17839   1.32355  -0.63735
   7.28022   8.69878   4.96372   2.41557   0.38801   5.77462   7.84329   5.09084   2.45234   0.39179   4.35951   7.22772   5.02449   2.41358   0.38254   6.14688   8.70472   5.56268   2.61137   0.40361   4.64908   7.78180   5.40693   2.52228   0.37005   3.54141   7.29747   5.24750   2.43997   0.34241   6.03449   8.50368   5.66703   2.62547   0.39195   4.01600   7.67968   5.42879   2.50088   0.34460   3.12354   7.26777   5.24370   2.40590   0.31534
   2.49971   1.88294   2.89797   2.12215   0.54019   3.29558   1.84404   2.67698   2.15413   0.57963   3.18945   1.93963   2.59202   2.14856   0.58458   4.16368   1.70676   2.61137   2.14438   0.58189   3.49194   1.93577   2.52760   2.13101   0.59627   3.87963   2.07491   2.50713   2.10561   0.59966   3.21962   1.73383   2.50284   2.11805   0.58761   3.90975   1.98309   2.46454   2.08467   0.59903   4.33755   2.11420   2.46145   2.05913   0.59714
   0.11216  -0.24159   0.59266   0.60197   0.19773   0.54390  -0.18023   0.47916   0.60140   0.21132   0.66521  -0.08222   0.44873   0.59972   0.21305   0.81395  -0.32702   0.40361   0.58189   0.21203   0.73720  -0.14850   0.38107   0.58118   0.21896   1.00072  -0.04567   0.38832   0.57810   0.22168   0.48664  -0.30015   0.34676   0.56777   0.21483   0.95778  -0.12216   0.35326   0.56448   0.22178   1.21354  -0.02911   0.37083   0.56319   0.22257
   9.97049   3.13082   5.16227   3.36689   0.65055  15.69431   4.48402   4.99120   3.62543   0.76602  15.85852   5.37066   4.97865   3.71543   0.80467  20.18853   4.18441   4.64908   3.49194   0.73720  19.10468   5.74381   4.75533   3.61785   0.83221  20.58585   6.45689   4.84924   3.64337   0.88566  18.43219   4.84090   4.48279   3.47150   0.76501  21.49953   6.18690   4.64571   3.53373   0.86741  22.94294   6.75551   4.76003   3.55386   0.90993
  12.78196  16.37446   5.88417   1.53636  -0.10504   8.25626  14.67601   6.59472   1.56252  -0.16950   5.25766  13.16702   6.61404   1.48759  -0.19934   7.83412  16.94002   7.78180   1.93577  -0.14850   5.74381  14.51376   7.60434   1.76265  -0.24991   2.51876  13.18284   7.29022   1.62576  -0.31768   9.48691  16.51024   8.22849   2.01600  -0.18591   3.70216  14.23513   7.77573   1.79930  -0.31244   0.88260  13.07105   7.36911   1.63414  -0.37412
   7.16339   8.43200   4.82484   2.33409   0.36560   5.79932   7.64041   4.95748   2.37785   0.37101   4.43042   7.06206   4.89827   2.34412   0.36318   6.22408   8.46797   5.40693   2.52760   0.38107   4.75533   7.60434   5.26525   2.44695   0.35106   3.70948   7.14810   5.11527   2.36980   0.32596   6.07766   8.28651   5.50907   2.54220   0.37031   4.17965   7.51343   5.28638   2.42601   0.32734   3.33999   7.12467   5.11112   2.33633   0.30062
   2.39668   1.63568   2.84166   2.11174   0.53799   3.34593   1.65106   2.61372   2.14996   0.58021   3.28927   1.78560   2.53111   2.14845   0.58656   4.27575   1.46935   2.52228   2.13101   0.58118   3.61785   1.76265   2.44695   2.12458   0.59927   4.08285   1.93462   2.43454   2.10307   0.60507   3.26604   1.51291   2.40584   2.10395   0.58803   4.10024   1.82042   2.38023   2.07713   0.60383   4.59753   1.97962   2.38665   2.05571   0.60416
   0.06125  -0.38611   0.58429   0.61871   0.20326   0.58994  -0.29382   0.46234   0.62146   0.21893   0.74312  -0.17115   0.43187   0.62190   0.22153   0.90427  -0.46992   0.37005   0.59627   0.21896   0.83221  -0.24991   0.35106   0.59927   0.22823   1.14697  -0.12548   0.36287   0.59814   0.23242   0.53017  -0.43293   0.30676   0.58123   0.22251   1.09613  -0.21670   0.32023   0.58132   0.23218   1.39879  -0.10503   0.34354   0.58221   0.23426
   7.91164  -1.03800   4.77856   3.84615   0.87746  15.99295   1.03799   4.33034   4.15605   1.04085  17.06026   2.54540   4.29761   4.28678   1.09687  21.40245  -0.07672   3.54141   3.87963   1.00072  20.58585   2.51876   3.70948   4.08285   1.14697  23.41465   3.78787   3.91521   4.15222   1.23159  18.51158   0.79605   3.18533   3.82712   1.04641  24.03913   3.11032   3.51301   3.96456   1.20841  26.70837   4.16403   3.77471   4.03590   1.27739
  11.96661  14.62746   5.69808   1.71438  -0.01687   8.44296  13.24050   6.29589   1.76188  -0.06156   5.82442  11.99386   6.30841   1.70437  -0.08405   8.42446  15.17205   7.29747   2.07491  -0.04567   6.45689  13.18284   7.14810   1.93462  -0.12548   3.78787  12.08429   6.88142   1.81662  -0.17996   9.62955  14.83944   7.66704   2.14188  -0.07571   4.86595  12.97032   7.28443   1.95729  -0.17700   2.55093  12.00779   6.93971   1.81411  -0.22731
   6.95114   8.02395   4.72180   2.32244   0.37086   5.78246   7.30397   4.83723   2.37094   0.37973   4.49576   6.78094   4.77954   2.34160   0.37349   6.27853   8.06335   5.24750   2.50713   0.38832   4.84924   7.29022   5.11527   2.43454   0.36287   3.91521   6.88142   4.97666   2.36245   0.34073   6.05476   7.90303   5.33587   2.51941   0.37897   4.36389   7.21287   5.13029   2.41151   0.34145   3.62398   6.86507   4.96899   2.32754   0.31742
   2.29865   1.45787   2.77939   2.08969   0.53446   3.32598   1.50444   2.54719   2.13035   0.57792   3.30317   1.66160   2.46625   2.13102   0.58499   4.28186   1.29581   2.43997   2.10561   0.57810   3.64337   1.62576   2.36980   2.10307   0.59814   4.15222   1.81662   2.36245   2.08404   0.60528   3.24516   1.34851   2.31894   2.07791   0.58549   4.16127   1.68918   2.30111   2.05510   0.60368   4.69713   1.86453   2.31345   2.03641   0.60528
   0.02476  -0.48138   0.57168   0.62368   0.20525   0.61226  -0.36934   0.44507   0.62846   0.22214   0.78578  -0.23130   0.41485   0.63029   0.22527   0.95293  -0.56336   0.34241   0.59966   0.22168   0.88566  -0.31768   0.32596   0.60507   0.23242   1.23159  -0.17996   0.34073   0.60528   0.23754   0.55224  -0.51989   0.27539   0.58411   0.22568   1.17616  -0.28013   0.29341   0.58645   0.23707   1.50714  -0.15707   0.32036   0.58880   0.23999
  12.69594   7.77037   5.79079   2.99450   0.43663  16.10059   8.40092   5.90778   3.20522   0.50492  15.30598   8.65604   5.91598   3.25427   0.52635  19.82313   8.97837   6.03449   3.21962   0.48664  18.43219   9.48691   6.07766   3.26604   0.53017  18.51158   9.62955   6.05476   3.24516   0.55224  19.26897   9.43526   6.06606   3.23165   0.49593  19.80146   9.79292   6.05731   3.21453   0.53824  19.97250   9.86045   6.01725   3.18034   0.55404
  14.04232  18.95738   6.16518   1.27723  -0.23494   8.08332  16.81017   7.04258   1.27241  -0.32823   4.52989  14.91968   7.07263   1.17226  -0.36870   7.10391  19.57120   8.50368   1.73383  -0.30015   4.84090  16.51024   8.28651   1.51291  -0.43293   0.79605  14.83944   7.90303   1.34851  -0.51989   9.43526  19.00747   9.06538   1.83358  -0.34845   2.15326  16.14064   8.51044   1.57000  -0.51158  -1.41152  14.68039   8.01292   1.37277  -0.58965
   7.55467   9.24788   4.95383   2.29116   0.33705   5.75918   8.30958   5.13152   2.32418   0.33390   4.21802   7.61170   5.07249   2.28158   0.32261   6.01472   9.28974   5.66703   2.50284   0.34676   4.48279   8.22849   5.50907   2.40584   0.30676   3.18533   7.66704   5.33587   2.31894   0.27539   6.06606   9.06538   5.80293   2.52330   0.33276   3.70561   8.10914   5.54577   2.39083   0.27802   2.63854   7.62886   5.34104   2.29001   0.24580
   2.54609   1.97659   2.88935   2.09127   0.52691   3.30476   1.92660   2.67953   2.12392   0.56524   3.17488   2.00864   2.59643   2.11810   0.56994   4.15423   1.80995   2.62547   2.11805   0.56777   3.47150   2.01600   2.54220   2.10395   0.58123   3.82712   2.14188   2.51941   2.07791   0.58411   3.23165   1.83358   2.52330   2.09353   0.57325   3.86334   2.06044   2.48216   2.05921   0.58361   4.26174   2.17969   2.47558   2.03270   0.58134
   0.09045  -0.29275   0.58999   0.60830   0.19986   0.55718  -0.22113   0.47317   0.60879   0.21418   0.68933  -0.11475   0.44248   0.60772   0.21617   0.84122  -0.37843   0.39195   0.58761   0.21483   0.76501  -0.18591   0.37031   0.58803   0.22251   1.04641  -0.07571   0.37897   0.58549   0.22568   0.49593  -0.34845   0.33276   0.57325   0.21797   0.99947  -0.15749   0.34142   0.57096   0.22577   1.27171  -0.05804   0.36084   0.57028   0.22694
   9.08818   0.19115   5.08499   3.85173   0.84214  16.89136   2.17276   4.70479   4.15923   0.99833  17.75665   3.57412   4.68097   4.28477   1.05211  22.37102   1.27961   4.01600   3.90975   0.95778  21.49953   3.70216   4.17965   4.10024   1.09613  24.03913   4.86595   4.36389   4.16127   1.17616  19.80146   2.15326   3.70561   3.86334   0.99947  24.84948   4.29397   4.00307   3.98618   1.15223  27.25316   5.24941   4.23411   4.04727   1.21745
  12.66628  15.93467   5.85625   1.59216  -0.08264   8.49295  14.34000   6.53996   1.62644  -0.14102   5.59923  12.90992   6.55908   1.55738  -0.16841   8.24477  16.52801   7.67968   1.98309  -0.12216   6.18690  14.23513   7.51343   1.82042  -0.21670   3.11032  12.97032   7.21287   1.68918  -0.28013   9.79292  16.14064   8.10914   2.06044  -0.15749   4.29397  13.98548   7.67755   1.85337  -0.27597   1.60759  12.87646   7.28775   1.69456  -0.33386
   7.24885   8.64764   4.79495   2.26446   0.34065   5.75634   7.82011   4.95039   2.30577   0.34268   4.33457   7.20501   4.89463   2.27018   0.33386   6.12326   8.70149   5.42879   2.46454   0.35326   4.64571   7.77573   5.28638   2.38023   0.32023   3.51301   7.28443   5.13029   2.30111   0.29341   6.05731   8.51044   5.54577   2.48216   0.34142   4.00307   7.67755   5.31480   2.36253   0.29503   3.08277   7.25752   5.13075   2.27035   0.26697
   2.39425   1.69022   2.79855   2.06269   0.52259   3.29209   1.69301   2.58127   2.09997   0.56320   3.21718   1.81334   2.50069   2.09785   0.56914   4.18958   1.53090   2.50088   2.08467   0.56448   3.53373   1.79930   2.42601   2.07713   0.58132   3.96456   1.95729   2.41151   2.05510   0.58645   3.21453   1.57000   2.39083   2.05921   0.57096   3.98618   1.85337   2.36253   2.03148   0.58539   4.45119   2.00011   2.36573   2.00934   0.58523
   0.02285  -0.47016   0.57197   0.62275   0.20530   0.60155  -0.36188   0.44551   0.62695   0.22196   0.77206  -0.22652   0.41497   0.62838   0.22495   0.93569  -0.55353   0.34460   0.59903   0.22178   0.86741  -0.31244   0.32734   0.60383   0.23218   1.20841  -0.17700   0.34145   0.60368   0.23707   0.53824  -0.51158   0.27802   0.58361   0.22577   1.15223  -0.27597   0.29503   0.58539   0.23676   1.47880  -0.15481   0.32126   0.58736   0.23945
   7.35231  -3.47543   4.85305   4.35966   1.06314  17.28674  -0.84527   4.21665   4.71571   1.26411  18.95284   1.11704   4.17173   4.87803   1.33383  23.61612  -2.47828   3.12354   4.33755   1.21354  22.94294   0.88260   3.33999   4.59753   1.39879  26.70837   2.55093   3.62398   4.69713   1.50714  19.97250  -1.41152   2.63854   4.26174   1.27171  27.25316   1.60759   3.08277   4.45119   1.47880  30.77686   3.00397   3.44613   4.55738   1.56790
  11.94260  14.42098   5.70644   1.75748  -0.00252   8.62048  13.09168   6.29013   1.80992  -0.04368   6.05541  11.88775   6.30253   1.75570  -0.06475   8.71084  14.98713   7.26777   2.11420  -0.02911   6.75551  13.07105   7.12467   1.97962  -0.10503   4.16403  12.00779   6.86507   1.86453  -0.15707   9.86045  14.68039   7.62886   2.17969  -0.05804   5.24941  12.87646   7.25752   2.00011  -0.15481   3.00397  11.94293   6.92146   1.86019  -0.20299
   6.97410   8.12802   4.68786   2.27332   0.35516   5.73182   7.38770   4.81644   2.31987   0.36188   4.41700   6.84342   4.76078   2.28933   0.35502   6.19016   8.17839   5.24370   2.46145   0.37083   4.76003   7.36911   5.11112   2.38665   0.34354   3.77471   6.93971   4.96899   2.31345   0.32036   6.01725   8.01292   5.34104   2.47558   0.36084   4.23411   7.28775   5.13075   2.36573   0.32126   3.44613   6.92146   4.96435   2.28037   0.29642
   2.27450   1.48019   2.72858   2.04160   0.52073   3.25972   1.51757   2.50482   2.08110   0.56276   3.22533   1.66391   2.42567   2.08125   0.56947   4.18580   1.32355   2.40590   2.05913   0.56319   3.55386   1.63414   2.33633   2.05571   0.58221   4.03590   1.81411   2.32754   2.03641   0.58880   3.18034   1.37277   2.29001   2.03270   0.57028   4.04727   1.69456   2.27035   2.00934   0.58736   4.55738   1.86019   2.28037   1.99024   0.58858
  -0.01208  -0.55639   0.55503   0.62222   0.20557   0.61672  -0.43044   0.42521   0.62826   0.22322   0.80510  -0.28176   0.39516   0.63098   0.22669   0.97279  -0.63735   0.31534   0.59714   0.22257   0.90993  -0.37412   0.30062   0.60416   0.23426   1.27739  -0.22731   0.31742   0.60528   0.23999   0.55404  -0.58965   0.24580   0.58134   0.22694   1.21745  -0.33386   0.26697   0.58523   0.23945   1.56790  -0.20299   0.29642   0.58858   0.24291
