   0.00000   0.00000   0.00000   0.00000   0.00000   0.00000   0.00000   0.00000   0.00000   0.00000   0.00000   0.00000   0.00000   0.00000   0.00000   0.00000   0.00000   0.00000   0.00000   0.00000   0.00000   0.00000   0.00000   0.00000   0.00000   0.00000   0.00000   0.00000   0.00000   0.00000   0.00000   0.00000   0.00000   0.00000   0.00000   0.00000   0.00000   0.00000   0.00000   0.00000   0.00000   0.00000   0.00000   0.00000   0.00000
   0.00000   9.95295  14.74531   8.90418   2.88000  -0.38178  13.65907  13.48643   8.81923   3.02039  -0.92136  10.79049  12.51486   8.57272   2.97658  -1.25111  15.91224  15.34081   9.82713   3.32475  -2.23980  11.39079  13.68858   9.35281   3.21028  -5.14922   9.17839  12.76011   8.99212   3.09386  -4.20192  13.57461  15.07862  10.06221   3.43197  -5.71940   9.78053  13.51348   9.45695   3.22332  -7.71567   8.09820  12.65599   9.05430   3.08225
   0.00000  14.74531  24.71705  15.05518   5.01524  -7.86267  20.84485  21.96624  14.66362   5.20125  -7.67636  15.42405  20.03681  14.13190   5.09168 -10.89606  24.70309  25.27058  16.50447   5.77860 -11.09519  16.07472  22.00552  15.51434   5.52610 -16.35359  11.87949  20.22978  14.82147   5.29906 -16.23763  20.06414  24.60488  16.86420   5.96065 -18.08037  12.82435  21.59503  15.69244   5.55439 -21.77331   9.63473  19.98891  14.94212   5.29001
   0.00000   8.90418  15.05518   9.44041   3.34827  -4.33379  12.53253  13.34374   9.16079   3.44963  -4.34180   9.32887  12.17792   8.82687   3.37793  -6.10641  14.79773  15.28774  10.25393   3.79484  -6.36845   9.70705  13.32900   9.63985   3.63325  -9.46088   7.24790  12.27390   9.21919   3.49078  -9.35426  12.04588  14.86058  10.43991   3.89212 -10.48716   7.80207  13.07331   9.72929   3.63785 -12.65325   5.94023  12.12764   9.27814   3.47272
   0.00000   2.88000   5.01524   3.34827   1.35370  -1.11540   4.05688   4.41572   3.21937   1.37525  -1.19756   3.05645   4.03310   3.09885   1.34623  -1.64120   4.76034   5.01906   3.56509   1.48643  -1.80834   3.17793   4.38655   3.34969   1.42458  -2.76793   2.42434   4.05313   3.20958   1.37308  -2.70179   3.90065   4.86385   3.60232   1.50760  -3.07299   2.60086   4.29955   3.36601   1.41618  -3.74461   2.03512   4.00632   3.21930   1.35743
   0.00000  -0.38178  -7.86267  -4.33379  -1.11540  29.54431  -0.33173  -5.23289  -3.68033  -1.12148  25.63074   3.66890  -3.69480  -3.20408  -1.00694  36.78938  -1.58621  -6.94615  -4.77639  -1.53903  32.30598   5.09289  -4.32538  -3.94296  -1.32654  35.04024   8.25968  -3.01828  -3.46348  -1.17593  40.61203   2.86841  -6.00666  -4.89329  -1.67867  39.18805   8.49649  -3.74298  -4.06712  -1.41478  41.18259  10.86561  -2.63582  -3.59054  -1.26089
   0.00000  13.65907  20.84485  12.53253   4.05688  -0.33173  19.41703  19.01817  12.37460   4.23808  -1.01517  15.30312  17.62303  12.01143   4.16978  -1.39849  22.76454  21.71890  13.82962   4.67485  -2.56856  16.28455  19.34698  13.13373   4.50175  -6.86388  13.09552  18.01221  12.61237   4.33337  -5.38568  19.51473  21.38092  14.16637   4.82236  -7.45061  14.05282  19.12804  13.28794   4.51925 -10.45590  11.61015  17.88795  12.70814   4.31722
   0.00000  13.48643  21.96624  13.34374   4.41572  -5.23289  19.01817  19.67546  13.05286   4.58961  -5.32881  14.34329  18.03214  12.60907   4.50044  -7.52029  22.45211  22.57694  14.65518   5.08507  -8.03595  15.03413  19.79378  13.82223   4.87420 -12.64267  11.41943  18.26727  13.22775   4.68024 -12.14893  18.52316  22.04915  14.98537   5.24416 -13.96066  12.29932  19.46576  13.98131   4.89648 -17.19075   9.54813  18.07619  13.33257   4.66858
   0.00000   8.81923  14.66362   9.16079   3.21937  -3.68033  12.37460  13.05286   8.91388   3.32312  -3.76860   9.29699  11.94065   8.60025   3.25700  -5.28225  14.58298  14.93725   9.96886   3.65348  -5.65027   9.69987  13.06720   9.38919   3.50215  -8.64164   7.33780  12.05506   8.98705   3.36674  -8.41355  11.96081  14.54272  10.15705   3.74880  -9.58132   7.88935  12.82998   9.47829   3.50686 -11.67347   6.10004  11.91983   9.04485   3.34902
   0.00000   3.02039   5.20125   3.44963   1.37525  -1.12148   4.23808   4.58961   3.32312   1.39985  -1.20993   3.20055   4.19533   3.20061   1.37085  -1.65961   4.97020   5.21713   3.68185   1.51477  -1.84228   3.32912   4.56428   3.46206   1.45239  -2.83872   2.54640   4.21895   3.31779   1.39985  -2.75974   4.07952   5.05935   3.72362   1.53806  -3.15444   2.72982   4.47512   3.48040   1.44474  -3.85049   2.14188   4.17071   3.32874   1.38458
   0.00000  -0.92136  -7.67636  -4.34180  -1.19756  25.63074  -1.01517  -5.32881  -3.76860  -1.20993  22.44317   2.59673  -3.94870  -3.34475  -1.10892  32.05186  -2.15977  -6.87917  -4.75621  -1.58201  28.45679   3.85866  -4.52849  -4.01164  -1.39237  30.94372   6.69676  -3.35604  -3.58032  -1.25611  35.78549   1.86619  -6.03046  -4.85758  -1.70369  34.66052   6.90945  -3.99979  -4.11463  -1.46452  36.44673   9.02312  -3.00635  -3.68484  -1.32395
   0.00000  10.79049  15.42405   9.32887   3.05645   3.66890  15.30312  14.34329   9.29699   3.20055   2.59673  12.59437  13.45181   9.07639   3.16282   3.78579  17.76701  16.24084  10.29549   3.48805   2.23511  13.55281  14.72585   9.86150   3.38125  -0.77484  11.46448  13.85031   9.51587   3.26908   1.13635  15.79560  16.10043  10.54563   3.58576  -0.70079  12.24722  14.63063   9.96594   3.38293  -2.79393  10.64171  13.80263   9.57357   3.24453
   0.00000  12.51486  20.03681  12.17792   4.03310  -3.69480  17.62303  18.03214  11.94065   4.19533  -3.94870  13.45181  16.57593  11.55126   4.11819  -5.53364  20.75000  20.65040  13.37891   4.63619  -6.21293  14.14574  18.18391  12.64480   4.45080 -10.36588  10.92470  16.82463  12.11508   4.27798  -9.68528  17.28607  20.20312  13.68166   4.77812 -11.43397  11.74807  17.90482  12.78765   4.46801 -14.34218   9.29564  16.66304  12.20719   4.26385
   0.00000   8.57272  14.13190   8.82687   3.09885  -3.20408  12.01143  12.60907   8.60025   3.20061  -3.34475   9.07639  11.55126   8.30401   3.13863  -4.66968  14.13607  14.41519   9.60899   3.51487  -5.09734   9.48426  12.63662   9.06013   3.37188  -7.96205   7.23348  11.67207   8.67716   3.24304  -7.66800  11.64804  14.04568   9.79168   3.60577  -8.82782   7.77126  12.41437   9.14552   3.37546 -10.82981   6.06623  11.54585   8.73183   3.22487
   0.00000   2.97658   5.09168   3.37793   1.34623  -1.00694   4.16978   4.50044   3.25700   1.37085  -1.10892   3.16282   4.11819   3.13863   1.34295  -1.51348   4.88464   5.11155   3.60585   1.48218  -1.71265   3.29330   4.47880   3.39325   1.42191  -2.68234   2.53439   4.14375   3.25326   1.37094  -2.58600   4.02308   4.95961   3.64690   1.50469  -2.98145   2.71515   4.39303   3.41096   1.41412  -3.65819   2.14523   4.09752   3.26360   1.35564
   0.00000  -1.25111 -10.89606  -6.10641  -1.64120  36.78938  -1.39849  -7.52029  -5.28225  -1.65961  32.05186   3.78579  -5.53364  -4.66968  -1.51348  45.94638  -3.07601  -9.76441  -6.71332  -2.20191  40.57101   5.56823  -6.37974  -5.63871  -1.92854  44.15915   9.65990  -4.68792  -5.01512  -1.73169  51.08750   2.68145  -8.55507  -6.86759  -2.38313  49.44208   9.95201  -5.62653  -5.79465  -2.03824  52.02787  13.00767  -4.19177  -5.17257  -1.83523
   0.00000  15.91224  24.70309  14.79773   4.76034  -1.58621  22.76454  22.45211  14.58298   4.97020  -2.15977  17.76701  20.75000  14.13607   4.88464  -3.07601  26.79049  25.71479  16.34436   5.50143  -4.15614  18.90538  22.82092  15.49159   5.28844  -9.34939  15.01880  21.19619  14.85856   5.08471  -7.79720  22.82741  25.29749  16.75152   5.68098 -10.14240  16.16687  22.55375  15.68382   5.31422 -13.79752  13.18481  21.04576  14.98181   5.07120
   0.00000  15.34081  25.27058  15.28774   5.01906  -6.94615  21.71890  22.57694  14.93725   5.21713  -6.87917  16.24084  20.65040  14.41519   5.11155  -9.76441  25.71479  25.96576  16.81106   5.79873 -10.13706  17.01092  22.70125  15.83301   5.55110 -15.51948  12.76377  20.91125  15.13745   5.32503 -15.10983  21.09758  25.34813  17.20037   5.98735 -17.12812  13.78149  22.31777  16.02509   5.58217 -20.91437  10.54485  20.68785  15.26683   5.31739
   0.00000   9.82713  16.50447  10.25393   3.56509  -4.77639  13.82962  14.65518   9.96886   3.68185  -4.75621  10.29549  13.37891   9.60899   3.60585  -6.71332  16.34436  16.81106  11.17766   4.06210  -6.98277  10.72784  14.66287  10.51305   3.88913 -10.40556   8.00665  13.49991  10.05264   3.73499 -10.26157  13.32069  16.35907  11.39757   4.17439 -11.53426   8.62725  14.39037  10.62025   3.89908 -13.93388   6.56321  13.34396  10.12413   3.71984
   0.00000   3.32475   5.77860   3.79484   1.48643  -1.53903   4.67485   5.08507   3.65348   1.51477  -1.58201   3.48805   4.63619   3.51487   1.48218  -2.20191   5.50143   5.79873   4.06210   1.64666  -2.33959   3.61904   5.05339   3.81316   1.57673  -3.47302   2.71873   4.65847   3.64943   1.51778  -3.43961   4.47460   5.61959   4.11316   1.67572  -3.86006   2.92019   4.95099   3.83707   1.57109  -4.65296   2.24262   4.60220   3.66474   1.50367
   0.00000  -2.23980 -11.09519  -6.36845  -1.80834  32.30598  -2.56856  -8.03595  -5.65027  -1.84228  28.45679   2.23511  -6.21293  -5.09734  -1.71265  40.57101  -4.15614 -10.13706  -6.98277  -2.33959  36.35708   3.83134  -7.03397  -6.00798  -2.09296  39.71476   7.59381  -5.47714  -5.43291  -1.91068  45.76380   1.17369  -9.03361  -7.13302  -2.50529  44.59764   7.85247  -6.34249  -6.14594  -2.18559  46.97293  10.64927  -5.01881  -5.56834  -1.99473
   0.00000  11.39079  16.07472   9.70705   3.17793   5.09289  16.28455  15.03413   9.69987   3.32912   3.85866  13.55281  14.14574   9.48426   3.29330   5.56823  18.90538  17.01092  10.72784   3.61904   3.83134  14.67931  15.50217  10.29933   3.51333   0.69846  12.56903  14.61825   9.94971   3.40025   3.01480  17.02003  16.91925  10.99752   3.71772   1.00493  13.45095  15.43961  10.41174   3.51249  -1.19092  11.81909  14.59526  10.01146   3.37183
   0.00000  13.68858  22.00552  13.32900   4.38655  -4.32538  19.34698  19.79378  13.06720   4.56428  -4.52849  14.72585  18.18391  12.63662   4.47880  -6.37974  22.82092  22.70125  14.66287   5.05339  -7.03397  15.50217  19.97377  13.85144   4.84845 -11.64438  11.92544  18.46767  13.26534   4.65790 -10.91381  18.99595  22.21979  15.00475   5.21243 -12.82947  12.84829  19.67374  14.01562   4.87042 -16.06888  10.12054  18.29508  13.37292   4.64552
   0.00000   9.35281  15.51434   9.63985   3.34969  -3.94296  13.13373  13.82223   9.38919   3.46206  -4.01164   9.86150  12.64480   9.06013   3.39325  -5.63871  15.49159  15.83301  10.51305   3.81316  -6.00798  10.29933  13.85144   9.90348   3.65489  -9.19594   7.78261  12.77556   9.47779   3.51251  -8.94163  12.71226  15.42544  10.72178   3.91718 -10.19431   8.37609  13.60572  10.00355   3.66268 -12.42696   6.46700  12.63582   9.54344   3.49645
   0.00000   3.21028   5.52610   3.63325   1.42458  -1.32654   4.50175   4.87420   3.50215   1.45239  -1.39237   3.38125   4.45080   3.37188   1.42191  -1.92854   5.28844   5.55110   3.88913   1.57673  -2.09296   3.51333   4.84845   3.65489   1.51099  -3.16671   2.66458   4.47568   3.50020   1.45525  -3.10511   4.32306   5.38349   3.93791   1.60399  -3.52153   2.85872   4.75279   3.67722   1.50502  -4.27158   2.22023   4.42339   3.51415   1.44113
   0.00000  -5.14922 -16.35359  -9.46088  -2.76793  35.04024  -6.86388 -12.64267  -8.64164  -2.83872  30.94372  -0.77484 -10.36588  -7.96205  -2.68234  44.15915  -9.34939 -15.51948 -10.40556  -3.47302  39.71476   0.69846 -11.64438  -9.19594  -3.16671  44.32088   5.47266  -9.66661  -8.45907  -2.93300  50.51785  -2.91458 -14.26791 -10.64608  -3.68463  49.65911   5.51400 -10.86115  -9.38415  -3.27269  52.92845   9.08708  -9.15398  -8.63190  -3.02299
   0.00000   9.17839  11.87949   7.24790   2.42434   8.25968  13.09552  11.41943   7.33780   2.54640   6.69676  11.46448  10.92470   7.23348   2.53439   9.65990  15.01880  12.76377   8.00665   2.71873   7.59381  12.56903  11.92544   7.78261   2.66458   5.47266  11.32485  11.40193   7.57059   2.59525   8.13005  14.13104  12.82265   8.20582   2.77728   6.29269  12.06748  11.95741   7.85388   2.65005   4.81629  11.09607  11.43727   7.60061   2.55886
   0.00000  12.76011  20.22978  12.27390   4.05313  -3.01828  18.01221  18.26727  12.05506   4.21895  -3.35604  13.85031  16.82463  11.67207   4.14375  -4.68792  21.19619  20.91125  13.49991   4.65847  -5.47714  14.61825  18.46767  12.77556   4.47568  -9.66661  11.40193  17.11330  12.24776   4.30386  -8.79410  17.78824  20.49633  13.81342   4.80104 -10.63724  12.26726  18.20866  12.92325   4.49240 -13.57773   9.81400  16.96552  12.34262   4.28868
   0.00000   8.99212  14.82147   9.21919   3.20958  -3.46348  12.61237  13.22775   8.98705   3.31779  -3.58032   9.51587  12.11508   8.67716   3.25326  -5.01512  14.85856  15.13745  10.05264   3.64943  -5.43291   9.94971  13.26534   9.47779   3.50020  -8.45907   7.57059  12.24776   9.07500   3.36539  -8.15364  12.23865  14.75591  10.25139   3.74732  -9.37707   8.14181  13.03547   9.57197   3.50625 -11.49492   6.33741  12.11749   9.13609   3.34854
   0.00000   3.09386   5.29906   3.49078   1.37308  -1.17593   4.33337   4.68024   3.36674   1.39985  -1.25611   3.26908   4.27798   3.24304   1.37094  -1.73169   5.08471   5.32503   3.73499   1.51778  -1.91068   3.40025   4.65790   3.51251   1.45525  -2.93300   2.59525   4.30386   3.36539   1.40214  -2.85478   4.17070   5.16636   3.78113   1.54324  -3.26196   2.78255   4.56758   3.53324   1.44890  -3.97560   2.17722   4.25474   3.37808   1.38794
   0.00000  -4.20192 -16.23763  -9.35426  -2.70179  40.61203  -5.38568 -12.14893  -8.41355  -2.75974  35.78549   1.13635  -9.68528  -7.66800  -2.58600  51.08750  -7.79720 -15.10983 -10.26157  -3.43961  45.76380   3.01480 -10.91381  -8.94163  -3.10511  50.51785   8.13005  -8.79410  -8.15364  -2.85478  57.97862  -0.72334 -13.67418 -10.48367  -3.66515  56.63564   8.33988 -10.01331  -9.13167  -3.22516  59.99790  12.15580  -8.19990  -8.33517  -2.96090
   0.00000  13.57461  20.06414  12.04588   3.90065   2.86841  19.51473  18.52316  11.96081   4.07952   1.86619  15.79560  17.28607  11.64804   4.02308   2.68145  22.82741  21.09758  13.32069   4.47460   1.17369  17.02003  18.99595  12.71226   4.32306  -2.91458  14.13104  17.78824  12.23865   4.17070  -0.72334  20.09960  20.89526  13.66129   4.60868  -2.95547  15.18560  18.86569  12.86491   4.33295  -5.84189  12.95497  17.72603  12.33069   4.14743
   0.00000  15.07862  24.60488  14.86058   4.86385  -6.00666  21.38092  22.04915  14.54272   5.05935  -6.03046  16.10043  20.20312  14.04568   4.95961  -8.55507  25.29749  25.34813  16.35907   5.61959  -9.03361  16.91925  22.21979  15.42544   5.38349 -14.26791  12.82265  20.49633  14.75591   5.16636 -13.67418  20.89526  24.78524  16.74678   5.80270 -15.72425  13.84758  21.87004  15.61619   5.41319 -19.41211  10.72124  20.29465  14.88385   5.15805
   0.00000  10.06221  16.86420  10.43991   3.60232  -4.89329  14.16637  14.98537  10.15705   3.72362  -4.85758  10.54563  13.68166   9.79168   3.64690  -6.86759  16.75152  17.20037  11.39757   4.11316  -7.13302  10.99752  15.00475  10.72178   3.93791 -10.64608   8.20582  13.81342  10.25139   3.78113 -10.48367  13.66129  16.74678  11.62958   4.23022 -11.80041   8.84791  14.73086  10.83568   3.95011 -14.26549   6.72840  13.65703  10.32781   3.76756
   0.00000   3.43197   5.96065   3.89212   1.50760  -1.67867   4.82236   5.24416   3.74880   1.53806  -1.70369   3.58576   4.77812   3.60577   1.50469  -2.38313   5.68098   5.98735   4.17439   1.67572  -2.50529   3.71772   5.21243   3.91718   1.60399  -3.68463   2.77728   4.80104   3.74732   1.54324  -3.66515   4.60868   5.80270   4.23022   1.70751  -4.09763   2.98447   5.10620   3.94388   1.59971  -4.92250   2.27605   4.74231   3.76476   1.53018
   0.00000  -5.71940 -18.08037 -10.48716  -3.07299  39.18805  -7.45061 -13.96066  -9.58132  -3.15444  34.66052  -0.70079 -11.43397  -8.82782  -2.98145  49.44208 -10.14240 -17.12812 -11.53426  -3.86006  44.59764   1.00493 -12.82947 -10.19431  -3.52153  49.65911   6.29269 -10.63724  -9.37707  -3.26196  56.63564  -2.95547 -15.72425 -11.80041  -4.09763  55.73393   6.38574 -11.94906 -10.40253  -3.64083  59.30683  10.33658 -10.05966  -9.56834  -3.36307
   0.00000   9.78053  12.82435   7.80207   2.60086   8.49649  14.05282  12.29932   7.88935   2.72982   6.90945  12.24722  11.74807   7.77126   2.71515   9.95201  16.16687  13.78149   8.62725   2.92019   7.85247  13.45095  12.84829   8.37609   2.85872   5.51400  12.06748  12.26726   8.14181   2.78255   8.33988  15.18560  13.84758   8.84791   2.98447   6.38574  12.89124  12.88708   8.45844   2.84448   4.74068  11.80757  12.31003   8.17946   2.74496
   0.00000  13.51348  21.59503  13.07331   4.29955  -3.74298  19.12804  19.46576  12.82998   4.47512  -3.99979  14.63063  17.90482  12.41437   4.39303  -5.62653  22.55375  22.31777  14.39037   4.95099  -6.34249  15.43961  19.67374  13.60572   4.75279 -10.86115  11.95741  18.20866  13.03547   4.56758 -10.01331  18.86569  21.87004  14.73086   5.10620 -11.94906  12.88708  19.39524  13.76897   4.77354 -15.12917  10.22836  18.05043  13.14214   4.55444
   0.00000   9.45695  15.69244   9.72929   3.36601  -4.06712  13.28794  13.98131   9.47829   3.48040  -4.11463   9.96594  12.78765   9.14552   3.41096  -5.79465  15.68382  16.02509  10.62025   3.83707  -6.14594  10.41174  14.01562  10.00355   3.67722  -9.38415   7.85388  12.92325   9.57197   3.53324  -9.13167  12.86491  15.61619  10.83568   3.94388 -10.40253   8.45844  13.76897  10.10766   3.68651 -12.67239   6.51682  12.78322   9.64078   3.51837
   0.00000   3.22332   5.55439   3.63785   1.41618  -1.41478   4.51925   4.89648   3.50686   1.44474  -1.46452   3.38293   4.46801   3.37546   1.41412  -2.03824   5.31422   5.58217   3.89908   1.57109  -2.18559   3.51249   4.87042   3.66268   1.50502  -3.27269   2.65005   4.49240   3.50625   1.44890  -3.22516   4.33295   5.41319   3.95011   1.59971  -3.64083   2.84448   4.77354   3.68651   1.50010  -4.40026   2.19524   4.43918   3.52144   1.43575
   0.00000  -7.71567 -21.77331 -12.65325  -3.74461  41.18259 -10.45590 -17.19075 -11.67347  -3.85049  36.44673  -2.79393 -14.34218 -10.82981  -3.65819  52.02787 -13.79752 -20.91437 -13.93388  -4.65296  46.97293  -1.19092 -16.06888 -12.42696  -4.27158  52.92845   4.81629 -13.57773 -11.49492  -3.97560  59.99790  -5.84189 -19.41211 -14.26549  -4.92250  59.30683   4.74068 -15.12917 -12.67239  -4.40026  63.53033   9.24582 -12.96640 -11.71426  -4.08100
   0.00000   8.09820   9.63473   5.94023   2.03512  10.86561  11.61015   9.54813   6.10004   2.14188   9.02312  10.64171   9.29564   6.06623   2.14523  13.00767  13.18481  10.54485   6.56321   2.24262  10.64927  11.81909  10.12054   6.46700   2.22023   9.08708  11.09607   9.81400   6.33741   2.17722  12.15580  12.95497  10.72124   6.72840   2.27605  10.33658  11.80757  10.22836   6.51682   2.19524   9.24582  11.22877   9.89895   6.34992   2.13323
   0.00000  12.65599  19.98891  12.12764   4.00632  -2.63582  17.88795  18.07619  11.91983   4.17071  -3.00635  13.80263  16.66304  11.54585   4.09752  -4.19177  21.04576  20.68785  13.34396   4.60220  -5.01881  14.59526  18.29508  12.63582   4.42339  -9.15398  11.43727  16.96552  12.11749   4.25474  -8.19990  17.72603  20.29465  13.65703   4.74231 -10.05966  12.31003  18.05043  12.78322   4.43918 -12.96640   9.89895  16.82773  12.21203   4.23888
   0.00000   9.05430  14.94212   9.27814   3.21930  -3.59054  12.70814  13.33257   9.04485   3.32874  -3.68484   9.57357  12.20719   8.73183   3.26360  -5.17257  14.98181  15.26683  10.12413   3.66474  -5.56834  10.01146  13.37292   9.54344   3.51415  -8.63190   7.60061  12.34262   9.13609   3.37808  -8.33517  12.33069  14.88385  10.32781   3.76476  -9.56834   8.17946  13.14214   9.64078   3.52144 -11.71426   6.34992  12.21203   9.19972   3.36228
   0.00000   3.08225   5.29001   3.47272   1.35743  -1.26089   4.31722   4.66858   3.34902   1.38458  -1.32395   3.24453   4.26385   3.22487   1.35564  -1.83523   5.07120   5.31739   3.71984   1.50367  -1.99473   3.37183   4.64552   3.49645   1.44113  -3.02299   2.55886   4.28868   3.34854   1.38794  -2.96090   4.14743   5.15805   3.76756   1.53018  -3.36307   2.74496   4.55444   3.51837   1.43575  -4.08100   2.13323   4.23888   3.36228   1.37471
