 SetDesc: "set generated with APFEL - EPPS16nlo_CT14nlo_Fe56_bd"
 Authors: V. Bertone, S. Carrazza, J. Rojo
 Reference: ArXiv:1310.1394
 Format: lhagrid1
 DataVersion: 1
 NumMembers:          97
 Particle: 2212
 Flavors: [ -5, -4, -3, -2, -1, 21,  1,  2,  3,  4,  5]
 OrderQCD:           1
 FlavorScheme: variable
 NumFlavors:            5
 ErrorType: replicas
 XMin:   1.0000000000000001E-005
 XMax:   1.0000000000000000     
 QMin:   1.0000000000500000     
 QMax:   316.22776285456024     
 MZ:   91.187600000000003     
 MUp: 0
 MDown: 0
 MStrange: 0
 MCharm:   1.3000000000000000     
 MBottom:   4.7500000000000000     
 MTop:   172.00000000000000     
 ThresholdCharm:   1.3000000000000000     
 ThresholdBottom:   4.7500000000000000     
 ThresholdTop:   319.22776285456024     
 AlphaS_MZ:  0.11799999999999999     
 AlphaS_OrderQCD:           1
 AlphaS_Type: ipol
 AlphaS_Qs: [   1.0000000000500000      ,   1.0501146185291783      ,   1.1046444104904334      ,   1.1640826282105659      ,   1.2289889720926521      ,   1.3000000000000000      ,   1.3000000000000000      ,   1.3815691228669538      ,   1.4715582142568788      ,   1.5710638979147571      ,   1.6813540050867761      ,   1.8038985373492002      ,   1.9404069738074381      ,   2.0928733729293425      ,   2.2636310848847541      ,   2.4554193566149185      ,   2.6714647090775290      ,   2.9155807340534032      ,   3.1922909494952303      ,   3.5069806382869921      ,   3.8660852701633095      ,   4.2773252979632872      ,   4.7499999999999991      ,   4.7499999999999991      ,   5.2605331202663894      ,   5.8465962583965858      ,   6.5217919659839891      ,   7.3025815442426625      ,   8.2089683671288860      ,   9.2653638118096708      ,   10.501689682810682      ,   11.954788411372601      ,   13.670235804389065      ,   15.704683014988062      ,   18.128897954229483      ,   21.031736150725223      ,   24.525353624300916      ,   28.752089023472301      ,   33.893602559099705      ,   40.183084687246861      ,   47.921666574033765      ,   57.500619029400234      ,   69.431578855792893      ,   84.387983880887305      ,   103.26226916169372      ,   127.24538700314245      ,   157.93818278560931      ,   197.50857936437333      ,   248.91515774552144      ,   316.22776285456041      ]
 AlphaS_Vals: [  0.44914890515228623      ,  0.43216379661893678      ,  0.41599958452096586      ,  0.40059914592772450      ,  0.38591091167699648      ,  0.37188818248861094      ,  0.37188818113755795      ,  0.35917586156618531      ,  0.34694224772357335      ,  0.33516445150951452      ,  0.32382111197717678      ,  0.31289226133541220      ,  0.30235920461080668      ,  0.29220441185935264      ,  0.28241142141838316      ,  0.27296475289451982      ,  0.26384982875755247      ,  0.25505290355845839      ,  0.24656099991643024      ,  0.23836185052823322      ,  0.23044384554636177      ,  0.22279598475265142      ,  0.21540783403830549      ,  0.21540783400959607      ,  0.20931284506053874      ,  0.20337213730212031      ,  0.19758253715326676      ,  0.19194090944678074      ,  0.18644415792340960      ,  0.18108922566827942      ,  0.17587309550539459      ,  0.17079279035206110      ,  0.16584537353491191      ,  0.16102794906905979      ,  0.15633766190176593      ,  0.15177169812189595      ,  0.14732728513633847      ,  0.14300169181447381      ,  0.13879222860171023      ,  0.13469624760304302      ,  0.13071114263754488      ,  0.12683434926464843      ,  0.12306334478305382      ,  0.11939564820306207      ,  0.11582882019311429      ,  0.11236046300130044      ,  0.10898822035258549      ,  0.10570977732249402      ,  0.10252286018798414      ,   9.9425236256238614E-002 ]
 AlphaS_Lambda4:  0.43874821446621259     
 AlphaS_Lambda5:  0.22638462592339001     
