6.485035264284580769e+00 7.722405043003434388e-02 5.992020702398047349e-02 4.617225770947108732e-02 1.967174277862160370e-02 7.276343241213507895e-02 7.383244860136366217e-02 7.204188164348467038e-02 4.586729283106671939e-02 2.030005243802088244e-02 6.063840449499137419e-02 7.183146247835718590e-02 6.791399228132227739e-02 5.419526034551686716e-02 1.670305779953420305e-02 1.005690379727013362e-01 7.488146296958429760e-02 7.358050129796780969e-02 4.835645218104828863e-02 2.124984765500298467e-02 1.016383618529980298e-01 9.549447753708632802e-02 8.431517474974088711e-02 5.344134455783563359e-02 1.943794746714508012e-02 9.938975451991285959e-02 8.095441531205714580e-02 7.004271241057377639e-02 5.470205579106976468e-02 1.985036253199620043e-02 1.045551930326326789e-01 1.080160670984464805e-01 7.759463844946651312e-02 5.676733460343836440e-02 2.072902319005577587e-02 1.086625962835716386e-01 1.018713492091174316e-01 7.328155074794134860e-02 4.721086411534891614e-02 2.023085745189584506e-02 1.038162388098254341e-01 8.661215969413688098e-02 6.844585571614128505e-02 5.511814724438001550e-02 1.866086396122240351e-02 5.566137722231392221e-02 5.736035770693917457e-02 5.209121870991638426e-02 4.075963061266996840e-02 1.203703719630433606e-02 4.321847563698693467e-02 4.917365226239078096e-02 5.410883483131203459e-02 2.846351054755614368e-02 1.459032799712062581e-02 4.454865532519073495e-02 4.015493996989907138e-02 3.750327198233916609e-02 3.321929315379191366e-02 1.166690701812584351e-02 7.064986791646286901e-02 6.834932022484682679e-02 6.709495077606422719e-02 3.922348110786618575e-02 1.441591507189831332e-02 8.683894531389069193e-02 6.832002822173967316e-02 5.344002304855091645e-02 4.610295486662099179e-02 1.627280793071946008e-02 5.271068055002074704e-02 7.327582254609765755e-02 4.855530474609209834e-02 3.563751569544229558e-02 1.538736258226183762e-02 7.725665019200431138e-02 7.875361916934310591e-02 5.397490848189808593e-02 3.413483099055715508e-02 2.079139537160309623e-02 8.134904952235123832e-02 6.871800318298267041e-02 5.466253046532668775e-02 3.690997659245198736e-02 1.806285795980671835e-02 5.698975682837522511e-02 7.557003709639599498e-02 6.293563086823582287e-02 2.986586481280400010e-02 1.144699474761627644e-02
7.722405043003434388e-02 7.398175205897415729e+00 7.087962551103028919e-02 5.461717337085211788e-02 2.326970867674064275e-02 8.607187952814070175e-02 8.733641900357054511e-02 8.521835697190742465e-02 5.425643035194586961e-02 2.401293630519927419e-02 7.172918145077945840e-02 8.496945209715270342e-02 8.033547577585375965e-02 6.410758487909921921e-02 1.975805058961613292e-02 1.189631362030652562e-01 8.857729832071661868e-02 8.703839048531016032e-02 5.720085747138763804e-02 2.513644926744450225e-02 1.202280396463243500e-01 1.129604375948055212e-01 9.973643797270231870e-02 6.321577773503656017e-02 2.299315215354540143e-02 1.175681615583423212e-01 9.576099492591264029e-02 8.285353926516636491e-02 6.470707331840166998e-02 2.348099802063421601e-02 1.236783598631530506e-01 1.277722285246472855e-01 9.178671416740752376e-02 6.715009206060940095e-02 2.452036589814528267e-02 1.285370080339250654e-01 1.205036404389574767e-01 8.668476181670907443e-02 5.584574110715042478e-02 2.393108554153585560e-02 1.228042507573315484e-01 1.024535419472948211e-01 8.096461714493972950e-02 6.519926798617323160e-02 2.207393991069460035e-02 6.584185484150419099e-02 6.785157921466251907e-02 6.161871358512500257e-02 4.821457563786062800e-02 1.423861383514487232e-02 5.112314393508793353e-02 5.816752361975321278e-02 6.400535212014057951e-02 3.366949262262444731e-02 1.725890206128850857e-02 5.269661376847038781e-02 4.749928694914710980e-02 4.436262832808102186e-02 3.929510886936000980e-02 1.380078676940854968e-02 8.357174364098160502e-02 8.085042529195202166e-02 7.936663140675055683e-02 4.639746406503392900e-02 1.705258897530244691e-02 1.027218067046746786e-01 8.081577577530613121e-02 6.321421452142529651e-02 5.453519502344589959e-02 1.924910792916180446e-02 6.235147512627587513e-02 8.667798592554150361e-02 5.743608021246681544e-02 4.215562482328377714e-02 1.820171443994966776e-02 9.138690778645726376e-02 9.315767270509212050e-02 6.384693061320682872e-02 4.037809876933029507e-02 2.459414596483648630e-02 9.622780781640032088e-02 8.128654044079504370e-02 6.466031880225406314e-02 4.366081908640409570e-02 2.136655848564830359e-02 6.741319535734109636e-02 8.939181280037229727e-02 7.444657101160764845e-02 3.532833777839609890e-02 1.354065249829762910e-02
5.992020702398047349e-02 7.087962551103028919e-02 4.228221959046519984e+00 4.237892621821438832e-02 1.805558959331309693e-02 6.678547436387044511e-02 6.776666437832587486e-02 6.612320337466003062e-02 4.209901605739081731e-02 1.863227979688551750e-02 5.565659115595619766e-02 6.593007142235335349e-02 6.233444520266902267e-02 4.974279044380496700e-02 1.533080012155937574e-02 9.230668049415452492e-02 6.872949584289057834e-02 6.753541607661459056e-02 4.438367584383676179e-02 1.950404356629376751e-02 9.328815292098739664e-02 8.764902602891302963e-02 7.738817088561321389e-02 4.905081341851136312e-02 1.784100198710219728e-02 9.122428234177150375e-02 7.430351825409262090e-02 6.428827804022317627e-02 5.020794956446039681e-02 1.821953464874028622e-02 9.596534869795216027e-02 9.914189093265363129e-02 7.121976747315160450e-02 5.210355317475249409e-02 1.902600799542084747e-02 9.973530381722046922e-02 9.350199895028253605e-02 6.726102613055251478e-02 4.333220479777651762e-02 1.856876959926610435e-02 9.528710405407887774e-02 7.949644456145166238e-02 6.282261282497131338e-02 5.058985657690972387e-02 1.712776061237658923e-02 5.108845691175237930e-02 5.264785582737765979e-02 4.781160861171376841e-02 3.741097932193361564e-02 1.104812145938113659e-02 3.966781528874356588e-02 4.513373797358243705e-02 4.966346531067191566e-02 2.612506022547855453e-02 1.339164390834388617e-02 4.088871263402962114e-02 3.685596768927577871e-02 3.442215033715285283e-02 3.049012639676501948e-02 1.070839972407289231e-02 6.484555203251872457e-02 6.273400831078988771e-02 6.158269293317003568e-02 3.600103383185479511e-02 1.323156006457760700e-02 7.970459836470240866e-02 6.270712282370212443e-02 4.904960047924323413e-02 4.231531702495516106e-02 1.493589789345897180e-02 4.838017789810145075e-02 6.725576853529206811e-02 4.456619146252971397e-02 3.270967726466210423e-02 1.412319725991707450e-02 7.090954700449396408e-02 7.228353088548108984e-02 4.954054182453438565e-02 3.133044723787258012e-02 1.908325592331069215e-02 7.466573086640346246e-02 6.307240172397460265e-02 5.017167148436398744e-02 3.387759776812224871e-02 1.657888443717395535e-02 5.230770206258036209e-02 6.936149942173958083e-02 5.776508642579641223e-02 2.741220256780648248e-02 1.050655458266684140e-02
4.617225770947108732e-02 5.461717337085211788e-02 4.237892621821438832e-02 2.092374334015668857e+00 1.391295820231824854e-02 5.146237449319573942e-02 5.221844261210702859e-02 5.095205337940032081e-02 3.243991827229644742e-02 1.435733398171461575e-02 4.288687569211888095e-02 5.080323316136823447e-02 4.803257884143648238e-02 3.832992330350943472e-02 1.181333792491305601e-02 7.112805598912945448e-02 5.296036432300628427e-02 5.204025136892227038e-02 3.420039116912790278e-02 1.502908235212310067e-02 7.188434172439621406e-02 6.753904265002778906e-02 5.963241362575913418e-02 3.779671183566347958e-02 1.374760506441498678e-02 7.029400068594794659e-02 5.725549633323764875e-02 4.953812893509142168e-02 3.868835742551134799e-02 1.403928809544342099e-02 7.394728809077398546e-02 7.639501205519481919e-02 5.487927397285079223e-02 4.014903826685728427e-02 1.466072612191505857e-02 7.685227370356288723e-02 7.204912343102166938e-02 5.182881679731947411e-02 3.339016713079454024e-02 1.430839541228528730e-02 7.342465827952426860e-02 6.125697002029809740e-02 4.840874244937162091e-02 3.898264060435296247e-02 1.319800808872849222e-02 3.936684326815834828e-02 4.056845741771068076e-02 3.684182722267517057e-02 2.882749349855744450e-02 8.513266835408820482e-03 3.056652640653536798e-02 3.477836083366648429e-02 3.826879833963219707e-02 2.013098874847841710e-02 1.031909708593072364e-02 3.150730397829503565e-02 2.839982241049567036e-02 2.652441430392772984e-02 2.349454455359894015e-02 8.251490044385996828e-03 4.996754331239419006e-02 4.834046714349075208e-02 4.745330681877648477e-02 2.774104253722861971e-02 1.019574249727682978e-02 6.141736551163967661e-02 4.831975019840469010e-02 3.779577719028666405e-02 3.260659166201274051e-02 1.150904112168941312e-02 3.727994532874705919e-02 5.182476549216961936e-02 3.434103083979729576e-02 2.520484696678671616e-02 1.088280458219398686e-02 5.464022974825587936e-02 5.569897004626932907e-02 3.817407812482691981e-02 2.414206418614511102e-02 1.470483922183818057e-02 5.753460374811262407e-02 4.860122037944834827e-02 3.866040290154339892e-02 2.610480257689259606e-02 1.277506475340419584e-02 4.030634772101383823e-02 5.344736250884776080e-02 4.451160283866063133e-02 2.112281222323632648e-02 8.095955770569566654e-03
1.967174277862160370e-02 2.326970867674064275e-02 1.805558959331309693e-02 1.391295820231824854e-02 3.392192301842965052e-01 2.192560303585900858e-02 2.224772671566529678e-02 2.170818014637738297e-02 1.382106398234934398e-02 6.116958431017306512e-03 1.827200204292861105e-02 2.164477512365126088e-02 2.046433470739251678e-02 1.633050730799035302e-02 5.033086024904437003e-03 3.030418894752328132e-02 2.256382330228923899e-02 2.217180813435203762e-02 1.457111545726561853e-02 6.403157586314910284e-03 3.062640534302469436e-02 2.877508574273527492e-02 2.540645747703337148e-02 1.610333195719685501e-02 5.857182734076557193e-03 2.994883873938376101e-02 2.439376916798954159e-02 2.110577603281062545e-02 1.648321857230559961e-02 5.981454620354777728e-03 3.150532598279127960e-02 3.254818155472657959e-02 2.338137693557005431e-02 1.710554330187418967e-02 6.246218996542010800e-03 3.274299839876797930e-02 3.069661077607402019e-02 2.208172619525237967e-02 1.422591858655074606e-02 6.096108097992113811e-03 3.128265895879528413e-02 2.609860157195338995e-02 2.062459963930336065e-02 1.660859825450944002e-02 5.623026319078565372e-03 1.677228823529395077e-02 1.728423730691790172e-02 1.569650228453571897e-02 1.228198630927429535e-02 3.627086993356613397e-03 1.302290325261629134e-02 1.481736008853728505e-02 1.630446494778541033e-02 8.576830594492700424e-03 4.396463020269714486e-03 1.342372260435780416e-02 1.209977655702129500e-02 1.130075680560509513e-02 1.000987736115097927e-02 3.515556694560814655e-03 2.128872851542248229e-02 2.059551086777584861e-02 2.021753520496571976e-02 1.181910264464330028e-02 4.343907657830414423e-03 2.616693825300493714e-02 2.058668438981896970e-02 1.610293375047371772e-02 1.389207536912559146e-02 4.903440026672375475e-03 1.588316300066386355e-02 2.208000013209715506e-02 1.463103514850720363e-02 1.073855364459345638e-02 4.636631238567542022e-03 2.327953187249050260e-02 2.373060937757880129e-02 1.626410929280943177e-02 1.028575383519532600e-02 6.265013432809686360e-03 2.451268319873879664e-02 2.070660507977490142e-02 1.647130851565520998e-02 1.112198075326067785e-02 5.442830831242909638e-03 1.717256517328201101e-02 2.277130943185668929e-02 1.896421888693311866e-02 8.999398111117169752e-03 3.449291140750805704e-03
7.276343241213507895e-02 8.607187952814070175e-02 6.678547436387044511e-02 5.146237449319573942e-02 2.192560303585900858e-02 5.068873931644640507e+00 8.229169003562956941e-02 8.029597156933052093e-02 5.112246872383809093e-02 2.262590032678106142e-02 6.758595822683839682e-02 8.006144394574161993e-02 7.569513550974779625e-02 6.040460055487241464e-02 1.861678545307091787e-02 1.120915838063935577e-01 8.346089364282160972e-02 8.201087624996865333e-02 5.389681975185193347e-02 2.368451689813735883e-02 1.132834238573741520e-01 1.064356132630166346e-01 9.397545872097037845e-02 5.956430600297690087e-02 2.166502097921224612e-02 1.107771857307590369e-01 9.022964533987279379e-02 7.806775053698035427e-02 6.096946132418105957e-02 2.212468787805766182e-02 1.165344465698501947e-01 1.203918450615892449e-01 8.648492711092757579e-02 6.327136634133975757e-02 2.310401975569778554e-02 1.211124493529160545e-01 1.135431053883974445e-01 8.167767389159116820e-02 5.261997766145824762e-02 2.254877742949014038e-02 1.157108277815570435e-01 9.653561725074247257e-02 7.628793639538175575e-02 6.143322582814807198e-02 2.079890430270251236e-02 6.203869556142972697e-02 6.393233417244532923e-02 5.805949152247747574e-02 4.542960381084591021e-02 1.341616257715885774e-02 4.817016729505634726e-02 5.480764929990088186e-02 6.030827296773640100e-02 3.172467433596806718e-02 1.626199282025495019e-02 4.965275031467649564e-02 4.475563164975698838e-02 4.180015280213211087e-02 3.702534356098904911e-02 1.300362529209671443e-02 7.874446996916138752e-02 7.618034049578031874e-02 7.478225355941564567e-02 4.371745229356081841e-02 1.606759679719881040e-02 9.678838649081039636e-02 7.614769240559937646e-02 5.956283308375917573e-02 5.138513138165816396e-02 1.813724035449865157e-02 5.874992726855441522e-02 8.167128938966129736e-02 5.411845554959889004e-02 3.972063030285380436e-02 1.715034644079172985e-02 8.610821435866693185e-02 8.777669629865018919e-02 6.015900220884446564e-02 3.804577776446181614e-02 2.317353813586759889e-02 9.066949416956983365e-02 7.659126474774632931e-02 6.092540744385851331e-02 4.113888148783816784e-02 2.013238266566937454e-02 6.351927225721103187e-02 8.422836011161070890e-02 7.014638584680513156e-02 3.328770122593348313e-02 1.275851690489539052e-02
7.383244860136366217e-02 8.733641900357054511e-02 6.776666437832587486e-02 5.221844261210702859e-02 2.224772671566529678e-02 8.229169003562956941e-02 4.439169686963363226e+00 8.147565332281440920e-02 5.187354306004549054e-02 2.295831254186464152e-02 6.857890868442247101e-02 8.123768009725038097e-02 7.680722330746798943e-02 6.129204488997880285e-02 1.889029708358340789e-02 1.137383961377112784e-01 8.468707338055457556e-02 8.321575281361766330e-02 5.468865393219025234e-02 2.403248195639297313e-02 1.149477463069921435e-01 1.079993299530729589e-01 9.535611495766196932e-02 6.043940500953132178e-02 2.198331627396379884e-02 1.124046873619714559e-01 9.155526933009831836e-02 7.921469600689710899e-02 6.186520440615842636e-02 2.244973644626304526e-02 1.182465319657171193e-01 1.221606020753179533e-01 8.775553494429880197e-02 6.420092824752363092e-02 2.344345634268017037e-02 1.228917932456294049e-01 1.152112429928467269e-01 8.287765515682467277e-02 5.339305290175663105e-02 2.288005658057396322e-02 1.174108128436539555e-01 9.795388648649953900e-02 7.740873342688495140e-02 6.233578238423317236e-02 2.110447489882102956e-02 6.295014747780101894e-02 6.487160679854148126e-02 5.891248229433058980e-02 4.609704046596357213e-02 1.361326838315040852e-02 4.887786739892991533e-02 5.561286508553479890e-02 6.119430208991641362e-02 3.219076271771267178e-02 1.650090861927204847e-02 5.038223203600966649e-02 4.541316652966409517e-02 4.241426676812275198e-02 3.756930761499713278e-02 1.319467023727161591e-02 7.990135757628338831e-02 7.729955676405182718e-02 7.588092959862735576e-02 4.435973458707521272e-02 1.630365659439081752e-02 9.821036932831513078e-02 7.726642901897017024e-02 6.043791045067350293e-02 5.214006467042189841e-02 1.840370666764712046e-02 5.961306169314228853e-02 8.287117685591229022e-02 5.491354592948758523e-02 4.030419261475257087e-02 1.740231363624013955e-02 8.737328765336255243e-02 8.906628237601904585e-02 6.104283829459745264e-02 3.860473369897076540e-02 2.351399606380913040e-02 9.200158027275746886e-02 7.771651817868781287e-02 6.182050330085345907e-02 4.174328027524228102e-02 2.042816094720295919e-02 6.445247631479823769e-02 8.546581521187990305e-02 7.117695325683846830e-02 3.377675307977088398e-02 1.294596079902929527e-02
7.204188164348467038e-02 8.521835697190742465e-02 6.612320337466003062e-02 5.095205337940032081e-02 2.170818014637738297e-02 8.029597156933052093e-02 8.147565332281440920e-02 3.837692515807571425e+00 5.061551824912632197e-02 2.240153301436888927e-02 6.691574932530759690e-02 7.926752322893010350e-02 7.494451282195600805e-02 5.980560481600292327e-02 1.843217409805157983e-02 1.109800396450813659e-01 8.263326264791293063e-02 8.119762419692246047e-02 5.336235772291013368e-02 2.344965192810450141e-02 1.121600609421029571e-01 1.053801559266074328e-01 9.304356116987190506e-02 5.897364295485209990e-02 2.145018212373007993e-02 1.096786756569046312e-01 8.933489274517281142e-02 7.729360006689656171e-02 6.036486420411275172e-02 2.190529078510387515e-02 1.153788452367457001e-01 1.191979922503117462e-01 8.562730861266726334e-02 6.264394262720585083e-02 2.287491122327982990e-02 1.199114507465177532e-01 1.124171673690924772e-01 8.086772600397305888e-02 5.209817730007702125e-02 2.232517489801223026e-02 1.145633937757771226e-01 9.557833216233597995e-02 7.553143526122609031e-02 6.082402983714671474e-02 2.059265420029258303e-02 6.142349549479639986e-02 6.329835604174835484e-02 5.748375080565406442e-02 4.497910602009393133e-02 1.328312264076529983e-02 4.769249300062643887e-02 5.426415512749473841e-02 5.971023245104701421e-02 3.141008000756084079e-02 1.610073251366604674e-02 4.916037414484114576e-02 4.431181723161074087e-02 4.138564607280068725e-02 3.665818571507192120e-02 1.287467623741758022e-02 7.796360888345289786e-02 7.542490632481602120e-02 7.404068336751518098e-02 4.328393286958441555e-02 1.590826419791024557e-02 9.582859484336160583e-02 7.539258198591762550e-02 5.897218464167972712e-02 5.087557624088868274e-02 1.795738435698523289e-02 5.816733991975157197e-02 8.086140481327139251e-02 5.358179569305436540e-02 3.932674493521517989e-02 1.698027687086157630e-02 8.525433149198613503e-02 8.690626810987057971e-02 5.956244191961609924e-02 3.766850089227745391e-02 2.294374023189330383e-02 8.977037986115407597e-02 7.583175569053716980e-02 6.032124717936662717e-02 4.073093218452827902e-02 1.993274205354296849e-02 6.288939021066727864e-02 8.339311861782768009e-02 6.945078673956225912e-02 3.295760730911364428e-02 1.263199844123326886e-02
4.586729283106671939e-02 5.425643035194586961e-02 4.209901605739081731e-02 3.243991827229644742e-02 1.382106398234934398e-02 5.112246872383809093e-02 5.187354306004549054e-02 5.061551824912632197e-02 1.454179454616771450e+00 1.426250468747704628e-02 4.260361055674501823e-02 5.046768097933951314e-02 4.771532665814499224e-02 3.807675655405013543e-02 1.173531156574106858e-02 7.065825962174467068e-02 5.261056442438221542e-02 5.169652875889272498e-02 3.397449972149926833e-02 1.492981620185415866e-02 7.140955013696509424e-02 6.709295149158985005e-02 5.923854525820456546e-02 3.754706691464668178e-02 1.365680299159452611e-02 6.982971320174834184e-02 5.687732735594577815e-02 4.921093268746303678e-02 3.843282324106284814e-02 1.394655947442057127e-02 7.345887087143776473e-02 7.589042777195036116e-02 5.451679979583826802e-02 3.988385637668099420e-02 1.456389294154033717e-02 7.634466923569001306e-02 7.157324347071000736e-02 5.148649069942987794e-02 3.316962716233518016e-02 1.421388935424225397e-02 7.293969299744963719e-02 6.085237155922202518e-02 4.808900572894365955e-02 3.872516269788817134e-02 1.311083606960642897e-02 3.910682772709514476e-02 4.030050529023853495e-02 3.659848925488821958e-02 2.863708970446948721e-02 8.457037239671467282e-03 3.036463640870446304e-02 3.454865193250164501e-02 3.801603531674166425e-02 1.999802482510978571e-02 1.025094009417486934e-02 3.129920020336052211e-02 2.821224335723343871e-02 2.634922220407757976e-02 2.333936455421405792e-02 8.196989468003635856e-03 4.963751080962351681e-02 4.802118137719389029e-02 4.713988069101524708e-02 2.755781468388409164e-02 1.012840025487470909e-02 6.101170764836106458e-02 4.800060126623620360e-02 3.754613844254420241e-02 3.239122716058515095e-02 1.143302462389734174e-02 3.703371361823291907e-02 5.148246615289749084e-02 3.411421047592777533e-02 2.503837052678256972e-02 1.081092433763262105e-02 5.427933444341689895e-02 5.533108182788740170e-02 3.792194072303925467e-02 2.398260736002920043e-02 1.460771467719361796e-02 5.715459128377762404e-02 4.828021235431376873e-02 3.840505335497976236e-02 2.593238198629195176e-02 1.269068624859630463e-02 4.004012681171788268e-02 5.309434601762252209e-02 4.421760648195895149e-02 2.098329736776293267e-02 8.042482488351607520e-03
2.030005243802088244e-02 2.401293630519927419e-02 1.863227979688551750e-02 1.435733398171461575e-02 6.116958431017306512e-03 2.262590032678106142e-02 2.295831254186464152e-02 2.240153301436888927e-02 1.426250468747704628e-02 2.933774280137247392e-01 1.885560439628043011e-02 2.233610285392713043e-02 2.111795951911015976e-02 1.685209889242544196e-02 5.193841307322609457e-03 3.127209580002044548e-02 2.328450516018816183e-02 2.287996914346710278e-02 1.503651258516887183e-02 6.607672550109047922e-03 3.160460369211109954e-02 2.969415349009577390e-02 2.621793223163848899e-02 1.661766762796495350e-02 6.044259422202346611e-03 3.090539581109353132e-02 2.517289895683878440e-02 2.177988829117870340e-02 1.700968770945922998e-02 6.172500515856804357e-03 3.251159679775043887e-02 3.358776086891630125e-02 2.412817121526342548e-02 1.765188930724795324e-02 6.445721388089933196e-03 3.378880010546771867e-02 3.167705146597503407e-02 2.278701001381495950e-02 1.468029022826778524e-02 6.290815991736695319e-03 3.228181785471501142e-02 2.693218320470490770e-02 2.128334326565353013e-02 1.713907198171427462e-02 5.802624120406720334e-03 1.730799017218163927e-02 1.783629074608181209e-02 1.619784393561069999e-02 1.267426932769160838e-02 3.742935081604497650e-03 1.343885093956618572e-02 1.529062219729883723e-02 1.682522474692041414e-02 8.850772032737177358e-03 4.536884751781434556e-03 1.385247234312423151e-02 1.248623984972006828e-02 1.166169964322699530e-02 1.032958989024363415e-02 3.627842537976722678e-03 2.196868422209759600e-02 2.125332540734726355e-02 2.086327731340410774e-02 1.219660129540500043e-02 4.482650786574422265e-03 2.700270253918371846e-02 2.124421701428905185e-02 1.661725670263659166e-02 1.433578415699211794e-02 5.060054454164355023e-03 1.639046653993012428e-02 2.278522882071189887e-02 1.509834609366696168e-02 1.108153987915361238e-02 4.784723872100264674e-03 2.402307325092266008e-02 2.448855803841465742e-02 1.678358014423308661e-02 1.061427777746035139e-02 6.465116113105932524e-03 2.529561106663973102e-02 2.136796793569469000e-02 1.699739724911397340e-02 1.147721353652586020e-02 5.616673241863617654e-03 1.772105183745100940e-02 2.349861833550675669e-02 1.956993044201564211e-02 9.286836231146851361e-03 3.559460481932377220e-03
6.063840449499137419e-02 7.172918145077945840e-02 5.565659115595619766e-02 4.288687569211888095e-02 1.827200204292861105e-02 6.758595822683839682e-02 6.857890868442247101e-02 6.691574932530759690e-02 4.260361055674501823e-02 1.885560439628043011e-02 3.803970549546839663e+00 6.672030251317974392e-02 6.308157948549131255e-02 5.033900244092755910e-02 1.551455352333702860e-02 9.341305892275010569e-02 6.955328054841510010e-02 6.834488866422568087e-02 4.491565404164996750e-02 1.973781703703950119e-02 9.440629517767752665e-02 8.869957828760836882e-02 7.831573758433914290e-02 4.963873144980428254e-02 1.805484241162392048e-02 9.231768725685172983e-02 7.519411262196498691e-02 6.505883076354163075e-02 5.080973691121318248e-02 1.843791212701708510e-02 9.711557954932363568e-02 1.003301954942612817e-01 7.207340031965915605e-02 5.272806103244086218e-02 1.925405178072145396e-02 1.009307209649510373e-01 9.462270434360139926e-02 6.806720990834266849e-02 4.385158017120663332e-02 1.879133297193001997e-02 9.642920553453945831e-02 8.044928081276074561e-02 6.357559823497055396e-02 5.119622142204118681e-02 1.733305219875188111e-02 5.170079792948594627e-02 5.327888764097331309e-02 4.838467366097426448e-02 3.785938349260514063e-02 1.118054311287063757e-02 4.014326966441856409e-02 4.567470633934465202e-02 5.025872652486444714e-02 2.643819252451145435e-02 1.355215478214314047e-02 4.137880056037638449e-02 3.729771954730096845e-02 3.483473070939700073e-02 3.085557793234125143e-02 1.083674950759959572e-02 6.562278418489467247e-02 6.348593171614720643e-02 6.232081679020117643e-02 3.643253854013239756e-02 1.339015218980350169e-02 8.065992952620124057e-02 6.345872398236182543e-02 4.963750397237017692e-02 4.282250408557703586e-02 1.511491803753267811e-02 4.896005776065881498e-02 6.806188929608335270e-02 4.510035727387556870e-02 3.310173210986085135e-02 1.429247645734376196e-02 7.175946158020253540e-02 7.314991389141620171e-02 5.013432969039826465e-02 3.170597077307792111e-02 1.931198587641799747e-02 7.556066667758934430e-02 6.382838107816161954e-02 5.077302400576031577e-02 3.428365118898664410e-02 1.677759724986827017e-02 5.293465682795196053e-02 7.019285925750053112e-02 5.845745284180577789e-02 2.774076242326823857e-02 1.063248507097922999e-02
7.183146247835718590e-02 8.496945209715270342e-02 6.593007142235335349e-02 5.080323316136823447e-02 2.164477512365126088e-02 8.006144394574161993e-02 8.123768009725038097e-02 7.926752322893010350e-02 5.046768097933951314e-02 2.233610285392713043e-02 6.672030251317974392e-02 3.889861250825673800e+00 7.472561568241539720e-02 5.963092523867588590e-02 1.837833759910517326e-02 1.106558903203385957e-01 8.239190828928885657e-02 8.096046303588556869e-02 5.320649751347173578e-02 2.338116043303694463e-02 1.118324650236498380e-01 1.050723626829382362e-01 9.277180052154876400e-02 5.880139336292032615e-02 2.138753065889683128e-02 1.093583273423197194e-01 8.907396433631727117e-02 7.706784173820296902e-02 6.018855114788634886e-02 2.184131004371115542e-02 1.150418479272052319e-01 1.188498400166110025e-01 8.537720927629018075e-02 6.246097286285207800e-02 2.280809842477759738e-02 1.195612146507954027e-01 1.120888204969096719e-01 8.063152840608517335e-02 5.194600949543254353e-02 2.225996776354825096e-02 1.142287782282298547e-01 9.529916798173609926e-02 7.531082384483916980e-02 6.064637565480096582e-02 2.053250739393864058e-02 6.124409039950490935e-02 6.311347487362228836e-02 5.731585287493676240e-02 4.484773152346756275e-02 1.324432543679736861e-02 4.755319327203657437e-02 5.410566095774523021e-02 5.953583143631375335e-02 3.131833777844351963e-02 1.605370566461409437e-02 4.901678704454712904e-02 4.418239174501255306e-02 4.126476731594096170e-02 3.655111487437086304e-02 1.283707201937992967e-02 7.773589360010194071e-02 7.520460605701861923e-02 7.382442612347538125e-02 4.315750961674762187e-02 1.586179950827711072e-02 9.554869969817274267e-02 7.517237613070704150e-02 5.879993930917364053e-02 5.072697939647303339e-02 1.790493461888747334e-02 5.799744536918762655e-02 8.062522567825038122e-02 5.342529455151617812e-02 3.921187979499853732e-02 1.693068105796371320e-02 8.500532154323407752e-02 8.665243320213565636e-02 5.938847256990223422e-02 3.755847913370398417e-02 2.287672639835147334e-02 8.950817948614110675e-02 7.561026710142010332e-02 6.014506151928427496e-02 4.061196570906133035e-02 1.987452271160011774e-02 6.270570354561053050e-02 8.314954487993200805e-02 6.924793561699572886e-02 3.286134507863911619e-02 1.259510303393324843e-02
6.791399228132227739e-02 8.033547577585375965e-02 6.233444520266902267e-02 4.803257884143648238e-02 2.046433470739251678e-02 7.569513550974779625e-02 7.680722330746798943e-02 7.494451282195600805e-02 4.771532665814499224e-02 2.111795951911015976e-02 6.308157948549131255e-02 7.472561568241539720e-02 3.701947776650449384e+00 5.637883535515841177e-02 1.737603878279980404e-02 1.046210535301660416e-01 7.789850339310742944e-02 7.654512482421002573e-02 5.030477644158851819e-02 2.210602282608495686e-02 1.057334614160997943e-01 9.934203456291039458e-02 8.771230777102961840e-02 5.559454363307148733e-02 2.022111957587533274e-02 1.033942557032353216e-01 8.421614036086345900e-02 7.286479529110911901e-02 5.690605003779689031e-02 2.065015120873382737e-02 1.087678143057620034e-01 1.123681300510409181e-01 8.072099511461063026e-02 5.905454076157395926e-02 2.156421388244315201e-02 1.130407084693027531e-01 1.059758360390233994e-01 7.623412929191029919e-02 4.911303161871782147e-02 2.104597660574699519e-02 1.079990869632408979e-01 9.010184027198551993e-02 7.120359982701834900e-02 5.733890618405965145e-02 1.941272668767236864e-02 5.790402337863837651e-02 5.967145729082252298e-02 5.419002001969099036e-02 4.240187220797968920e-02 1.252202007939053757e-02 4.495978627474518652e-02 5.115490223754368820e-02 5.628892768048772421e-02 2.961033058167106269e-02 1.517818522658814090e-02 4.634356007998021582e-02 4.177281804397648540e-02 3.901431200610391142e-02 3.455772787863915091e-02 1.213697702871669934e-02 7.349641362974729253e-02 7.110317483533233618e-02 6.979826573116736099e-02 4.080382987992203780e-02 1.499674505022899687e-02 9.033776328509596221e-02 7.107270263149252643e-02 5.559316887900797588e-02 4.796048372570533430e-02 1.692845376593972440e-02 5.483444052564278443e-02 7.622817029574407988e-02 5.051164095249003477e-02 3.707338274695491653e-02 1.600733304065081811e-02 8.036938901108879596e-02 8.192667219354970998e-02 5.614960531991249754e-02 3.551015354522562423e-02 2.162909909439304085e-02 8.462667473279630870e-02 7.148671235618701825e-02 5.686493220169425156e-02 3.839711221980948719e-02 1.879062649514140829e-02 5.928592457482803613e-02 7.861482078097195569e-02 6.547136314267767987e-02 3.106918694154375132e-02 1.190820429817544476e-02
5.419526034551686716e-02 6.410758487909921921e-02 4.974279044380496700e-02 3.832992330350943472e-02 1.633050730799035302e-02 6.040460055487241464e-02 6.129204488997880285e-02 5.980560481600292327e-02 3.807675655405013543e-02 1.685209889242544196e-02 5.033900244092755910e-02 5.963092523867588590e-02 5.637883535515841177e-02 2.576391947233532154e+00 1.386605195740524439e-02 8.348743820275986161e-02 6.216288470316662373e-02 6.108289070747260907e-02 4.014313345888657208e-02 1.764057187657186096e-02 8.437513796776346942e-02 7.927478926711448159e-02 6.999428535236303095e-02 4.436435946076948411e-02 1.613642201084065225e-02 8.250845544252961850e-02 6.720434918986215034e-02 5.814599345694015931e-02 4.541093953449684695e-02 1.647878858742052657e-02 8.679654686026705424e-02 8.966959323240790425e-02 6.441522871257632232e-02 4.712543179468826893e-02 1.720820918117083737e-02 9.020630976542343138e-02 8.456855254036108049e-02 6.083471675578592391e-02 3.919212294144623632e-02 1.679465663937711878e-02 8.618310363504665117e-02 7.190112857631812682e-02 5.682036205703272502e-02 4.575635806683248097e-02 1.549132574178105001e-02 4.620732071027502941e-02 4.761773022673425337e-02 4.324355179902469870e-02 3.383662815653360606e-02 9.992552572130233846e-03 3.587783960844733583e-02 4.082153252350614880e-02 4.491847685197821599e-02 2.362899780862711199e-02 1.211216823360934322e-02 3.698208895552398956e-02 3.333464391080754458e-02 3.113336037754220118e-02 2.757701316651135770e-02 9.685288815803548210e-03 5.865002391004183607e-02 5.674022306966361451e-02 5.569890763153548252e-02 3.256139286108096498e-02 1.196737925471692832e-02 7.208939477430653664e-02 5.671590629833377778e-02 4.436326240916230179e-02 3.827239151314575094e-02 1.350887980921221601e-02 4.375779836175626436e-02 6.082996148610172321e-02 4.030821101725062805e-02 2.958450184370601740e-02 1.277382690126510623e-02 6.413464758813726407e-02 6.537735714871736881e-02 4.480729782465717875e-02 2.833704736898602639e-02 1.725998747951666343e-02 6.753195498095629357e-02 5.704628541553323495e-02 4.537812756515781365e-02 3.064083590681361199e-02 1.499489075448780934e-02 4.731007571824231983e-02 6.273450486598269871e-02 5.224604608716443277e-02 2.479316291767427044e-02 9.502728532198372394e-03
1.670305779953420305e-02 1.975805058961613292e-02 1.533080012155937574e-02 1.181333792491305601e-02 5.033086024904437003e-03 1.861678545307091787e-02 1.889029708358340789e-02 1.843217409805157983e-02 1.173531156574106858e-02 5.193841307322609457e-03 1.551455352333702860e-02 1.837833759910517326e-02 1.737603878279980404e-02 1.386605195740524439e-02 2.986002756229114152e-01 2.573094947685943684e-02 1.915869117637080885e-02 1.882583546134665789e-02 1.237217192321623041e-02 5.436849824001104871e-03 2.600453983123651031e-02 2.443260496826899636e-02 2.157234020879321423e-02 1.367315989605433039e-02 4.973268654978297600e-03 2.542922557103034775e-02 2.071247783923976099e-02 1.792067947142816919e-02 1.399571739189178765e-02 5.078786530172255988e-03 2.675082156196242553e-02 2.763629861860287043e-02 1.985286686505198170e-02 1.452412639179800034e-02 5.303595014528763099e-03 2.780171543209854212e-02 2.606415048288342542e-02 1.874934788968571006e-02 1.207906910316335417e-02 5.176137521665254322e-03 2.656175747070676010e-02 2.216003205456191713e-02 1.751211795235129223e-02 1.410217588427375990e-02 4.774449049727378519e-03 1.424116322469484372e-02 1.467585348218671329e-02 1.332772534999014831e-02 1.042849784716791232e-02 3.079719187860351266e-03 1.105760217557264988e-02 1.258125549833422063e-02 1.384393967926930702e-02 7.282491377038179635e-03 3.732987807307295344e-03 1.139793342505330750e-02 1.027378557496251565e-02 9.595346799045915628e-03 8.499275433351771714e-03 2.985020052753212510e-03 1.807602238771289713e-02 1.748741900027524915e-02 1.716648407276105334e-02 1.003546848053781838e-02 3.688363634127625901e-03 2.221805596969122706e-02 1.747992453610198657e-02 1.367282178315872010e-02 1.179560654372531318e-02 4.163456339570800573e-03 1.348621688607199928e-02 1.874788230867584227e-02 1.242304906599923410e-02 9.117986353703805627e-03 3.936911967814278775e-03 1.976639135577155926e-02 2.014939624376487978e-02 1.380967414188467163e-02 8.733519076294387826e-03 5.319553161136383185e-03 2.081344641894988454e-02 1.758174785893796416e-02 1.398560469537750775e-02 9.443550043207559266e-03 4.621447067015140714e-03 1.458103391669581493e-02 1.933486533916704830e-02 1.610230713954350842e-02 7.641288751211585545e-03 2.928754708708069220e-03
1.005690379727013362e-01 1.189631362030652562e-01 9.230668049415452492e-02 7.112805598912945448e-02 3.030418894752328132e-02 1.120915838063935577e-01 1.137383961377112784e-01 1.109800396450813659e-01 7.065825962174467068e-02 3.127209580002044548e-02 9.341305892275010569e-02 1.106558903203385957e-01 1.046210535301660416e-01 8.348743820275986161e-02 2.573094947685943684e-02 9.395940371157919913e+00 1.153543957967639449e-01 1.133502729920983498e-01 7.449279304927156065e-02 3.273524901632620526e-02 1.565732206125264592e-01 1.471086076762769812e-01 1.298869660666957526e-01 8.232603594483475784e-02 2.994402882476438627e-02 1.531092559675304998e-01 1.247097384995774494e-01 1.079003327348199287e-01 8.426815321680881932e-02 3.057935148990393107e-02 1.610665796499237967e-01 1.663980331359862230e-01 1.195340245828566683e-01 8.744970149464371956e-02 3.193292239118318554e-02 1.673940070467173635e-01 1.569321360854300518e-01 1.128897416575887769e-01 7.272802225139853027e-02 3.116550138399173595e-02 1.599282255832034372e-01 1.334254561002396755e-01 1.054403856149953300e-01 8.490913933392431334e-02 2.874693685093701254e-02 8.574598150284280795e-02 8.836324964240956092e-02 8.024617605348118021e-02 6.278993993658524286e-02 1.854297576326544711e-02 6.657777434699428676e-02 7.575168434078678736e-02 8.335430027279486231e-02 4.384784873663354066e-02 2.247630326437520878e-02 6.862690731193386851e-02 6.185841802215460983e-02 5.777354111900385308e-02 5.117410021900532791e-02 1.797279268488099699e-02 1.088356517544945279e-01 1.052916733325478249e-01 1.033593255373530390e-01 6.042351183872456122e-02 2.220762131279077276e-02 1.337748178395091470e-01 1.052465491965320354e-01 8.232400016856875058e-02 7.102129542053293998e-02 2.506815241480256015e-02 8.120045289918617626e-02 1.128809174007369964e-01 7.479912410349499885e-02 5.489935596497683146e-02 2.370412974307841564e-02 1.190133559196150104e-01 1.213194266754381995e-01 8.314798762203659543e-02 5.258448016887396631e-02 3.202900632212667825e-02 1.253176698765017805e-01 1.058596269780795601e-01 8.420726471531662927e-02 5.685957351587033609e-02 2.782571258206602977e-02 8.779234145321113125e-02 1.164151396605945937e-01 9.695192087582973905e-02 4.600816615760044970e-02 1.763401929441946181e-02
7.488146296958429760e-02 8.857729832071661868e-02 6.872949584289057834e-02 5.296036432300628427e-02 2.256382330228923899e-02 8.346089364282160972e-02 8.468707338055457556e-02 8.263326264791293063e-02 5.261056442438221542e-02 2.328450516018816183e-02 6.955328054841510010e-02 8.239190828928885657e-02 7.789850339310742944e-02 6.216288470316662373e-02 1.915869117637080885e-02 1.153543957967639449e-01 5.278459278681623346e+00 8.439808554153653553e-02 5.546567250383834663e-02 2.437393641650948892e-02 1.165809284613814750e-01 1.095337887313625053e-01 9.671093843410344393e-02 6.129813048136312226e-02 2.229565610650865309e-02 1.140017376336575211e-01 9.285609024059172933e-02 8.034018156046615622e-02 6.274418769256356887e-02 2.276870319517920391e-02 1.199265833980355522e-01 1.238962647715315252e-01 8.900236907741133907e-02 6.511309759122747842e-02 2.377654190343414520e-02 1.246378447350917767e-01 1.168481689186356698e-01 8.405518417977972390e-02 5.415166352240008418e-02 2.320513733508492923e-02 1.190789903454249066e-01 9.934561920421267067e-02 7.850855979224084791e-02 6.322145166127957072e-02 2.140432811813043276e-02 6.384454567854824791e-02 6.579330516979084442e-02 5.974951318745412576e-02 4.675198905154183404e-02 1.380668624213910074e-02 4.957232608424721326e-02 5.640301488603272767e-02 6.206375316951083521e-02 3.264813035558128407e-02 1.673535418566210811e-02 5.109806479396351853e-02 4.605839860713759754e-02 4.301689035842965608e-02 3.810309383282961537e-02 1.338214063714367706e-02 8.103659924475904719e-02 7.839783194303701075e-02 7.695904886638557652e-02 4.498999946158237923e-02 1.653529959616084621e-02 9.960574616445266871e-02 7.836423351763475986e-02 6.129661468775357558e-02 5.288087278440627842e-02 1.866518726443885598e-02 6.046004644624682761e-02 8.404861383491016302e-02 5.569375977558386343e-02 4.087683618750855008e-02 1.764956640098673188e-02 8.861469080175223001e-02 9.033173966080852713e-02 6.191013737055980903e-02 3.915323129181373651e-02 2.384808385572835532e-02 9.330874238688711964e-02 7.882071756204697688e-02 6.269885147217535426e-02 4.233637046275343097e-02 2.071840507097083214e-02 6.536821966345340851e-02 8.668011691590458978e-02 7.218823824151678059e-02 3.425665453182518555e-02 1.312989752530430848e-02
