4.218847493575594854e-13 -3.157196726277788912e-14 1.727784582072899866e-15 -1.520311654346073738e-14 -4.905797990062410463e-15 -2.557676292980204380e-14 -1.222633105868453640e-14 -4.500566586074228326e-14 -1.657007864253046137e-14 -4.551914400963141816e-15 -1.796479631721581427e-14 -3.919087276926802588e-14 -3.025357742103551573e-14 -3.199523979091623005e-14 -5.027228633380786960e-15 -1.854072451124011423e-14 -4.213296378452469071e-14 9.436895709313830594e-16 -1.715294573045866855e-14 -8.229528170033972856e-15 -2.700617507400693285e-14 -1.569577801063815059e-14 -5.009881398621018889e-15 -1.722233466949774083e-14 -7.271960811294775340e-15 -5.870304242705515207e-14 -5.284661597215745132e-14 -6.245004513516505540e-15 -1.160183060733288585e-14 -3.792105518485300308e-15 -3.323730179971562393e-14 -1.296185381249870261e-14 -1.247613123922519662e-14 -4.456157665089222064e-14 -9.166278847061448687e-15 -4.338196468722799182e-14 -2.949029909160572061e-14 -3.946842852542431501e-14 -1.626476731075854332e-14 -8.562595077421519818e-15 -4.723998969780041080e-14 -1.310063169057684718e-14 -2.986499936241671094e-14 -3.361894096443052149e-14 -4.388850394221321949e-15 -9.124645483638005317e-15 -4.371503159461553878e-16 -1.681293992916721436e-14 -1.315614284180810500e-14 -3.816391647148975608e-15 -1.651456749129920354e-14 -1.675048988403204930e-14 -6.300515664747763367e-15 -9.530570777016578177e-15 -3.117298086330322349e-15 -1.406513794321995192e-14 -1.273980920757367130e-14 -1.416922135177856035e-14 -1.024874629607097631e-14 -2.223915496202266695e-15 -2.176037128265306819e-14 -8.465450562766818621e-16 -3.623490396620354659e-14 -1.171979180369930873e-14 -4.725386748560822525e-15 -4.224398608698720636e-14 -3.275157922644211794e-14 -1.873501354054951662e-14 -1.544597783009749037e-14 -5.814793091474257380e-15 -1.967870311148089968e-14 -4.468647674116255075e-14 -1.606353938754523369e-14 -1.244837566360956771e-14 -6.005612673831706161e-15 -3.243239010686238544e-14 -1.347533196138783751e-14 8.493206138382447534e-15 -1.288552597955572310e-14 -6.956241138666996449e-15 -4.260480856999038224e-15 -2.677025268127408708e-14 3.080868893334809400e-15 -1.310757058448075441e-14 -4.527628272299466516e-15 -3.251565683370927218e-14 -3.691491556878645497e-14 -3.207156762385920956e-14 -7.899930709598379508e-15 -3.589142871796013878e-15
-3.157196726277788912e-14 -9.698908343125367537e-13 1.910971381136050695e-14 -4.850286838831152636e-15 -2.012279232133096230e-16 -9.520162436160717334e-15 6.550315845288423588e-15 -3.275157922644211794e-14 -6.557254739192330817e-15 4.024558464266192459e-16 -3.996802888650563546e-15 -2.592370762499740522e-14 -1.647293412787576017e-14 -2.241262730962034766e-14 -1.196959198423996895e-15 6.689093723366568156e-15 -2.853273173286652309e-14 2.205180482661717178e-14 -6.536438057480609132e-15 -3.688022109926691883e-15 -2.997602166487922659e-15 8.604228440844963188e-15 1.808275751358223715e-14 -5.148659276699163456e-15 -3.063521658575041329e-15 -4.118927421359330765e-14 -3.951006188884775838e-14 1.250388681484082554e-14 1.859623566247137205e-15 1.169203622808367982e-15 -9.575673587391975161e-15 1.540434446667404700e-14 7.299716386910404253e-15 -3.655409308578327909e-14 -4.954370247389761062e-15 -2.042810365310288034e-14 -5.925815393936773035e-15 -2.582656311034270402e-14 -5.800915303666442924e-15 -4.374972606413507492e-15 -2.629840789580839555e-14 9.145462165349727002e-15 -1.583455588871629516e-14 -2.410571742217371138e-14 1.179611963664228824e-16 5.051514762044462259e-15 1.580680031310066624e-14 -5.079270337660091172e-15 -3.962108419131027404e-15 -1.084202172485504434e-15 -7.237266341775239198e-15 -5.828670879282071837e-15 7.924216838262054807e-15 -3.164135620181696140e-15 4.614364446098306871e-16 -3.975986206938841860e-15 -3.649858193455202127e-15 -6.092348847630546516e-15 -2.678413046908190154e-15 6.886852199627924165e-16 -5.634381849972669443e-15 1.845745778439322748e-14 -2.375877272697834997e-14 -2.699229728619911839e-15 -1.484923295436146873e-15 -2.528532938583794021e-14 -1.930400284066990935e-14 -6.952771691715042834e-15 -5.148659276699163456e-15 -2.244732177913988380e-15 -8.285039321265230683e-15 -3.197442310920450836e-14 -5.190292640122606826e-15 -4.579669976578770729e-15 -2.723515857283587138e-15 -1.640354518883668788e-14 6.522560269672794675e-15 2.539635168830045586e-14 -5.523359547510153789e-15 -2.317590563905014278e-15 1.811051308919786607e-14 -1.212918654402983520e-14 1.919298053820739369e-14 -5.009881398621018889e-15 -2.185751579730776939e-16 -2.224609385592657418e-14 -2.217670491688750189e-14 -2.002564780667626110e-14 -8.534839501805890905e-16 -9.887923813067800438e-16
1.727784582072899866e-15 1.910971381136050695e-14 1.046274178406747524e-12 1.478678290922630367e-14 7.743805596760466869e-15 2.184363800949995493e-14 3.474998067076739972e-14 3.524958103184872016e-15 1.334349297721360017e-14 8.465450562766818621e-15 2.126770981547565498e-14 8.743006318923107756e-15 1.450228825916610731e-14 4.392319841173275563e-15 5.787037515858628467e-15 4.560241073647830490e-14 7.951972413877683721e-15 4.667100039768001807e-14 1.435657148718405551e-14 5.679484660348066427e-15 3.852473895449293195e-14 4.504729922416572663e-14 4.790612351257550472e-14 1.747213485003840105e-14 5.433153926759359820e-15 7.993605777301127091e-15 1.901256929670580575e-15 3.784472735191002357e-14 2.341876692568689577e-14 8.881784197001252323e-15 3.459732500488144069e-14 5.534461777756405354e-14 3.685940441755519714e-14 -5.558054017029689930e-15 4.482525461924069532e-15 2.782496455466798579e-14 3.633204848085824779e-14 9.395262345890387223e-15 1.446065489574266394e-14 4.735795089416683368e-15 2.128852649718737666e-14 4.191091917959965940e-14 1.521005543736464460e-14 3.462508058049706960e-15 7.584211036970600617e-15 2.627759121409667387e-14 3.530509218307997799e-14 1.699335117066880230e-14 1.330185961379015680e-14 3.991598718222633124e-15 1.175448627321884487e-14 1.524474990688418075e-14 2.790823128151487253e-14 8.975459264703999906e-15 6.222453108328807048e-15 1.480759959093802536e-14 1.330185961379015680e-14 1.033201302291786305e-14 1.126876369994533889e-14 5.221517662690189354e-15 2.399469511971119573e-14 4.178601908932932929e-14 8.541778395709798133e-15 1.366962099069723990e-14 4.642120021713935785e-15 1.527944437640371689e-14 1.246225345141738217e-14 1.607741717535304815e-14 1.452310494087782899e-14 4.791306240647941195e-15 1.475208843970676753e-14 4.621303340002214100e-15 1.548761119352093374e-14 1.076222444496011121e-14 4.066191827689635829e-15 1.830480211850726846e-14 3.666511538824579475e-14 4.140437992461443173e-14 9.423017921506016137e-15 6.553785292240377203e-15 4.674038933671909035e-14 1.819377981604475281e-14 3.685940441755519714e-14 1.094957458036560638e-14 7.088080122841233788e-15 5.641320743876576671e-15 1.315614284180810500e-14 9.735268147181841414e-15 1.133468319203245755e-14 3.828534711480813257e-15
-1.520311654346073738e-14 -4.850286838831152636e-15 1.478678290922630367e-14 6.306066779870889150e-14 9.801187639268960083e-16 -1.609823385706476984e-15 8.056055822436292146e-15 -1.552924455694437711e-14 -1.346145417358002305e-15 1.380839886877538447e-15 1.006139616066548115e-15 -1.146999162315864851e-14 -6.029898802495381460e-15 -1.035282970462958474e-14 2.255140518769849223e-16 9.645062526431047445e-15 -1.286470929784400141e-14 1.731947918415244203e-14 -1.186550857568136053e-15 -1.009609063018501729e-15 3.913536161803676805e-15 1.051936315832335822e-14 1.554312234475219157e-14 -7.632783294297951215e-17 -7.389922007661198222e-16 -1.902644708451362021e-14 -1.906114155403315635e-14 1.141448047192739068e-14 4.184153024056058712e-15 1.812786032395763414e-15 1.526556658859590243e-16 1.527944437640371689e-14 8.729128531115293299e-15 -1.867256349541435156e-14 -1.790234627208064921e-15 -6.092348847630546516e-15 2.178812685826869711e-15 -1.132427485117659671e-14 -8.187894806610529486e-16 -1.484923295436146873e-15 -9.894862706971707667e-15 1.033895191682177028e-14 -5.634381849972669443e-15 -1.128958038165706057e-14 1.120631365481017383e-15 6.147859998861804343e-15 1.267042026853459902e-14 -1.110223024625156540e-16 -8.326672684688674053e-17 2.602085213965210642e-17 -1.894318035766673347e-15 -7.147060721024445229e-16 7.785438960183910240e-15 -2.983724378680108202e-16 1.098079960293318891e-15 1.249000902703301108e-16 7.979727989493312634e-17 -1.533495552763497471e-15 2.706168622523819067e-16 1.065120214249759556e-15 6.106226635438360972e-16 1.487004963607319041e-14 -1.043609643147647148e-14 5.828670879282071837e-16 -7.979727989493312634e-17 -1.024180740216706909e-14 -7.709111127240930728e-15 -1.165734175856414367e-15 -4.926614671774132148e-16 -4.336808689942017736e-16 -1.991462550421374544e-15 -1.502270530195914944e-14 -3.677613769070831040e-16 -7.424616477180734364e-16 -7.650130529057719286e-16 -5.467848396278895962e-15 8.305856002976952368e-15 1.821459649775647449e-14 -1.391248227733399290e-15 -2.185751579730776939e-16 1.539046667886623254e-14 -3.386180225106727448e-15 1.453698272868564345e-14 -9.194034422677077600e-16 8.847089727481716182e-16 -1.010302952408892452e-14 -9.020562075079396891e-15 -8.444633881055096936e-15 1.172673069760321596e-15 5.030698080332740574e-17
-4.905797990062410463e-15 -2.012279232133096230e-16 7.743805596760466869e-15 9.801187639268960083e-16 -3.042011087472928921e-14 1.072059108153666784e-15 5.218048215738235740e-15 -4.874572967494827935e-15 5.342948306008565851e-16 1.078998002057574013e-15 1.890848588814719733e-15 -3.150257832373881683e-15 -9.332812300755222168e-16 -3.101685575046531085e-15 4.996003610813204432e-16 6.536438057480609132e-15 -3.667205428214970198e-15 9.159339953157541458e-15 6.626643678231403101e-16 8.326672684688674053e-17 4.125172425872847271e-15 6.786238238021269353e-15 8.659739592076221015e-15 1.255939796607208336e-15 1.543903893619358314e-16 -5.703770789011741726e-15 -6.168676680573526028e-15 6.557254739192330817e-15 3.105155021998484699e-15 1.251602987917266319e-15 2.588207426157396185e-15 9.117706589734098088e-15 5.596217933501179687e-15 -6.581540867856006116e-15 -2.628106066104862748e-16 2.081668171172168513e-17 3.393119119010634677e-15 -3.053113317719180486e-15 7.945033519973776492e-16 -1.422473250300981817e-16 -1.700029006457270953e-15 6.498274141009119376e-15 -7.459310946700270506e-16 -3.479855292809475031e-15 9.280770596475917955e-16 3.965577866082981018e-15 6.786238238021269353e-15 1.210836986231811352e-15 9.506284648352902877e-16 3.022755656889586362e-16 2.359223927328457648e-16 8.829742492721948111e-16 4.628242233906121328e-15 5.585809592645318844e-16 8.213915658750181592e-16 1.131039706336878226e-15 1.004404892590571308e-15 2.532696274926138358e-16 9.159339953157541458e-16 7.355227538141662080e-16 1.960237527853792017e-15 7.990136330349173477e-15 -2.824129818890241950e-15 1.195224474948020088e-15 3.148523108897904876e-16 -2.262079412673756451e-15 -1.630640067418198669e-15 8.014422459012848776e-16 9.020562075079396891e-16 2.099015405931936584e-16 4.267419750902945452e-16 -4.624772786954167714e-15 1.011343786494478536e-15 5.481726184086710418e-16 4.597017211338538800e-17 -4.544975507059234587e-16 5.440092820663267048e-15 9.065664885454793875e-15 2.324529457808921507e-16 4.093947403305264743e-16 8.520961713998076448e-15 2.220446049250313081e-16 7.521760991835435561e-15 5.013350845572972503e-16 8.118505867571457202e-16 -2.921274333544943147e-15 -2.015748679085049844e-15 -2.074729277268261285e-15 1.221245327087672194e-15 2.988061187370050220e-16
-2.557676292980204380e-14 -9.520162436160717334e-15 2.184363800949995493e-14 -1.609823385706476984e-15 1.072059108153666784e-15 -8.339995360984175932e-13 1.092181900474997747e-14 -2.622901895676932327e-14 -3.226585665316861196e-15 1.679212324745549267e-15 1.110223024625156540e-16 -1.981748098955904425e-14 -1.114386360967500877e-14 -1.763866830373217454e-14 -5.551115123125782702e-17 1.276756478318930021e-14 -2.207956040223280070e-14 2.549349620295515706e-14 -3.053113317719180486e-15 -2.109423746787797427e-15 3.677613769070831040e-15 1.429412144204889046e-14 2.244038288523597657e-14 -1.422473250300981817e-15 -1.637578961322105897e-15 -3.241851231905457098e-14 -3.198830089701232282e-14 1.629252288637417223e-14 5.266620473065586339e-15 2.380040609040179334e-15 -2.317590563905014278e-15 2.142730437526552123e-14 1.189326415129698944e-14 -3.079481114554027954e-14 -3.334138520827423235e-15 -1.230959778553142314e-14 9.575673587391975161e-16 -1.963706974805745631e-14 -2.435551760271437161e-15 -2.824129818890241950e-15 -1.816602424042912389e-14 1.419697692739418926e-14 -1.053324094613117268e-14 -1.913746938697613587e-14 1.307981500886512549e-15 8.347489366400395738e-15 1.856848008685574314e-14 -1.436351038108796274e-15 -1.124100812432970997e-15 -2.498001805406602216e-16 -4.031497358170099687e-15 -2.317590563905014278e-15 1.094957458036560638e-14 -1.165734175856414367e-15 1.373900992973631219e-15 -8.812395257962180040e-16 -8.604228440844963188e-16 -3.330669073875469621e-15 -3.885780586188047891e-16 1.398187121637306518e-15 -7.771561172376095783e-16 2.176037128265306819e-14 -1.808275751358223715e-14 -2.775557561562891351e-17 -4.718447854656915297e-16 -1.823541317946819618e-14 -1.380839886877538447e-14 -3.122502256758252770e-15 -1.894318035766673347e-15 -1.068589661201713170e-15 -4.454769886308440618e-15 -2.543798505172389923e-14 -1.755540157688528780e-15 -2.033095913844817915e-15 -1.582067810090848070e-15 -1.049160758270772931e-14 1.117161918529063769e-14 2.739475313262573763e-14 -3.018418848199644344e-15 -8.396061623727746337e-16 2.228772721935001755e-14 -7.022160630754115118e-15 2.160077672286320194e-14 -2.352285033424550420e-15 9.540979117872439019e-16 -1.730560139634462757e-14 -1.602884491802569755e-14 -1.483535516655365427e-14 1.096345236817342084e-15 -1.960237527853792017e-16
-1.222633105868453640e-14 6.550315845288423588e-15 3.474998067076739972e-14 8.056055822436292146e-15 5.218048215738235740e-15 1.092181900474997747e-14 1.058708676282549277e-12 -1.149080830487037019e-14 6.349087922075113966e-15 5.960509863456309176e-15 1.286470929784400141e-14 -5.051514762044462259e-15 2.955968803064479289e-15 -6.515621375768887447e-15 3.462508058049706960e-15 3.409772464380012025e-14 -6.675215935558753699e-15 4.132805209167145222e-14 7.063793994177558488e-15 2.327998904760875121e-15 2.510491814433635227e-14 3.451405827803455395e-14 4.046762924758695590e-14 9.763023722797470327e-15 2.418204525511669090e-15 -1.201816424156731955e-14 -1.548761119352093374e-14 3.123890035539034216e-14 1.682681771697502882e-14 6.581540867856006116e-15 1.963706974805745631e-14 4.447830992404533390e-14 2.835232049136493515e-14 -1.931788062847772380e-14 9.749145934989655871e-16 1.039446306805302811e-14 2.237099394619690429e-14 -4.551914400963141816e-15 7.452372052796363278e-15 1.384309333829492061e-15 3.400058012914541905e-15 3.259892356055615892e-14 3.705369344686459954e-15 -7.847889005319075295e-15 5.245803791353864654e-15 2.015054789694659121e-14 3.089195566019498074e-14 9.485467966641181192e-15 7.417677583276827136e-15 2.275957200481570908e-15 4.975186929101482747e-15 7.972789095589405406e-15 2.246119956694769826e-14 4.794775687599894809e-15 4.461708780212347847e-15 8.465450562766818621e-15 7.570333249162786160e-15 4.496403249731883989e-15 6.591949208711866959e-15 3.868433351428279821e-15 1.405819904931604469e-14 3.644307078332076344e-14 -4.246603069191223767e-15 8.215650382226158399e-15 2.550043509685906429e-15 -2.498001805406602216e-16 3.608224830031758756e-16 8.049116928532384918e-15 7.764622278472188555e-15 2.327998904760875121e-15 6.585010314807959730e-15 -1.040834085586084257e-14 8.416878305439468022e-15 5.426215032855452591e-15 1.630640067418198669e-15 5.578870698741411616e-15 2.789435349370705808e-14 3.914923940584458251e-14 4.107825191113079200e-15 3.511080315377057559e-15 3.973210649377278969e-14 7.327471962526033167e-15 3.338995746560158295e-14 5.384581669432009221e-15 4.760081218080358667e-15 -5.578870698741411616e-15 -4.163336342344337027e-16 -1.817990202823693835e-15 7.403799795469012679e-15 2.210037708394452238e-15
-4.500566586074228326e-14 -3.275157922644211794e-14 3.524958103184872016e-15 -1.552924455694437711e-14 -4.874572967494827935e-15 -2.622901895676932327e-14 -1.149080830487037019e-14 -9.801048861390881939e-13 -1.704886232190006012e-14 -4.472117121068208689e-15 -1.819377981604475281e-14 -4.132805209167145222e-14 -3.154421168716226020e-14 -3.382016888764383111e-14 -5.096617572419859243e-15 -1.770805724277124682e-14 -4.445055434842970499e-14 3.039235529911366029e-15 -1.763172940982826731e-14 -8.500145032286354763e-15 -2.706168622523819067e-14 -1.471045507628332416e-14 -3.247402347028582881e-15 -1.753458489517356611e-14 -7.490535969267853034e-15 -6.210310043996969398e-14 -5.614952947041729203e-14 -5.009881398621018889e-15 -1.131733595727268948e-14 -3.642919299551294898e-15 -3.384792446325946003e-14 -1.139366379021566900e-14 -1.168509733417977259e-14 -4.764244554422703004e-14 -9.561795799584160704e-15 -4.490852134608758206e-14 -2.979561042337763865e-14 -4.157785227221211244e-14 -1.667416205108906979e-14 -8.902600878712974009e-15 -4.932165786897257931e-14 -1.214306433183764966e-14 -3.108624468950438313e-14 -3.561734240875580326e-14 -4.336808689942017736e-15 -8.562595077421519818e-15 1.054711873393898713e-15 -1.713906794265085409e-14 -1.341982081015657968e-14 -3.880576415760117470e-15 -1.704886232190006012e-14 -1.715988462436257578e-14 -5.502542865798432103e-15 -9.756084828893563099e-15 -3.042704976863319644e-15 -1.432881591156842660e-14 -1.296879270640260984e-14 -1.462024945553253019e-14 -1.040834085586084257e-14 -2.138914045879403147e-15 -2.209343819004061515e-14 9.020562075079396891e-16 -3.815003868368194162e-14 -1.187938636348917498e-14 -4.819061816263570108e-15 -4.428402089473593151e-14 -3.430589146091733710e-14 -1.922767500772692983e-14 -1.579986141919675902e-14 -5.981326545168030862e-15 -2.028238688112082855e-14 -4.732325642464729754e-14 -1.640354518883668788e-14 -1.276756478318930021e-14 -6.210310043996969398e-15 -3.370914658518131546e-14 -1.269817584415022793e-14 1.082467449009527627e-14 -1.328798182598234234e-14 -7.115835698456862701e-15 -2.498001805406602216e-15 -2.767230888878202677e-14 4.871103520542874321e-15 -1.346145417358002305e-14 -4.513750484491652060e-15 -3.434752482434078047e-14 -3.871902798380233435e-14 -3.369526879737350100e-14 -7.910339050454240351e-15 -3.653327640407155741e-15
-1.657007864253046137e-14 -6.557254739192330817e-15 1.334349297721360017e-14 -1.346145417358002305e-15 5.342948306008565851e-16 -3.226585665316861196e-15 6.349087922075113966e-15 -1.704886232190006012e-14 -4.689582056016661227e-13 9.107298248878237246e-16 -3.608224830031758756e-16 -1.301042606982605321e-14 -7.507883204027621105e-15 -1.149774719877427742e-14 -1.491862189340054101e-16 7.299716386910404253e-15 -1.443983821403094225e-14 1.555700013256000602e-14 -2.262079412673756451e-15 -1.477984401532239644e-15 1.595945597898662527e-15 8.298917109073045140e-15 1.353778200652300256e-14 -1.269817584415022793e-15 -1.174407793236298403e-15 -2.114974861910923210e-14 -2.075423166658652008e-14 9.763023722797470327e-15 2.921274333544943147e-15 1.354819034737886341e-15 -2.206568261442498624e-15 1.273980920757367130e-14 6.945832797811135606e-15 -1.982441988346295147e-14 -2.249936348341918801e-15 -8.507083926190261991e-15 -1.387778780781445676e-16 -1.291328155517135201e-14 -1.866562460151044434e-15 -1.925543058334255875e-15 -1.218469769526109303e-14 8.326672684688674053e-15 -7.126244039312723544e-15 -1.246919234532128939e-14 6.904199434387692236e-16 4.850286838831152636e-15 1.129651927556096780e-14 -1.283695372222837250e-15 -9.992007221626408864e-16 -2.445960101127298003e-16 -2.851885394505870863e-15 -1.811051308919786607e-15 6.501743587961072990e-15 -9.436895709313830594e-16 7.598088824778415074e-16 -8.812395257962180040e-16 -8.257283745649601769e-16 -2.369632268184318491e-15 -4.753142324176451439e-16 7.979727989493312634e-16 -9.853229343548264296e-16 1.322553178084717729e-14 -1.186550857568136053e-14 -2.914335439641035919e-16 -3.989863994746656317e-16 -1.212918654402983520e-14 -9.187095528773170372e-15 -2.352285033424550420e-15 -1.526556658859590243e-15 -7.927686285214008421e-16 -3.157196726277788912e-15 -1.655620085472264691e-14 -1.457167719820517959e-15 -1.530026105811543857e-15 -1.106753577673202926e-15 -7.160938508832259686e-15 6.480926906249351305e-15 1.688232886820628664e-14 -2.154526557163194411e-15 -6.765421556309547668e-16 1.346145417358002305e-14 -4.912736883966317691e-15 1.321859288694327006e-14 -1.741662369880714323e-15 4.718447854656915297e-16 -1.131733595727268948e-14 -1.066507993030541002e-14 -9.804657086220913698e-15 4.857225732735059864e-16 -2.064320936412400442e-16
-4.551914400963141816e-15 4.024558464266192459e-16 8.465450562766818621e-15 1.380839886877538447e-15 1.078998002057574013e-15 1.679212324745549267e-15 5.960509863456309176e-15 -4.472117121068208689e-15 9.107298248878237246e-16 5.551115123125782702e-15 2.432082313319483546e-15 -2.688821387764050996e-15 -4.232725281383409310e-16 -2.775557561562891351e-15 6.479192182773374498e-16 7.542577673547157247e-15 -3.191891195797325054e-15 1.003017113809789862e-14 1.059916043821829135e-15 2.532696274926138358e-16 5.044575868140555031e-15 7.750744490664374098e-15 9.599959716055650460e-15 1.713906794265085409e-15 3.131175874138136805e-16 -5.113964807179627314e-15 -5.731526364627370640e-15 7.317063621670172324e-15 3.635980405647387670e-15 1.448494102440633924e-15 3.497202527569243102e-15 1.026262408387879077e-14 6.383782391594650107e-15 -6.342149028171206737e-15 -1.092875789865388469e-16 8.812395257962180040e-16 4.302114220422481594e-15 -2.584737979205442571e-15 1.183081410616182438e-15 1.214306433183764966e-17 -9.506284648352902877e-16 7.382983113757290994e-15 -2.255140518769849223e-16 -3.160666173229742526e-15 1.104151492459237716e-15 4.531097719251420131e-15 7.448902605844409663e-15 1.661865089985781196e-15 1.304512053934558935e-15 4.063589742475670619e-16 5.863365348801607979e-16 1.294103713078698092e-15 5.193762087074560441e-15 7.997075224253080705e-16 9.593020822151743232e-16 1.517883041479706208e-15 1.347880140833979112e-15 5.533767888366014631e-16 1.205632815803880931e-15 8.517492267046122834e-16 2.574329638349581728e-15 8.777700788442643898e-15 -2.390448949896040176e-15 1.543903893619358314e-15 4.388850394221321949e-16 -1.647987302177966740e-15 -1.141448047192739068e-15 1.242062008799393880e-15 1.297573160030651707e-15 3.426078865054194011e-16 8.500145032286354763e-16 -4.198030811863873168e-15 1.429412144204889046e-15 8.430756093247282479e-16 1.682681771697502882e-16 1.318389841742373392e-16 6.231126725708691083e-15 9.783840404509192012e-15 5.082739784612044787e-16 5.880712583561376050e-16 9.436895709313830594e-15 7.667477763817487357e-16 8.184425359658575871e-15 8.031769693772616847e-16 9.801187639268960083e-16 -2.567390744445674500e-15 -1.495331636292007715e-15 -1.651456749129920354e-15 1.497066359767984522e-15 3.976853568676830264e-16
-1.796479631721581427e-14 -3.996802888650563546e-15 2.126770981547565498e-14 1.006139616066548115e-15 1.890848588814719733e-15 1.110223024625156540e-16 1.286470929784400141e-14 -1.819377981604475281e-14 -3.608224830031758756e-16 2.432082313319483546e-15 5.537792446830280824e-13 -1.286470929784400141e-14 -5.842548667089886294e-15 -1.194183640862434004e-14 8.118505867571457202e-16 1.576516694967722287e-14 -1.458555498601299405e-14 2.499389584187383662e-14 -8.326672684688674053e-17 -6.730727086790011526e-16 8.229528170033972856e-15 1.672273430841642039e-14 2.299549439754855484e-14 1.533495552763497471e-15 -3.781697177629439466e-16 -2.192690473634684167e-14 -2.255140518769849223e-14 1.713906794265085409e-14 7.167877402736166914e-15 2.997602166487922659e-15 3.400058012914541905e-15 2.335631688055173072e-14 1.385003223219882784e-14 -2.277344979262352354e-14 -1.724315135120946252e-15 -4.676814491233471927e-15 5.981326545168030862e-15 -1.262878690511115565e-14 3.816391647148975608e-16 -1.328798182598234234e-15 -9.825473767932635383e-15 1.622313394733509995e-14 -5.273559366969493567e-15 -1.314920394790419778e-14 2.036565360796771529e-15 9.783840404509192012e-15 1.840194663316196966e-14 1.457167719820517959e-15 1.144917494144692682e-15 4.059252933785728601e-16 -1.165734175856414367e-15 5.689893001203927270e-16 1.188632525739308221e-14 4.753142324176451439e-16 1.887379141862766119e-15 1.540434446667404700e-15 1.332267629550187849e-15 -8.673617379884035472e-16 1.366962099069723990e-15 1.755540157688528780e-15 2.955968803064479289e-15 2.162159340457492362e-14 -1.165040286466023645e-14 1.977584762613560088e-15 3.382710778154773834e-16 -1.078304112667183290e-14 -8.021361352916756005e-15 1.249000902703301108e-16 7.771561172376095783e-16 -6.591949208711866959e-17 -9.992007221626408864e-16 -1.747213485003840105e-14 9.992007221626408864e-16 1.249000902703301108e-16 -5.308253836489029709e-16 -4.815592369311616494e-15 1.333655408330969294e-14 2.558370182370595103e-14 -7.840950111415168067e-16 3.608224830031758756e-16 2.271793864139226571e-14 -2.317590563905014278e-15 2.077504834829824176e-14 -7.632783294297951215e-17 1.710437347313131795e-15 -1.151162498658209188e-14 -9.534040223968531791e-15 -9.138523271445819773e-15 2.445960101127298003e-15 4.180683577104105098e-16
-3.919087276926802588e-14 -2.592370762499740522e-14 8.743006318923107756e-15 -1.146999162315864851e-14 -3.150257832373881683e-15 -1.981748098955904425e-14 -5.051514762044462259e-15 -4.132805209167145222e-14 -1.301042606982605321e-14 -2.688821387764050996e-15 -1.286470929784400141e-14 -1.845190666927010170e-12 -2.554900735418641489e-14 -2.901151541223612185e-14 -3.625572064791526827e-15 -8.895661984809066780e-15 -3.781697177629439466e-14 9.423017921506016137e-15 -1.335737076502141463e-14 -6.626643678231403101e-15 -1.806887972577442270e-14 -6.356026815979021194e-15 4.093947403305264743e-15 -1.282307593442055804e-14 -5.780098621954721239e-15 -5.324907181858407057e-14 -4.893307981035377452e-14 1.110223024625156540e-15 -6.522560269672794675e-15 -1.901256929670580575e-15 -2.468858451010191857e-14 -1.956768080901838402e-15 -4.884981308350688778e-15 -4.255623631266303164e-14 -7.729927808952652413e-15 -3.534672554650342136e-14 -2.083055949952949959e-14 -3.506916979034713222e-14 -1.251776460264863999e-14 -7.119305145408816315e-15 -4.017619570362285231e-14 -4.538036613155327359e-15 -2.504940699310509444e-14 -3.070460552478948557e-14 -2.702699175571865453e-15 -3.684552662974738269e-15 6.050715484207103145e-15 -1.257327575387989782e-14 -9.832412661836542611e-15 -2.824129818890241950e-15 -1.323940956865499174e-14 -1.280919814661274359e-14 -7.771561172376095783e-16 -7.237266341775239198e-15 -1.762479051592436008e-15 -1.040834085586084257e-14 -9.443834603217737822e-15 -1.131039706336878226e-14 -7.487066522315899419e-15 -1.117161918529063769e-15 -1.587618925213973853e-14 6.869504964868156094e-15 -3.221034550193735413e-14 -8.416878305439468022e-15 -3.559652572704408158e-15 -3.658184866139890801e-14 -2.825517597671023395e-14 -1.451616604697392177e-14 -1.174754737931493764e-14 -4.541506060107280973e-15 -1.565414464721470722e-14 -4.080069615497450286e-14 -1.214306433183764966e-14 -9.624245844719325760e-15 -4.853756285783106250e-15 -2.690903055935223165e-14 -5.828670879282071837e-15 1.548761119352093374e-14 -1.026956297778269800e-14 -5.287437154777308024e-15 4.579669976578770729e-15 -2.162159340457492362e-14 9.610368056911511303e-15 -1.021405182655144017e-14 -2.917804886592989533e-15 -2.928213227448850375e-14 -3.202993426043576619e-14 -2.811639809863208939e-14 -5.287437154777308024e-15 -2.643718577388654012e-15
-3.025357742103551573e-14 -1.647293412787576017e-14 1.450228825916610731e-14 -6.029898802495381460e-15 -9.332812300755222168e-16 -1.114386360967500877e-14 2.955968803064479289e-15 -3.154421168716226020e-14 -7.507883204027621105e-15 -4.232725281383409310e-16 -5.842548667089886294e-15 -2.554900735418641489e-14 1.272315586220429395e-12 -2.177424907046088265e-14 -1.686151218649456496e-15 2.053912595556539600e-15 -2.794986464493831591e-14 1.658395643033827582e-14 -7.584211036970600617e-15 -4.052314039881821373e-15 -6.536438057480609132e-15 3.941291737419305719e-15 1.267042026853459902e-14 -6.571132527000145274e-15 -3.441691376337985275e-15 -3.999578446212126437e-14 -3.781697177629439466e-14 8.354428260304302967e-15 -4.510281037539698445e-16 2.706168622523819067e-16 -1.240674230018612434e-14 9.450773497121645050e-15 3.469446951953614189e-15 -3.430589146091733710e-14 -5.141720382795256228e-15 -2.210731597784842961e-14 -9.117706589734098088e-15 -2.552125177857078597e-14 -6.911138328291599464e-15 -4.624772786954167714e-15 -2.713107516427726296e-14 4.718447854656915297e-15 -1.654232306691483245e-14 -2.328692794151265844e-14 -6.106226635438360972e-16 2.310651670001107050e-15 1.169203622808367982e-14 -6.446232436729815163e-15 -5.037636974236647802e-15 -1.413799632921097782e-15 -8.000544671205034319e-15 -7.001343949042393433e-15 4.912736883966317691e-15 -3.882311139236094277e-15 -1.509209424099822172e-16 -5.183353746218699598e-15 -4.732325642464729754e-15 -6.786238238021269353e-15 -3.615163723935665985e-15 1.595945597898662527e-16 -7.646661082105765672e-15 1.361410983946598208e-14 -2.345346139520643192e-14 -3.871902798380233435e-15 -1.859623566247137205e-15 -2.556288514199422934e-14 -1.959543638463401294e-14 -8.146261443187086115e-15 -6.293576770843856139e-15 -2.591676873109349799e-15 -9.298117831235686026e-15 -3.093358902361842411e-14 -6.418476861114186249e-15 -5.377642775528101993e-15 -2.980254931728154588e-15 -1.737499033538369986e-14 2.720046410331633524e-15 2.026850909331301409e-14 -6.168676680573526028e-15 -2.827599265842195564e-15 1.282307593442055804e-14 -1.328104293207843511e-14 1.477290512141848922e-14 -5.807854197570350152e-15 -8.777700788442643898e-16 -2.171179902532571759e-14 -2.239874952181253320e-14 -2.002564780667626110e-14 -1.887379141862766119e-15 -1.304512053934558935e-15
-3.199523979091623005e-14 -2.241262730962034766e-14 4.392319841173275563e-15 -1.035282970462958474e-14 -3.101685575046531085e-15 -1.763866830373217454e-14 -6.515621375768887447e-15 -3.382016888764383111e-14 -1.149774719877427742e-14 -2.775557561562891351e-15 -1.194183640862434004e-14 -2.901151541223612185e-14 -2.177424907046088265e-14 -7.647216193618078250e-13 -3.349751032111214499e-15 -1.043609643147647148e-14 -3.128747261271769275e-14 4.413136522884997248e-15 -1.185163078787354607e-14 -5.780098621954721239e-15 -1.743050148661495768e-14 -8.326672684688674053e-15 0.000000000000000000e+00 -1.164346397075632922e-14 -5.075800890708137558e-15 -4.385380947269368335e-14 -3.987088437185093426e-14 -1.734723475976807094e-15 -6.925016116099413921e-15 -2.168404344971008868e-15 -2.244038288523597657e-14 -5.440092820663267048e-15 -6.536438057480609132e-15 -3.418793026455091422e-14 -6.591949208711866959e-15 -3.065603326746213497e-14 -1.947053629436368283e-14 -2.916417107812208087e-14 -1.117161918529063769e-14 -6.113165529342268201e-15 -3.409772464380012025e-14 -6.605826996519681416e-15 -2.139954879964989232e-14 -2.519512376508714624e-14 -2.725250580759563945e-15 -4.829470157119430951e-15 2.449429548079251617e-15 -1.139366379021566900e-14 -8.923417560424695694e-15 -2.574329638349581728e-15 -1.156713613781334971e-14 -1.148386941096646297e-14 -2.560451850541767271e-15 -6.512151928816933832e-15 -1.866562460151044434e-15 -9.492406860545088421e-15 -8.611167334748870417e-15 -9.919148835635382966e-15 -6.876443858772063322e-15 -1.271552307890999600e-15 -1.457167719820517959e-14 2.657596365196468469e-15 -2.677025268127408708e-14 -7.799316747991724696e-15 -3.214442600985023546e-15 -3.079481114554027954e-14 -2.382816166601742225e-14 -1.292022044907525924e-14 -1.055405762784289436e-14 -4.028027911218146073e-15 -1.375288771754412664e-14 -3.347322419244846969e-14 -1.094263568646169915e-14 -8.579942312181287889e-15 -4.225786387479502082e-15 -2.312039448781888495e-14 -7.271960811294775340e-15 9.707512571566212500e-15 -9.013623181175489663e-15 -4.753142324176451439e-15 4.579669976578770729e-16 -1.883215805520421782e-14 5.238864897449957425e-15 -9.069134332406747490e-15 -2.872702076217592548e-15 -2.418204525511669090e-14 -2.695066392277567502e-14 -2.352285033424550420e-14 -5.089678678515952015e-15 -2.416469802035692283e-15
-5.027228633380786960e-15 -1.196959198423996895e-15 5.787037515858628467e-15 2.255140518769849223e-16 4.996003610813204432e-16 -5.551115123125782702e-17 3.462508058049706960e-15 -5.096617572419859243e-15 -1.491862189340054101e-16 6.479192182773374498e-16 8.118505867571457202e-16 -3.625572064791526827e-15 -1.686151218649456496e-15 -3.349751032111214499e-15 -1.953992523340275511e-14 4.222316940527548468e-15 -4.104355744161125585e-15 6.800116025829083810e-15 -7.459310946700270506e-17 -2.107689023311820620e-16 2.151057110211240797e-15 4.499872696683837603e-15 6.231126725708691083e-15 3.642919299551294898e-16 -1.257674520083185143e-16 -6.151329445813757957e-15 -6.310924005603624209e-15 4.638650574761982170e-15 1.911665270526441418e-15 8.014422459012848776e-16 8.187894806610529486e-16 6.310924005603624209e-15 3.726186026398181639e-15 -6.340414304695229930e-15 -4.978656376053436361e-16 -1.412064909445120975e-15 1.533495552763497471e-15 -3.566591466608315386e-15 5.030698080332740574e-17 -3.885780586188047891e-16 -2.824129818890241950e-15 4.371503159461553878e-15 -1.533495552763497471e-15 -3.684552662974738269e-15 5.429684479807406206e-16 2.631575513056816362e-15 4.999473057765158046e-15 3.400058012914541905e-16 2.671474153004282925e-16 9.714451465470119729e-17 -3.677613769070831040e-16 9.887923813067800438e-17 3.212707877509046739e-15 9.887923813067800438e-17 5.039371697712624609e-16 3.729655473350135253e-16 3.209238430557093125e-16 -2.792904796322659422e-16 3.400058012914541905e-16 4.709774237277031261e-16 7.355227538141662080e-16 5.877243136609422436e-15 -3.285566263500072637e-15 5.013350845572972503e-16 7.632783294297951215e-17 -3.066991105526994943e-15 -2.296773882193292593e-15 -2.949029909160572061e-17 1.630640067418198669e-16 -3.642919299551294898e-17 -3.330669073875469621e-16 -4.898859096158503235e-15 2.203098814490545010e-16 -5.204170427930421283e-18 -1.639313684798082704e-16 -1.412064909445120975e-15 3.580469254416129843e-15 6.983996714282625362e-15 -2.532696274926138358e-16 7.372574772901430151e-17 6.161737786669618799e-15 -7.216449660063517513e-16 5.660402702112321549e-15 -5.898059818321144121e-17 4.518954654919582481e-16 -3.233524559220768424e-15 -2.706168622523819067e-15 -2.595146320061303413e-15 6.427150478494070285e-16 1.027823659516258203e-16
-1.854072451124011423e-14 6.689093723366568156e-15 4.560241073647830490e-14 9.645062526431047445e-15 6.536438057480609132e-15 1.276756478318930021e-14 3.409772464380012025e-14 -1.770805724277124682e-14 7.299716386910404253e-15 7.542577673547157247e-15 1.576516694967722287e-14 -8.895661984809066780e-15 2.053912595556539600e-15 -1.043609643147647148e-14 4.222316940527548468e-15 1.019628825815743767e-12 -1.119937476090626660e-14 5.420663917732326809e-14 8.243405957841787313e-15 2.560451850541767271e-15 3.122502256758252770e-14 4.429789868254374596e-14 5.270783809407930676e-14 1.179611963664228824e-14 2.737393645091401595e-15 -1.920685832601520815e-14 -2.339795024397517409e-14 4.049538482320258481e-14 2.135791543622644895e-14 8.392592176775792723e-15 2.373101715136272105e-14 5.742628594873622205e-14 3.638755963208950561e-14 -2.794986464493831591e-14 7.355227538141662080e-16 1.101896351940467866e-14 2.756128658631951112e-14 -8.271161533457416226e-15 8.756884106730922213e-15 1.301042606982605321e-15 1.665334536937734811e-15 4.188316360398403049e-14 3.066991105526994943e-15 -1.228184220991579423e-14 6.612765890423588644e-15 2.584044089815051848e-14 4.041211809635569807e-14 1.140754157802348345e-14 8.937295348232510150e-15 2.751271432899216052e-15 5.537237335317968245e-15 9.436895709313830594e-15 2.906008766956347245e-14 5.710709682915648955e-15 5.658667978636344742e-15 1.025568518997488354e-14 9.138523271445819773e-15 5.023759186428833345e-15 8.007483565108941548e-15 4.933553565678039377e-15 1.711131236703522518e-14 4.767020111984265895e-14 -7.743805596760466869e-15 1.005445726676157392e-14 3.053113317719180486e-15 -2.858824288409778092e-15 -1.512678871051775786e-15 9.423017921506016137e-15 9.228728892196613742e-15 2.699229728619911839e-15 7.438494264988548821e-15 -1.632027846198980114e-14 1.004751837285766669e-14 6.369904603786835651e-15 1.776356839400250465e-15 5.370703881624194764e-15 3.572142581731441169e-14 5.175027073534010924e-14 4.600486658290492414e-15 4.184153024056058712e-15 5.173639294753229478e-14 8.007483565108941548e-15 4.392319841173275563e-14 6.265821195228227225e-15 5.970918204312170019e-15 -9.270362255620057113e-15 -2.720046410331633524e-15 -4.302114220422481594e-15 9.228728892196613742e-15 2.678413046908190154e-15
-4.213296378452469071e-14 -2.853273173286652309e-14 7.951972413877683721e-15 -1.286470929784400141e-14 -3.667205428214970198e-15 -2.207956040223280070e-14 -6.675215935558753699e-15 -4.445055434842970499e-14 -1.443983821403094225e-14 -3.191891195797325054e-15 -1.458555498601299405e-14 -3.781697177629439466e-14 -2.794986464493831591e-14 -3.128747261271769275e-14 -4.104355744161125585e-15 -1.119937476090626660e-14 -3.428368700042483397e-13 8.409939411535560794e-15 -1.485617184826537596e-14 -7.317063621670172324e-15 -2.083055949952949959e-14 -8.507083926190261991e-15 2.650657471292561240e-15 -1.441208263841531334e-14 -6.401129626354418178e-15 -5.744016373654403651e-14 -5.256906021600116219e-14 -2.359223927328457648e-16 -7.840950111415168067e-15 -2.366162821232364877e-15 -2.772782004001328460e-14 -4.121702978920893656e-15 -6.578071420904052502e-15 -4.544975507059234587e-14 -8.455042221910957778e-15 -3.895495037653518011e-14 -2.366162821232364877e-14 -3.796962744218035368e-14 -1.394023785294962181e-14 -7.809725088847585539e-15 -4.382605389707805443e-14 -6.397660179402464564e-15 -2.743638649604918101e-14 -3.307076834602185045e-14 -3.178013407989510597e-15 -4.926614671774132148e-15 5.218048215738235740e-15 -1.411371020054730252e-14 -1.101896351940467866e-14 -3.172809237561580176e-15 -1.462718834943643742e-14 -1.431493812376061214e-14 -1.859623566247137205e-15 -8.104628079763642745e-15 -2.116362640691704655e-15 -1.171285290979540150e-14 -1.061650767297805942e-14 -1.252470349655254722e-14 -8.444633881055096936e-15 -1.396452398161329711e-15 -1.791622405988846367e-14 5.828670879282071837e-15 -3.487488076103772983e-14 -9.527101330064624563e-15 -3.982925100842749089e-15 -3.982925100842749089e-14 -3.078093335773246508e-14 -1.616068390219993489e-14 -1.310757058448075441e-14 -5.048045315092508645e-15 -1.734029586586416372e-14 -4.393707619954057009e-14 -1.357941536994644594e-14 -1.073446886934448230e-14 -5.363764987720287536e-15 -2.953193245502916398e-14 -7.591149930874507845e-15 1.511291092270994341e-14 -1.136590821460004008e-14 -5.911937606128958578e-15 3.219646771412953967e-15 -2.386979502944086562e-14 8.965050923848139064e-15 -1.135896932069613285e-14 -3.400058012914541905e-15 -3.161360062620133249e-14 -3.483324739761428646e-14 -3.053113317719180486e-14 -6.085409953726639287e-15 -2.976785484776200974e-15
