experiment			NUTEV	NUTEV	NUTEV	NUTEV	NUTEV	NUTEV	NUTEV	NUTEV	NUTEV	NUTEV	NUTEV	NUTEV	NUTEV	NUTEV	NUTEV	NUTEV	NUTEV	NUTEV	NUTEV	NUTEV	NUTEV	NUTEV	NUTEV	NUTEV	NUTEV	NUTEV	NUTEV	NUTEV	NUTEV	NUTEV	NUTEV	NUTEV	NUTEV	NUTEV	NUTEV	NUTEV	NUTEV	NUTEV	NUTEV	NUTEV	NUTEV	NUTEV	NUTEV	NUTEV	NUTEV	NUTEV	NUTEV	NUTEV	NUTEV	NUTEV	NUTEV	NUTEV	NUTEV	NUTEV	NUTEV	NUTEV	NUTEV	NUTEV	NUTEV	NUTEV	NUTEV	NUTEV	NUTEV	NUTEV	NUTEV	NUTEV	NUTEV	NUTEV	NUTEV	NUTEV	NUTEV	NUTEV	NUTEV	NUTEV	NUTEV	NUTEV	NUTEV	NUTEV	NUTEV	NUTEV	NUTEV	NUTEV	NUTEV	NUTEV	NUTEV	NUTEV	NUTEV	NUTEV	NUTEV	NUTEV
dataset			NTVNUDMNnucl	NTVNUDMNnucl	NTVNUDMNnucl	NTVNUDMNnucl	NTVNUDMNnucl	NTVNUDMNnucl	NTVNUDMNnucl	NTVNUDMNnucl	NTVNUDMNnucl	NTVNUDMNnucl	NTVNUDMNnucl	NTVNUDMNnucl	NTVNUDMNnucl	NTVNUDMNnucl	NTVNUDMNnucl	NTVNUDMNnucl	NTVNUDMNnucl	NTVNUDMNnucl	NTVNUDMNnucl	NTVNUDMNnucl	NTVNUDMNnucl	NTVNUDMNnucl	NTVNUDMNnucl	NTVNUDMNnucl	NTVNUDMNnucl	NTVNUDMNnucl	NTVNUDMNnucl	NTVNUDMNnucl	NTVNUDMNnucl	NTVNUDMNnucl	NTVNUDMNnucl	NTVNUDMNnucl	NTVNUDMNnucl	NTVNUDMNnucl	NTVNUDMNnucl	NTVNUDMNnucl	NTVNUDMNnucl	NTVNUDMNnucl	NTVNUDMNnucl	NTVNUDMNnucl	NTVNUDMNnucl	NTVNUDMNnucl	NTVNUDMNnucl	NTVNUDMNnucl	NTVNUDMNnucl	NTVNBDMNnucl	NTVNBDMNnucl	NTVNBDMNnucl	NTVNBDMNnucl	NTVNBDMNnucl	NTVNBDMNnucl	NTVNBDMNnucl	NTVNBDMNnucl	NTVNBDMNnucl	NTVNBDMNnucl	NTVNBDMNnucl	NTVNBDMNnucl	NTVNBDMNnucl	NTVNBDMNnucl	NTVNBDMNnucl	NTVNBDMNnucl	NTVNBDMNnucl	NTVNBDMNnucl	NTVNBDMNnucl	NTVNBDMNnucl	NTVNBDMNnucl	NTVNBDMNnucl	NTVNBDMNnucl	NTVNBDMNnucl	NTVNBDMNnucl	NTVNBDMNnucl	NTVNBDMNnucl	NTVNBDMNnucl	NTVNBDMNnucl	NTVNBDMNnucl	NTVNBDMNnucl	NTVNBDMNnucl	NTVNBDMNnucl	NTVNBDMNnucl	NTVNBDMNnucl	NTVNBDMNnucl	NTVNBDMNnucl	NTVNBDMNnucl	NTVNBDMNnucl	NTVNBDMNnucl	NTVNBDMNnucl	NTVNBDMNnucl	NTVNBDMNnucl	NTVNBDMNnucl	NTVNBDMNnucl
id			0	1	2	3	4	5	6	7	8	9	10	11	12	13	14	15	16	17	18	19	20	21	22	23	24	25	26	27	28	29	30	31	32	33	34	35	36	37	38	39	40	41	42	43	44	0	1	2	3	4	5	6	7	8	9	10	11	12	13	14	15	16	17	18	19	20	21	22	23	24	25	26	27	28	29	30	31	32	33	34	35	36	37	38	39	40	41	42	43	44
experiment	dataset	id																																																																																										
NUTEV	NTVNUDMNnucl	0	23.66958013496767	0.8489370227586395	0.6587129510918056	0.507579423452212	0.21625478920053706	0.7999006958798487	0.8116525713113361	0.7919685664731065	0.5042268930620243	0.22316190335280545	0.6666082171311256	0.7896553930695027	0.7465899818757858	0.5957776458129032	0.18361953407443649	1.1055724117400245	0.8231845633478727	0.808882872073621	0.5315906419975818	0.23360316251033098	1.1173276696710972	1.0497869122223924	0.926890949475254	0.5874897222888549	0.21368463787387665	1.0926083496650927	0.8899455536383281	0.769991361611433	0.6013489336993193	0.21821838630264218	1.149392887226279	1.1874388600703878	0.853010959416201	0.6240528923281988	0.22787765124549367	1.1945462645443057	1.1198889390079951	0.8055964582101403	0.5189969990019635	0.22240123118933092	1.141269438710267	0.9521420927287483	0.7524368464001003	0.6059230972866197	0.20514202771191128	0.6118949161382997	0.630572095415114	0.5726475609241953	0.4480775000582259	0.13232518190074105	0.47510799849419694	0.5405742604450108	0.5948275555458327	0.3129041764442675	0.1603939387013816	0.4897308883575371	0.4414300337429373	0.41227979992114266	0.3651852974699506	0.1282562783694314	0.7766659245828667	0.7513756154481219	0.7375861203442404	0.4311903492307863	0.15847658797132136	0.9546351853305096	0.7510536035130208	0.587475194714097	0.5068175656016047	0.17888972463496908	0.5794574095055384	0.8055334871201733	0.5337766618139993	0.3917692260963908	0.1691558744452066	0.8492953974449707	0.8657518301201808	0.5933552805786653	0.37524995946370115	0.22856331916647463	0.8942838341319744	0.7554286094451474	0.6009144251211123	0.4057576035444279	0.19856804678751633	0.6264980173944992	0.8307541749635856	0.6918620144524388	0.3283204936170166	0.1258387456557991
NUTEV	NTVNUDMNnucl	1	0.8489370227586395	18.44901482651749	0.7791916886063117	0.6004158069247156	0.2558078357000208	0.9462027016577005	0.9601039975811736	0.9368197841115387	0.5964500980199423	0.2639782624857429	0.7885310004673842	0.9340835308051391	0.883141446832236	0.7047455027343913	0.2172035855366443	1.3077818387393456	0.9737451933904407	0.9568277197694354	0.6288186824000672	0.27632923014266175	1.321687135822291	1.2417931596085596	1.0964194993865746	0.6949417162519191	0.25276760315430424	1.2924466469799913	1.052716782868419	0.9108229438511025	0.7113357803488412	0.25813057512573845	1.3596170884229477	1.4046216777147396	1.0090268435826841	0.7381922977935982	0.26955652166139	1.4130290279641329	1.3247168618604466	0.9529402201180313	0.6139216594476624	0.26307846322333106	1.350007859462129	1.1262890820603602	0.8900577041097069	0.7167465594198198	0.24266254779418958	0.7238106251974532	0.7459038644983994	0.6773849204471187	0.5300309692077148	0.15652748554507417	0.5620053515016787	0.6394454065539564	0.7036216407573344	0.3701344162301064	0.18973002387731785	0.5793027710013784	0.5221676799030517	0.48768586217466847	0.4319777653045584	0.15171437870076152	0.9187182857960274	0.88880237379306	0.8724907771298812	0.5100551549366086	0.18746198929483404	1.1292381618241611	0.8884214658071963	0.694924531580678	0.5995146051127447	0.21160869295435003	0.685440291768504	0.9528657316024443	0.6314045257013988	0.46342390007675693	0.20009451951441587	1.004631704544222	1.0240980222223237	0.7018800863885329	0.4438832560971166	0.27036759838955626	1.0578485357782248	0.8935966612459166	0.7108218000601496	0.4799707547067329	0.23488618437389444	0.7410846367495976	0.9826992885652286	0.8184037226385521	0.38837038106124366	0.14885467874454555
NUTEV	NTVNUDMNnucl	2	0.6587129510918056	0.7791916886063117	15.716967368508586	0.46587869000736454	0.19848814440771023	0.7341839939017316	0.7449703813677839	0.7269035371175533	0.4628015903570917	0.204827797168069	0.6118423021031552	0.7247804049627837	0.6852530789433391	0.5468308925511809	0.1685340737663197	1.0147429211897867	0.7555549501956864	0.7424282297498065	0.4879172410686264	0.2144112434497392	1.025532413262533	0.9635405393833701	0.8507412266326216	0.539223872298067	0.1961291466275373	1.0028439355777112	0.8168311195261401	0.7067318931581841	0.5519444652892647	0.20029042007800665	1.0549632783827296	1.0898835434086775	0.7829309266161764	0.5727831557784578	0.2091561177207587	1.0964070314238952	1.0278832587623652	0.7394118147518793	0.47635824235801094	0.20412961884430184	1.047507220516471	0.8739178350540496	0.6906195880242466	0.5561428335474523	0.18828836379116465	0.56162403119857	0.5787667667242431	0.5256010846633424	0.41126521112523906	0.12145386426348603	0.436074989890398	0.49616280068045776	0.5459588579718415	0.28719719729421456	0.14721660216069887	0.4494965205098248	0.405163874554557	0.3784085095440117	0.3351831065927125	0.11771924587797274	0.7128581002300827	0.6896455436425016	0.6769889393397387	0.3957654423364732	0.14545677344201316	0.8762061049517458	0.6893499869442586	0.5392105382518383	0.4651794234078662	0.1641928469083499	0.531851462810366	0.7393540171195352	0.48992366607592097	0.3595830039713367	0.15525869164986467	0.7795206206348488	0.7946250573844268	0.5446075393380608	0.3444208954556349	0.20978545385624284	0.8208129839199294	0.6933655595586309	0.5515456542306223	0.3724221512253697	0.1822544753400524	0.5750273989651586	0.7625026722278522	0.6350213465446062	0.3013469703490999	0.11550032816453042
NUTEV	NTVNUDMNnucl	3	0.507579423452212	0.6004158069247156	0.46587869000736454	9.50953433389976	0.1529474981986858	0.5657345702931922	0.5740461547581347	0.560124524140529	0.3566174978294603	0.15783259615775364	0.4714626643220662	0.5584885183610093	0.5280302477010763	0.4213673174437146	0.12986601804712153	0.7819227267902015	0.5822022253716731	0.5720872683411569	0.37597067357415764	0.16521723939313077	0.7902367035482863	0.7424680972833668	0.6555491896819113	0.4155056337651638	0.15112974324001893	0.7727538160429137	0.6294193366316838	0.5445810140364551	0.42530764425507517	0.1543362640398838	0.8129150212049363	0.8398232639520852	0.6032971230883828	0.4413651553249153	0.16116783717132283	0.8448500184438152	0.7920481766663604	0.5697629324024104	0.367063743944955	0.15729460620255814	0.8071696634634359	0.6734082123724894	0.5321654777443346	0.42854274891849314	0.1450879309074945	0.432766353660089	0.44597590085373784	0.4050084260178673	0.3169055024694776	0.0935877794671014	0.3360229847972863	0.38232439166468124	0.4206953603973595	0.22130335767357898	0.1134395762577117	0.3463651114586238	0.3122040420022109	0.29158736409448693	0.25827949444937937	0.09071002301219805	0.5493016387764866	0.5314149157812162	0.5216622125677586	0.3049619636451622	0.11208351844083625	0.67517146708526	0.5311871709065437	0.41549535905068324	0.3584497665391878	0.12652083192015795	0.40982473231785144	0.5697183957209112	0.37751674921562584	0.27708113759789726	0.119636507924982	0.6006692695735416	0.6123081803983764	0.41965408508631885	0.26539778707933853	0.16165277992563976	0.632487611560717	0.5342814201224657	0.4250003354540617	0.28697450154348003	0.14043844342419215	0.4430944847102024	0.5875558786398345	0.4893235641180461	0.23220664056375764	0.08900020848401827
NUTEV	NTVNUDMNnucl	4	0.21625478920053706	0.2558078357000208	0.19848814440771023	0.1529474981986858	1.5746359331837136	0.24103185548798978	0.24457301547860508	0.23864168896016222	0.15193728952567304	0.06724475665094017	0.20086720299939625	0.2379446668417819	0.22496788607281754	0.17952402362970368	0.055329564319380846	0.33313906482468786	0.24804791861640244	0.24373842969833412	0.16018273200749283	0.0703909922791029	0.3366812440545106	0.3163293751628115	0.27929747597144605	0.17702664664849405	0.06438899856108649	0.32923263999885977	0.2681648224356	0.2320193588465196	0.18120280433790598	0.06575514038560273	0.34634336702022495	0.3578076543695119	0.2570354237203469	0.1880441251461371	0.06866573986853566	0.3599493088234661	0.33745302423154616	0.24274814373471854	0.15638792453423722	0.06701554542019025	0.34389555083646506	0.2869063328494715	0.22672970552408364	0.18258112434991683	0.06181487756249898	0.184380595941669	0.19000853850949068	0.17255429937888572	0.1350179488500865	0.039873179615425886	0.14316297388425142	0.16288974080812674	0.17923773556778225	0.09428654660106932	0.04833106015953252	0.1475692486812505	0.13301488628429448	0.12423112727249923	0.110040271623088	0.03864710821305707	0.23403058637246457	0.22640992774819949	0.22225477747985878	0.1299293905842806	0.04775331018823223	0.28765756952022464	0.22631289678597322	0.17702226909473312	0.1527179296881247	0.05390434397494113	0.1746062921419973	0.24272916883103984	0.1608414392885323	0.11805073301660282	0.05097126992666829	0.2559158237491015	0.26087459491013426	0.17879409904020732	0.11307302827364299	0.06887235027917027	0.2694720644500112	0.2276312051747808	0.18107187507459846	0.12226581194944226	0.05983395814548728	0.1887809078926283	0.25032884866491534	0.20847685962030776	0.09893190264598667	0.03791863979357563
NUTEV	NTVNUDMNnucl	5	0.7999006958798487	0.9462027016577005	0.7341839939017316	0.5657345702931922	0.24103185548798978	21.69339005541067	0.9046464404233567	0.882707170420909	0.5619979287902961	0.2487303418259953	0.742983848138781	0.8801289686636334	0.8321294029395693	0.6640379709481771	0.20465746523079395	1.2322417032388577	0.9174996930533441	0.9015594070731217	0.5924968379863775	0.260367892502552	1.245343802116487	1.1700646642573513	1.0330880819470434	0.6548004710873465	0.23816723294973274	1.217792303305871	0.9919097231082261	0.8582119604612506	0.6702475807407973	0.2432204287663015	1.2810828436078852	1.3234878764044415	0.9507434034629306	0.6955528111843494	0.2539863894205491	1.3314096010255945	1.2481985250244017	0.8978964572982537	0.5784602973399997	0.24788251679674098	1.272028663231053	1.0612323368515615	0.8386461631477122	0.6753458222217305	0.22864586611359908	0.6820018532108235	0.7028189421317897	0.6382577914713191	0.4994153037753201	0.14748614002599006	0.5295427807984793	0.6025097409670925	0.6629790255218139	0.3487547004952797	0.17877083229990676	0.5458410662116591	0.4920062140335798	0.4595161361400425	0.4070258521049072	0.14295104800986022	0.8656512514176429	0.8374633432601053	0.8220939375539086	0.48059333311334873	0.1766338040019618	1.064011071777745	0.8371044372932427	0.6547842790376234	0.5648854237284906	0.1993857450089483	0.6458478681823198	0.8978262713906355	0.5949333177260054	0.43665559425618644	0.1885366536156246	0.946602136583168	0.9649440402102865	0.6613380668709706	0.4182436575656851	0.25475061670935784	0.9967450555458409	0.8419807029310573	0.6697632889976277	0.45224666895113874	0.22131868124057327	0.6982780827670475	0.9259365815023987	0.7711310611969354	0.3659373189550878	0.14025653013201866
NUTEV	NTVNUDMNnucl	6	0.8116525713113361	0.9601039975811736	0.7449703813677839	0.5740461547581347	0.24457301547860508	0.9046464404233567	13.613354323960642	0.8956756110819798	0.5702546157589614	0.2523846054217472	0.7538995201414537	0.8930595312405311	0.8443547718342258	0.6737937963356984	0.2076642247572008	1.2503453891995484	0.9309792939047106	0.9148048185355467	0.6012016048023473	0.26419313112880827	1.2636399797635758	1.187254865806073	1.048265869029028	0.6644205821940551	0.24166630685716145	1.235683703480405	1.006482531414671	0.8708205256307799	0.6800946356536045	0.24679374254884612	1.2999040873860712	1.34293212084466	0.9647114098696696	0.7057716421406948	0.2577178731223858	1.3509702288136831	1.2665366433125949	0.911088053918802	0.5869588439613692	0.25152432442866784	1.2907168859974174	1.076823609981819	0.850967274119576	0.6852677788055976	0.23200505526086682	0.6920215979919694	0.7131445246714292	0.6476348630218028	0.5067525475966801	0.14965295742517964	0.5373226475089864	0.6113616140290538	0.6727192932347345	0.35387848875734385	0.1813972740104755	0.5538603819199094	0.49923460596850666	0.46626719463829297	0.4130057407785511	0.1450512373429431	0.8783691121798234	0.8497670766349139	0.8341718687232116	0.48765405079123364	0.17922884920233825	1.0796431691589095	0.8494028977407544	0.6644041522561137	0.5731845328140479	0.20231505417223397	0.6553364506196956	0.911016836863133	0.6036738804933213	0.4430707932635037	0.19130657153040173	0.9605093008719413	0.979120677657056	0.6710542261642433	0.4243883545124919	0.25849332818477405	1.0113889029509757	0.8543508038542449	0.6796032288569445	0.45889092685114335	0.22457022182054412	0.7085369525086095	0.9395401343175445	0.7824602627080917	0.3713135485423896	0.14231713250310563
NUTEV	NTVNUDMNnucl	7	0.7919685664731065	0.9368197841115387	0.7269035371175533	0.560124524140529	0.23864168896016222	0.882707170420909	0.8956756110819798	13.092439917232475	0.5564249366420865	0.24626383408458508	0.735616128544446	0.8714012641997894	0.823877681017998	0.6574531096726687	0.2026280014403157	1.220022310630724	0.9084014058116505	0.8926191899666672	0.5866214066782148	0.2577859822387794	1.2329944839509277	1.158461843583546	1.0228435748516302	0.6483072124878556	0.23580547314387956	1.2057161966214887	0.9820735567890483	0.8497015936571501	0.6636011425361847	0.2408085594864335	1.2683791230728283	1.3103636509124923	0.9413154585346176	0.6886554363777567	0.25146776064723736	1.318206820601585	1.23582089830549	0.8889925634401403	0.5727240578807797	0.2454244164212463	1.259414727504024	1.05070874027278	0.8303298184729042	0.6686488278526066	0.22637852392015992	0.67523885502471	0.6958495135174452	0.6319285765789089	0.4944629055118132	0.14602360954637814	0.5242916266423006	0.5965350177810889	0.6564046651649817	0.34529631193556554	0.17699807052677927	0.5404282918572842	0.4871272872133662	0.4549593936904816	0.40298962392381477	0.14153348928352805	0.8570671136831451	0.8291587278917745	0.8139417312478455	0.4758275809019701	0.17488223384060872	1.0534599201722767	0.8288033809774152	0.6482911810048557	0.5592837980466072	0.1974085576662981	0.6394433871087587	0.8889230735235427	0.5890337253279836	0.43232554591686323	0.18666705012347073	0.9372152580834346	0.9553752761916559	0.6547799789044948	0.41409618922061625	0.2522244095581522	0.986860940171465	0.8336312916503447	0.6631216532201131	0.4477620133928101	0.21912399828958673	0.6913536830972763	0.9167546307618322	0.7634842227850192	0.36230854080342567	0.13886569130305118
NUTEV	NTVNUDMNnucl	8	0.5042268930620243	0.5964500980199423	0.4628015903570917	0.3566174978294603	0.15193728952567304	0.5619979287902961	0.5702546157589614	0.5564249366420865	8.366179086918379	0.15679012171782808	0.46834868287020115	0.5547997365785609	0.524542640894015	0.4185842126291931	0.12900826110891772	0.7767581760160321	0.5783568160354983	0.5683086676644221	0.373487410757072	0.16412598984585566	0.7850172394768932	0.7375641418728859	0.6512193282274734	0.41276124500523803	0.1501315407249772	0.7676498253515707	0.6252620612246594	0.5409840904514542	0.4224985138280643	0.15331688265522755	0.8075457682618328	0.8342762837462357	0.5993123832703058	0.43844996604018666	0.16010333367281068	0.839269836838502	0.7868167479281609	0.5659996838193808	0.36463931084177315	0.15625568515268562	0.8018383582493792	0.6689603931885951	0.5286505580011103	0.4257122508272342	0.1441296341855577	0.429907958923304	0.44303025788276307	0.4023333706594919	0.3148123614185252	0.0929696380289011	0.3338035739695727	0.37979916293643967	0.41791669381716096	0.21984166281801304	0.11269031494158627	0.34407739153024675	0.3101419538040072	0.289661447766215	0.25657357451981516	0.09011088897564731	0.5456735357599123	0.5279049534528807	0.5182166662350266	0.3029477089221908	0.11134321380189645	0.6707120017141148	0.5276787128188811	0.4127510381546048	0.3560822282187708	0.12568516972739358	0.407117865557175	0.5659554412998813	0.375023274665491	0.2752510339896248	0.11884631626223388	0.5967018865638033	0.6082639231095675	0.41688229606451516	0.2636448512715382	0.16058507341052322	0.6283100703894205	0.5307525247119885	0.42219323478248805	0.2850790528842535	0.13951085627669113	0.440167873312892	0.5836751087581946	0.4860916125385607	0.23067293020568463	0.08841236766563687
NUTEV	NTVNUDMNnucl	9	0.22316190335280545	0.2639782624857429	0.204827797168069	0.15783259615775364	0.06724475665094017	0.2487303418259953	0.2523846054217472	0.24626383408458508	0.15679012171782808	1.3960046346208688	0.2072828421891352	0.2455445492854285	0.23215329396803192	0.1852579679685503	0.05709677427649697	0.3437794282489183	0.2559704959403538	0.25152336321793295	0.16529892119936304	0.07263925980076387	0.3474347436380771	0.3264328420596262	0.28821815493586095	0.18268082550351375	0.06644556417452707	0.3397482333669032	0.2767299277312235	0.23942998870130133	0.1869903684371798	0.0678553401657825	0.3574054719601128	0.3692359252643304	0.26524505930518827	0.1940501990132151	0.07085890333730921	0.3714459835295613	0.34823117424622185	0.2505014478128637	0.16138290869522443	0.06915600216524083	0.35487947324977165	0.2960700364572669	0.2339713854126748	0.1884127115836448	0.0637892265108441	0.19026965776703003	0.1960773551597139	0.17806563278186266	0.13933038229380493	0.041146717206134484	0.14773555702403923	0.16809239106227583	0.18496253595041207	0.09729803107641585	0.049874739958977225	0.15228256693780332	0.13726334250074684	0.12819903281812123	0.11355492542685865	0.03988148544497639	0.24150545424093026	0.2336413940289923	0.22935352948722737	0.13407929697857587	0.049278536824082286	0.2968452674056009	0.2335412639264655	0.1826763081319775	0.15759569529670872	0.055626032814825255	0.18018316558830383	0.2504818668563608	0.16597866739658051	0.12182123859346895	0.05259927724697372	0.26408969964124496	0.2692068524898734	0.18450472980305943	0.11668454742989379	0.07107211282349063	0.27807892266981993	0.2349016786961909	0.18685525733183833	0.1261709459035923	0.06174503711220412	0.19481051438321142	0.25832427822153475	0.21513554899697895	0.1020917584226061	0.03912974995914103
NUTEV	NTVNUDMNnucl	10	0.6666082171311256	0.7885310004673842	0.6118423021031552	0.4714626643220662	0.20086720299939625	0.742983848138781	0.7538995201414537	0.735616128544446	0.46834868287020115	0.2072828421891352	21.85695470381441	0.7334675487448857	0.6934664522397853	0.553385151683409	0.17055410593187825	1.026905526025521	0.7646109545284276	0.7513268985542689	0.4937653672015995	0.2169811546774617	1.0378243398463858	0.9750894377092532	0.8609381239362935	0.5456869544638102	0.19847993051317764	1.0148639203892764	0.8266215737553535	0.7152027093243268	0.5585600151811653	0.20269108056148727	1.0676079603048616	1.1029467760547425	0.7923150566014762	0.5796484760825699	0.21166304154914195	1.1095484539298968	1.0402033623398654	0.7482743291147841	0.4820678235150317	0.2065762955714095	1.0600625348918422	0.8843925248150782	0.6988972837494929	0.5628087046517634	0.19054516885591327	0.5683555993771497	0.5857038059769724	0.5319008854902338	0.4161945938695269	0.12290959785468733	0.4413017401046937	0.5021097572473407	0.5525026649868189	0.2906395135180364	0.14898112529256827	0.45488413981697745	0.4100201273029321	0.3829440752246932	0.3392005770159809	0.11913021671529148	0.7214023444874212	0.6979115645714421	0.6851032595043944	0.4005090464378295	0.14720020344690726	0.8867082216816569	0.6976124653608521	0.5456734605970675	0.47075501638464784	0.1661608455729368	0.5382261800302558	0.7482158387259319	0.49579584101375557	0.3638929290682487	0.15711960644357062	0.7888638750415624	0.8041493520246965	0.5511351495861462	0.34854908907110255	0.21229992084315905	0.8306511643683849	0.7016761682177498	0.5581564240139761	0.3768859650277043	0.18443895883514894	0.5819196185384997	0.7716419512460541	0.642632647435695	0.3049588843051041	0.11688470328115177
NUTEV	NTVNUDMNnucl	11	0.7896553930695027	0.9340835308051391	0.7247804049627837	0.5584885183610093	0.2379446668417819	0.8801289686636334	0.8930595312405311	0.8714012641997894	0.5547997365785609	0.2455445492854285	0.7334675487448857	12.153389291173674	0.8214713078104847	0.65553282759104	0.20203616771913097	1.2164588823834113	0.9057481566036959	0.8900120372876507	0.5849080090847276	0.2570330436712904	1.2293931667171305	1.1550782204965835	1.0198560641680556	0.6464136436458877	0.2351167350146256	1.202194553520501	0.9792051267425584	0.8472197942390237	0.6616629033452638	0.24010520839556285	1.2646744547597357	1.3065363546350168	0.9385660743099632	0.6866440188706576	0.25073327627447567	1.3143566160771252	1.2322113257105718	0.8863960033734839	0.571051251516515	0.24470758338431303	1.255736242302594	1.0476398413090793	0.8279045999306279	0.6666958454358582	0.2257173199243862	0.6732666245263724	0.6938170836260074	0.6300828462832873	0.49301868349275985	0.14559710533371079	0.5227602812103953	0.5947926646172574	0.6544874453689702	0.34428777412365613	0.1764810964364375	0.5388498146244738	0.48570449099056956	0.45363055311049344	0.401812576097106	0.14112009976658313	0.8545638011321128	0.826736929858468	0.8115643788572191	0.47443778874172676	0.17437143966365742	1.0503829855914548	0.8263826208376137	0.6463976589874738	0.557650247850961	0.19683196884122517	0.6375757076341082	0.886326716422299	0.5873132818597255	0.4310628140398054	0.18612183497989795	0.9344778496808451	0.952584826200454	0.6528675044749109	0.41288670145558476	0.2514877151732629	0.9839785271862804	0.8311964302001676	0.6611848145165096	0.44645419484498966	0.21848398323546403	0.689334384579728	0.9140769835428868	0.7612542461508678	0.36125031385356426	0.138460093862201
NUTEV	NTVNUDMNnucl	12	0.7465899818757858	0.883141446832236	0.6852530789433391	0.5280302477010763	0.22496788607281754	0.8321294029395693	0.8443547718342258	0.823877681017998	0.524542640894015	0.23215329396803192	0.6934664522397853	0.8214713078104847	11.914029045769913	0.619782054508302	0.19101772763097302	1.1501169027934863	0.8563513980373219	0.8414734789626563	0.5530088994948877	0.24301524069897226	1.1623457904716308	1.0920837561224082	0.9642362062562673	0.6111602032095115	0.22229418107426668	1.1366305071825682	0.9258022477192875	0.8010149951195825	0.6255778145150221	0.22701059824022143	1.1957029440242621	1.2352818227902067	0.8873795260037279	0.6491965357332019	0.2370590435174055	1.2426755908814147	1.1650102556171897	0.8380546525756852	0.5399078474758605	0.23136197364979094	1.1872521945771648	0.9905047404221979	0.7827531929522118	0.6303362752020222	0.21340738158748448	0.6365487039211216	0.655978403282885	0.595720038026105	0.4661309391461168	0.13765668060560501	0.494250520289802	0.562354475881308	0.6187936842634101	0.3255113626766697	0.16685635246247435	0.5094625793290155	0.4592156405290585	0.428890917984596	0.3798989363444988	0.13342383734947663	0.8079584821410463	0.7816492040658419	0.7673041179986152	0.4485633900643762	0.16486174997437944	0.9930982819316161	0.7813142179848507	0.6111450903059079	0.5272376939233187	0.18609734998265406	0.6028042614344478	0.8379891443247655	0.5552829959846384	0.4075539549857509	0.1759713143529427	0.8835142607518908	0.9006337376658035	0.6172620900346485	0.3903691124785952	0.2377723376058337	0.9303153213740011	0.7858654967784677	0.6251257992015989	0.42210593654281775	0.20656852915276358	0.6517401770526973	0.864225996005185	0.7197377474082769	0.34154881691388117	0.1309089001029614
NUTEV	NTVNUDMNnucl	13	0.5957776458129032	0.7047455027343913	0.5468308925511809	0.4213673174437146	0.17952402362970368	0.6640379709481771	0.6737937963356984	0.6574531096726687	0.4185842126291931	0.1852579679685503	0.553385151683409	0.65553282759104	0.619782054508302	9.640149223621789	0.15243184992997352	0.9177915018821315	0.6833670854106744	0.6714945290998747	0.4413002427743054	0.1939257845873132	0.92755013525341	0.8714811409850544	0.7694589947853083	0.4877048928085913	0.17739041119408994	0.9070293791338636	0.7387887555746219	0.6392087218397443	0.49921012423462946	0.181154104766222	0.9541690919726988	0.9857529757476247	0.7081274833299738	0.5180578270783298	0.189172748488549	0.9916531911992157	0.9296763743006891	0.6687663109537444	0.43084562361378864	0.18462649558380037	0.9474254070409825	0.7904212442451971	0.624635832077359	0.5030073684712469	0.17029875900804803	0.5079648769389421	0.5234697468482865	0.47538366497638757	0.37197176536884635	0.10984981729271445	0.39441114744163835	0.4487579982136123	0.4937963988320484	0.25975756177923365	0.13315111007685637	0.40655034692510716	0.366453367814391	0.3422542863291599	0.30315876108260986	0.10647201494945886	0.6447496136971285	0.6237548506609295	0.6123074942623838	0.35795288849036794	0.13155942038969493	0.7924908863410057	0.6234875322886527	0.4876928327349913	0.42073486076018635	0.14850539620973918	0.48103686425188685	0.6687140354712683	0.443114968240633	0.32522742300009383	0.14042483550662122	0.7050430076631611	0.7187043236477306	0.4925741890166158	0.31151394537365257	0.1897419560631113	0.7423901813406493	0.6271194456961791	0.49884941671666094	0.3368398816781484	0.16484136538834934	0.5200876489000932	0.6896510023569336	0.5743496044190525	0.27255542534856786	0.10446509893334584
NUTEV	NTVNUDMNnucl	14	0.18361953407443649	0.2172035855366443	0.1685340737663197	0.12986601804712153	0.055329564319380846	0.20465746523079395	0.2076642247572008	0.2026280014403157	0.12900826110891772	0.05709677427649697	0.17055410593187825	0.20203616771913097	0.19101772763097302	0.15243184992997352	1.3486688033509764	0.2828646713038935	0.21061472632747802	0.2069555872621191	0.1360093745286318	0.059768207923203	0.2858722962549648	0.26859175094425525	0.2371483775949397	0.15031135493703857	0.05467198187385577	0.27954776947218324	0.2276957654108526	0.19700505466327778	0.1538572839404425	0.055831957688609435	0.2940762973024938	0.3038104960656919	0.218245916858697	0.15966617327836258	0.058303315307597664	0.30562895102078114	0.2865276062115167	0.20611474647467676	0.13278724574842138	0.05690215357213931	0.2919978838309426	0.24360897326520026	0.19251366891375665	0.15502760011862537	0.05248632439011073	0.1565555114147369	0.1613341347965424	0.14651393465839205	0.11464223729421764	0.033855872927102966	0.12155808737701557	0.13830786556573368	0.15218876592367045	0.08005765708301361	0.04103736514055839	0.1252994062547151	0.11294145916850593	0.1054832671759469	0.09343396962237392	0.03281482934847412	0.19871276556575973	0.19224214916414892	0.18871405732811342	0.11032159911860963	0.040546804071673555	0.24424683995926647	0.1921597612543105	0.15030763800487287	0.12967109398045354	0.045769578384173275	0.14825625886993704	0.20609863509519943	0.13656867554796664	0.1002355632159127	0.043279137861950874	0.21729527698695206	0.22150571437673972	0.15181207908684774	0.09600904953248707	0.05847874590719688	0.2288057300525426	0.19327912223130506	0.15374611336052565	0.10381453981382394	0.05080434776552188	0.16029176730624486	0.21255143863943488	0.17701538065492028	0.08400197718677145	0.03219629492309738
NUTEV	NTVNUDMNnucl	15	1.1055724117400245	1.3077818387393456	1.0147429211897867	0.7819227267902015	0.33313906482468786	1.2322417032388577	1.2503453891995484	1.220022310630724	0.7767581760160321	0.3437794282489183	1.026905526025521	1.2164588823834113	1.1501169027934863	0.9177915018821315	0.2828646713038935	39.188878814852416	1.2681103462523837	1.246078685940355	0.8189118493020179	0.3598641185542261	1.7212358457033083	1.617189757951016	1.4278693445087702	0.9050240108020627	0.32917976379562447	1.6831558975997496	1.3709552078822838	1.1861665726739146	0.9263740338261002	0.336163973103973	1.770632100136442	1.8292416683244488	1.3140577110715717	0.961349331128901	0.35104400652127427	1.8401905776573937	1.7251814640862015	1.2410159872359505	0.799511426005932	0.3426076178390083	1.7581179817126131	1.4667685627888452	1.159123958715751	0.9334205024174401	0.3160199296433274	0.9426200496501546	0.9713921201362843	0.8821597599094982	0.6902604094467412	0.20384606285084808	0.73190071255399	0.8327510537856838	0.9163278941431261	0.48202680322477476	0.2470857960651994	0.7544271771567701	0.6800200317889068	0.6351142904145115	0.5625655225330041	0.19757794401614626	1.1964486925503668	1.1574891394906501	1.1362465139733409	0.6642458658844721	0.24413213001454429	1.4706091553645868	1.1569930822457748	0.9050016311697465	0.7807490898371476	0.2755784313122233	0.892650286368464	1.240918980690569	0.8222793982937502	0.6035178878180387	0.2605834998179938	1.308333912560705	1.3336849376734303	0.9140598643457737	0.5780700674116168	0.35210027339434724	1.3776383001363022	1.1637327497935743	0.9257046762505416	0.6250668902640953	0.3058927557415398	0.9651160300352144	1.2797712826139194	1.0658088328794235	0.5057755373219784	0.19385375094564872
NUTEV	NTVNUDMNnucl	16	0.8231845633478727	0.9737451933904407	0.7555549501956864	0.5822022253716731	0.24804791861640244	0.9174996930533441	0.9309792939047106	0.9084014058116505	0.5783568160354983	0.2559704959403538	0.7646109545284276	0.9057481566036959	0.8563513980373219	0.6833670854106744	0.21061472632747802	1.2681103462523837	16.256485586773895	0.9278024018060502	0.6097435011308865	0.26794679765063395	1.2815938268882627	1.2041234301915644	1.0631596722166226	0.6738606962694577	0.24509991136317982	1.2532403467190156	1.0207826752784857	0.8831931783171407	0.6897574473043794	0.25030019786524116	1.318373176395151	1.3620125538656127	0.9784180679761043	0.7157992737215698	0.2613795389207444	1.3701648675925724	1.284531646348272	0.9240328292497053	0.5952983785770254	0.2550979920406861	1.3090554428835213	1.0921231626894534	0.8630578510183164	0.6950040906801646	0.23530139231969235	0.7018538683983346	0.7232769104607376	0.6568364849311434	0.5139525079614183	0.15177923260038556	0.5449569490699526	0.620047864173049	0.6822773157268873	0.3589064084097858	0.1839745736991324	0.561729652269579	0.5063277511193818	0.4728919374969028	0.4188737427809439	0.14711213109607454	0.8908490154843026	0.8618406010800251	0.8460238158336323	0.4945826589532501	0.18177533982501895	1.0949827822755491	0.8614712479176433	0.6738440328943041	0.5813283614687126	0.20518955451394574	0.664647496992146	0.9239606003392749	0.6122509030132731	0.4493659607281759	0.19402466291260653	0.9741562552464944	0.9930320632136951	0.6805885913171899	0.4304180811438385	0.26216601167952175	1.0257587567368491	0.8664894540781185	0.6892590585803948	0.46541086740346177	0.22776092446994703	0.7186038737292495	0.9528891579391308	0.793577489262155	0.3765891862181637	0.1443391799858567
NUTEV	NTVNUDMNnucl	17	0.808882872073621	0.9568277197694354	0.7424282297498065	0.5720872683411569	0.24373842969833412	0.9015594070731217	0.9148048185355467	0.8926191899666672	0.5683086676644221	0.25152336321793295	0.7513268985542689	0.8900120372876507	0.8414734789626563	0.6714945290998747	0.2069555872621191	1.246078685940355	0.9278024018060502	14.972310883010065	0.599150052592214	0.26329159327904234	1.2593279097814123	1.183203453892865	1.0446887459088714	0.6621533002989803	0.240841639986702	1.2314670320466448	1.0030479905796326	0.8678489204991294	0.6777738673094587	0.24595157871573461	1.2954682690480364	1.3383494727968666	0.9614194096333933	0.7033632530733385	0.2568384315707138	1.3463601513677688	1.262214688698623	0.9079790390796656	0.5849558940291545	0.25066601786467657	1.2863124182465455	1.0731490358633613	0.8480634166148291	0.6829293575257611	0.2312133566358457	0.6896601298463758	0.7107109762343536	0.6454248610457959	0.5050232952116096	0.14914227872255117	0.5354890771122238	0.6092753916031102	0.6704236926544785	0.352670906824878	0.18077827037602798	0.5519703778321681	0.4975310079556796	0.4646760952699084	0.41159639184547475	0.1445562616406555	0.8753717481025971	0.846867314707728	0.8313253241909947	0.4859899704932276	0.1786172451434609	1.0759589735211226	0.8465043785448074	0.662136926426883	0.5712285866127806	0.2016246702923261	0.6531001675943172	0.9079080650464815	0.6016138918408742	0.4415588497525343	0.19065375321371533	0.9572316399952621	0.9757795069512745	0.6687643074916889	0.4229401633238786	0.2576112404549575	1.0079376195169676	0.8514354003259185	0.6772841373990407	0.4573249984043936	0.2238038939677475	0.7061191270416297	0.9363340290382649	0.7797901798798398	0.37004647086814585	0.14183148671408188
NUTEV	NTVNUDMNnucl	18	0.5315906419975818	0.6288186824000672	0.4879172410686264	0.37597067357415764	0.16018273200749283	0.5924968379863775	0.6012016048023473	0.5866214066782148	0.373487410757072	0.16529892119936304	0.4937653672015995	0.5849080090847276	0.5530088994948877	0.4413002427743054	0.1360093745286318	0.8189118493020179	0.6097435011308865	0.599150052592214	9.651375652811321	0.1730328975132922	0.827619121579377	0.7775908050274767	0.6865601687197062	0.43516127014087097	0.15827898752766364	0.8093092000901589	0.6591942340177044	0.5703426055027796	0.4454269680956061	0.1616371938926607	0.8513702448233607	0.8795513912136071	0.6318363002121219	0.4622440852286123	0.16879193693187897	0.8848159380489548	0.8295162870539917	0.5967157631454658	0.3844278201244021	0.1647354814449981	0.8453531009652872	0.7052640185979461	0.5573397480122534	0.4488151104936158	0.15195136519255936	0.4532385143047049	0.46707294365451935	0.42416748838428503	0.33189682584951474	0.09801498144206881	0.35191866722932796	0.40041037801347684	0.4405964985696305	0.23177218883656003	0.1188058742819548	0.36275003173604603	0.32697296118391744	0.30538100426359094	0.2704974944321851	0.09500109173202073	0.5752865410136313	0.5565536804582942	0.5463396222776203	0.31938829382873507	0.11738566768540722	0.7071106846790726	0.5563151620342899	0.4351505093775013	0.3754063555659287	0.1325059432257248	0.42921163170406756	0.596669119640988	0.3953753083910599	0.2901885557521109	0.1252959539250858	0.6290841351863433	0.6412736286757481	0.43950596537321446	0.27795252033404366	0.1692998200693515	0.6624076547435809	0.5595557857695967	0.44510512194646323	0.3005499286690397	0.14708193211074116	0.46405522113301445	0.6153504108012946	0.5124711829823555	0.2431912552598013	0.09321039384172798
NUTEV	NTVNUDMNnucl	19	0.23360316251033098	0.27632923014266175	0.2144112434497392	0.16521723939313077	0.0703909922791029	0.260367892502552	0.26419313112880827	0.2577859822387794	0.16412598984585566	0.07263925980076387	0.2169811546774617	0.2570330436712904	0.24301524069897226	0.1939257845873132	0.059768207923203	0.3598641185542261	0.26794679765063395	0.26329159327904234	0.1730328975132922	1.513223897465612	0.3636904581850107	0.34170592339772415	0.30170325433847517	0.19122806324228397	0.0695544073282683	0.3556443128482073	0.2896775180173533	0.2506323961218969	0.19573924029873196	0.0710301436660596	0.37412769515765193	0.3865116695917957	0.27765529762476515	0.20312938496308217	0.07417423701320652	0.3888251316672372	0.3645241520457793	0.26222186467906344	0.1689336633176125	0.07239166080615195	0.371483510472151	0.30992250828594253	0.2449183966804397	0.19722813178153953	0.06677378541382518	0.19917196043030527	0.20525138732822476	0.18639693571032387	0.14584934726134602	0.04307188243987716	0.15464778180118102	0.17595706774373726	0.19361652994883302	0.10185039392474544	0.05220827035776843	0.1594075364002528	0.14368559518073354	0.13419718620043014	0.11886791293584609	0.041747453241727774	0.2528049681714014	0.24457296571901116	0.24008448133918114	0.14035257510705149	0.051584172177400044	0.3107340106010146	0.24446815074718434	0.19122333451277748	0.16496925445703697	0.058228653673486744	0.18861354326238441	0.2622013675722754	0.17374444755381738	0.1275209888820935	0.05506028280833036	0.2764458811998329	0.28180245447927177	0.1931373040494681	0.12214396313252825	0.07439742210663372	0.2910896294894819	0.2458922163594551	0.19559780763919712	0.13207420951864957	0.06463395284779153	0.20392527383240933	0.27041070827553737	0.22520127252472083	0.10686840932727548	0.040960545690644765
NUTEV	NTVNUDMNnucl	20	1.1173276696710972	1.321687135822291	1.025532413262533	0.7902367035482863	0.3366812440545106	1.245343802116487	1.2636399797635758	1.2329944839509277	0.7850172394768932	0.3474347436380771	1.0378243398463858	1.2293931667171305	1.1623457904716308	0.92755013525341	0.2858722962549648	1.7212358457033083	1.2815938268882627	1.2593279097814123	0.827619121579377	0.3636904581850107	45.707178017390625	1.6343849072929604	1.4430515001580373	0.9146468908303806	0.3326798448287762	1.7010524473909578	1.3855322106271688	1.1987787669209224	0.9362239229809272	0.3397383153804341	1.7894587611648067	1.8486915093308616	1.3280297378388186	0.9715711033342134	0.3547765642425004	1.8597568355098728	1.7435248605683198	1.2542113807458004	0.8080124187330818	0.3462504736791873	1.7768115834422018	1.482364323498571	1.1714486160281963	0.9433453148020029	0.3193800856537963	0.9526426783780174	0.9817206746508109	0.8915395304283993	0.6975997651203181	0.206013503917213	0.7396828185152514	0.8416054746500905	0.926070965361895	0.48715206624818863	0.24971299373493816	0.7624488010355092	0.6872505042456081	0.6418672920453885	0.5685471323762672	0.19967873783909035	1.209170213848179	1.1697964142043102	1.148327921489667	0.6713086158230596	0.24672792213734734	1.4862457520755155	1.1692950825144501	0.9146242732413755	0.7890505876251044	0.2785085836079169	0.9021415998700304	1.2541133427555762	0.831022476825474	0.6099349332887658	0.26335421498817524	1.3222450796980207	1.3478656555302218	0.923778820205856	0.5842165329642088	0.355844062120802	1.3922863624268027	1.1761064111579433	0.9355474483039783	0.6317130605566983	0.3091452322006159	0.9753778525499615	1.2933787508902206	1.0771412952334674	0.5111533143298989	0.19591494641242552
