 SetDesc: "set generated with APFEL - DSSZ_NLO_Fe56"
 Authors: V. Bertone, S. Carrazza, J. Rojo
 Reference: ArXiv:1310.1394
 Format: lhagrid1
 DataVersion: 1
 NumMembers:          51
 Particle: 2212
 Flavors: [ -5, -4, -3, -2, -1, 21,  1,  2,  3,  4,  5]
 OrderQCD:           1
 FlavorScheme: variable
 NumFlavors:            5
 ErrorType: replicas
 XMin:   1.0000000000000001E-005
 XMax:   1.0000000000000000     
 QMin:   1.0000000000500000     
 QMax:   316.22776285456024     
 MZ:   91.187600000000003     
 MUp: 0
 MDown: 0
 MStrange: 0
 MCharm:   1.3999999999999999     
 MBottom:   4.7500000000000000     
 MTop:   10000000000.000000     
 AlphaS_MZ:  0.12017899999999999     
 AlphaS_OrderQCD:           1
 AlphaS_Type: ipol
 AlphaS_Qs: [   1.0000000000500000      ,   1.0524560587447309      ,   1.1097542775012197      ,   1.1724619722090917      ,   1.2412266759717889      ,   1.3167893394112502      ,   1.3999999999999999      ,   1.3999999999999999      ,   1.4905481738955613      ,   1.5905749853492113      ,   1.7013295678071487      ,   1.8242579702914223      ,   1.9610390622748248      ,   2.1136278477058852      ,   2.2843078923112499      ,   2.4757550002382853      ,   2.6911148276248396      ,   2.9340978277085994      ,   3.2090958321589467      ,   3.5213257496462056      ,   3.8770073896902155      ,   4.2835844108441776      ,   4.7499999999999991      ,   4.7499999999999991      ,   5.2605331202663894      ,   5.8465962583965858      ,   6.5217919659839891      ,   7.3025815442426625      ,   8.2089683671288860      ,   9.2653638118096708      ,   10.501689682810682      ,   11.954788411372601      ,   13.670235804389065      ,   15.704683014988062      ,   18.128897954229483      ,   21.031736150725223      ,   24.525353624300916      ,   28.752089023472301      ,   33.893602559099705      ,   40.183084687246861      ,   47.921666574033765      ,   57.500619029400234      ,   69.431578855792893      ,   84.387983880887305      ,   103.26226916169372      ,   127.24538700314245      ,   157.93818278560931      ,   197.50857936437333      ,   248.91515774552144      ,   316.22776285456041      ]
 AlphaS_Vals: [  0.49128108374001606      ,  0.46978469795618472      ,  0.44957674420552279      ,  0.43054288006101310      ,  0.41258273731938566      ,  0.39560778525847040      ,  0.37953958093996459      ,  0.37953957972248969      ,  0.36588826005055430      ,  0.35280954968734080      ,  0.34027131256292004      ,  0.32824393074607194      ,  0.31670004983470790      ,  0.30561435474992138      ,  0.29496337217229013      ,  0.28472529596674112      ,  0.27487983250791337      ,  0.26540806328643812      ,  0.25629232256616624      ,  0.24751608818762028      ,  0.23906388388548905      ,  0.23092119171716477      ,  0.22307437340893504      ,  0.22307437337804945      ,  0.21652695982658360      ,  0.21015992087424193      ,  0.20396861190055882      ,  0.19794850813347264      ,  0.19209520066442173      ,  0.18640439265465306      ,  0.18087189573507886      ,  0.17549362658798898      ,  0.17026560369954816      ,  0.16518394427260821      ,  0.16024486128994070      ,  0.15544466071855298      ,  0.15077973884628565      ,  0.14624657974239635      ,  0.14184175283432576      ,  0.13756191059330528      ,  0.13340378632190814      ,  0.12936419203706698      ,  0.12544001644248276      ,  0.12162822298472448      ,  0.11792584798768403      ,  0.11432999886038780      ,  0.11083785237348880      ,  0.10744665300007024      ,  0.10415371131667599      ,  0.10095640246075781      ]
 AlphaS_Lambda4:  0.48733971179400243     
 AlphaS_Lambda5:  0.25495097283034002     
