 SetDesc: "set generated with APFEL - DSSZ_NLO_Fe56"
 Authors: V. Bertone, S. Carrazza, J. Rojo
 Reference: ArXiv:1310.1394
 Format: lhagrid1
 DataVersion: 1
 NumMembers:          51
 Particle: 2212
 Flavors: [ -5, -4, -3, -2, -1, 21,  1,  2,  3,  4,  5]
 OrderQCD:           2
 FlavorScheme: variable
 NumFlavors:            5
 ErrorType: replicas
 XMin:   1.0000000000000001E-005
 XMax:   1.0000000000000000     
 QMin:   1.0000000000500000     
 QMax:   316.22776285456024     
 MZ:   91.187600000000003     
 MUp: 0
 MDown: 0
 MStrange: 0
 MCharm:   1.5100000000000000     
 MBottom:   4.9199999999999999     
 MTop:   172.50000000000000     
 ThresholdCharm:   1.5100000000000000     
 ThresholdBottom:   4.9199999999999999     
 ThresholdTop:   319.22776285456024     
 AlphaS_MZ:  0.12017899999999999     
 AlphaS_OrderQCD:           2
 AlphaS_Type: ipol
 AlphaS_Qs: [   1.0000000000500000      ,   1.0539169840047597      ,   1.1129527505696621      ,   1.1777244667452262      ,   1.2489391506600780      ,   1.3274089028218867      ,   1.4140690735698853      ,   1.5099999999999998      ,   1.5099999999999998      ,   1.6130878317607369      ,   1.7273975642614123      ,   1.8544643402903738      ,   1.9960741151215726      ,   2.1543110056362638      ,   2.3316147489720711      ,   2.5308506754794142      ,   2.7553952309578023      ,   3.0092408936970467      ,   3.2971253787434551      ,   3.6246913797688229      ,   3.9986848681301810      ,   4.4272022841461940      ,   4.9199999999999999      ,   4.9199999999999999      ,   5.4477796272415526      ,   6.0532333916414638      ,   6.7502603789294744      ,   7.5556595121014078      ,   8.4898171935369948      ,   9.5775771475177116      ,   10.849345746468474      ,   12.342503142758153      ,   14.103213480351171      ,   16.188758541866687      ,   18.670561502182895      ,   21.638125388750900      ,   25.204190602446072      ,   29.511526293650878      ,   34.741924239921723      ,   41.128179516143490      ,   48.970146414852600      ,   58.656389889206096      ,   70.693569916875916      ,   85.746584199437336      ,   104.69378144570513      ,   128.70343578537992      ,   159.34043493703658      ,   198.71622763187079      ,   249.70118856594030      ,   316.22776285456041      ]
 AlphaS_Vals: [  0.51982816516877794      ,  0.49280493787931401      ,  0.46802479825995330      ,  0.44518857720419613      ,  0.42405218962583308      ,  0.40441407299255505      ,  0.38610598080224179      ,  0.36898611709537732      ,  0.37048895644366003      ,  0.35639239678009360      ,  0.34297203546269794      ,  0.33018019763292883      ,  0.31797407215545814      ,  0.30631507246122497      ,  0.29516829751412671      ,  0.28450207513521586      ,  0.27428757316011843      ,  0.26449846679282929      ,  0.25511065277114875      ,  0.24610200272834173      ,  0.23745214953515717      ,  0.22914230152056073      ,  0.22115508037710074      ,  0.22147612675446587      ,  0.21499510116750095      ,  0.20869634976765503      ,  0.20257469797104327      ,  0.19662514908548978      ,  0.19084287504833503      ,  0.18522320781881868      ,  0.17976163138439483      ,  0.17445377433148548      ,  0.16929540293544118      ,  0.16428241472833835      ,  0.15941083250674279      ,  0.15467679874474816      ,  0.15007657038048774      ,  0.14560651394694776      ,  0.14126310102030398      ,  0.13704290396118682      ,  0.13294259192627345      ,  0.12895892712942536      ,  0.12508876133325506      ,  0.12132903255352674      ,  0.11767676196019658      ,  0.11412905096017260      ,  0.11068307844805336      ,  0.10733609821218043      ,  0.10408543648433331      ,  0.10092848962230613      ]
 AlphaS_Lambda4:  0.43301269705292522     
 AlphaS_Lambda5:  0.23452078537019741     
