2.329744675125966324e+01 1.582724426040937082e+01 6.334326996636115759e+00 2.025290522696590489e+00 1.124164587759779593e-01 1.201125765279322266e+01 1.505017471979615173e+01 7.176741736170486163e+00 2.116858660654330038e+00 6.484737178442032124e-02 8.228293653357678039e+00 1.397961633747551069e+01 7.242378496925431897e+00 2.073775385634414548e+00 3.527178356942237830e-02 1.247667759335710080e+01 1.716942704017891330e+01 8.269750606795696513e+00 2.468217168351119373e+00 8.595249651174512173e-02 9.284761238752071932e+00 1.539736296308337415e+01 8.173589697662512421e+00 2.332332972610800415e+00 -5.486980749891439552e-03 6.890813830233126325e+00 1.431206246579902341e+01 7.890310744068860238e+00 2.206565950765549289e+00 -6.650400146379065180e-02 1.222284600864066029e+01 1.707410004370583323e+01 8.710197470008878895e+00 2.561972636213071475e+00 5.256094711243630702e-02 8.022075836189188180e+00 1.527124182219014514e+01 8.325449493320421723e+00 2.355443246446311534e+00 -6.158229744963494845e-02 5.855204777929168714e+00 1.426841503333744399e+01 7.959849955248627928e+00 2.205634219509784444e+00 -1.206885069957908119e-01 5.566137722231392221e-02 5.736035770693917457e-02 5.209121870991638426e-02 4.075963061266996840e-02 1.203703719630433606e-02 4.321847563698693467e-02 4.917365226239078096e-02 5.410883483131203459e-02 2.846351054755614368e-02 1.459032799712062581e-02 4.454865532519073495e-02 4.015493996989907138e-02 3.750327198233916609e-02 3.321929315379191366e-02 1.166690701812584351e-02 7.064986791646286901e-02 6.834932022484682679e-02 6.709495077606422719e-02 3.922348110786618575e-02 1.441591507189831332e-02 8.683894531389069193e-02 6.832002822173967316e-02 5.344002304855091645e-02 4.610295486662099179e-02 1.627280793071946008e-02 5.271068055002074704e-02 7.327582254609765755e-02 4.855530474609209834e-02 3.563751569544229558e-02 1.538736258226183762e-02 7.725665019200431138e-02 7.875361916934310591e-02 5.397490848189808593e-02 3.413483099055715508e-02 2.079139537160309623e-02 8.134904952235123832e-02 6.871800318298267041e-02 5.466253046532668775e-02 3.690997659245198736e-02 1.806285795980671835e-02 5.698975682837522511e-02 7.557003709639599498e-02 6.293563086823582287e-02 2.986586481280400010e-02 1.144699474761627644e-02
1.582724426040937082e+01 2.477787649555749994e+01 6.593419352490015761e+00 2.026556440170248496e+00 1.417116431491292905e-01 8.252456905518011254e+00 1.608128896113761641e+01 7.568869609527173914e+00 2.065227264200849788e+00 6.231480170826159820e-02 3.693575235892739173e+00 1.459339923708071396e+01 7.630743001903764089e+00 1.987453013528834855e+00 1.645610235053054926e-02 7.232114749892510019e+00 1.844180683966037293e+01 8.881930018070194777e+00 2.495861883069521170e+00 9.506787627191172485e-02 3.586704873266206128e+00 1.597524848610646941e+01 8.715061323421178230e+00 2.297570443369905568e+00 -3.910310819181213315e-02 7.076340209215512544e-01 1.456564385128690553e+01 8.360555922110945559e+00 2.139062557183509128e+00 -1.279371881919149079e-01 6.702143940893138918e+00 1.807370365226315911e+01 9.390790355826784008e+00 2.595359022778818137e+00 4.733085423099615829e-02 1.498573408350733160e+00 1.567280116789571132e+01 8.892549869823472619e+00 2.330404010486903044e+00 -1.174500331798548070e-01 -1.159359679503402685e+00 1.440817046354028008e+01 8.444576128965726625e+00 2.146395820063562887e+00 -2.023041915347530417e-01 6.584185484150419099e-02 6.785157921466251907e-02 6.161871358512500257e-02 4.821457563786062800e-02 1.423861383514487232e-02 5.112314393508793353e-02 5.816752361975321278e-02 6.400535212014057951e-02 3.366949262262444731e-02 1.725890206128850857e-02 5.269661376847038781e-02 4.749928694914710980e-02 4.436262832808102186e-02 3.929510886936000980e-02 1.380078676940854968e-02 8.357174364098160502e-02 8.085042529195202166e-02 7.936663140675055683e-02 4.639746406503392900e-02 1.705258897530244691e-02 1.027218067046746786e-01 8.081577577530613121e-02 6.321421452142529651e-02 5.453519502344589959e-02 1.924910792916180446e-02 6.235147512627587513e-02 8.667798592554150361e-02 5.743608021246681544e-02 4.215562482328377714e-02 1.820171443994966776e-02 9.138690778645726376e-02 9.315767270509212050e-02 6.384693061320682872e-02 4.037809876933029507e-02 2.459414596483648630e-02 9.622780781640032088e-02 8.128654044079504370e-02 6.466031880225406314e-02 4.366081908640409570e-02 2.136655848564830359e-02 6.741319535734109636e-02 8.939181280037229727e-02 7.444657101160764845e-02 3.532833777839609890e-02 1.354065249829762910e-02
6.334326996636115759e+00 6.593419352490015761e+00 9.135302054221668300e+00 2.863632697796084425e+00 5.773907620982271505e-01 6.008838297421045915e+00 6.031964277340403413e+00 4.889262097095113724e+00 2.911934652180858674e+00 6.087375587801238108e-01 5.138904601378392556e+00 5.737921994804790593e+00 4.789901657921610933e+00 2.895129502202588245e+00 6.045229799480129618e-01 6.885005006360102264e+00 6.432035323629533785e+00 5.106940941682518442e+00 2.993414189416414573e+00 6.180455201618541006e-01 5.620849058667799270e+00 6.073593503387503922e+00 4.962772505290938163e+00 2.940503644900217761e+00 6.091312849995844658e-01 5.223871082202824034e+00 5.882623203066280837e+00 4.846356681519121246e+00 2.878837635439505771e+00 5.973347976225660272e-01 6.288735630572346302e+00 6.353340175950777713e+00 5.082460481112751616e+00 2.989548413935251947e+00 6.160522660971105013e-01 5.563169474561147965e+00 6.048286834044798610e+00 4.915049196010441435e+00 2.889316439210176668e+00 5.986771182694639037e-01 5.328134042918326152e+00 5.889107583855028416e+00 4.806583178809958667e+00 2.826257667503877524e+00 5.805224645972253406e-01 5.108845691175237930e-02 5.264785582737765979e-02 4.781160861171376841e-02 3.741097932193361564e-02 1.104812145938113659e-02 3.966781528874356588e-02 4.513373797358243705e-02 4.966346531067191566e-02 2.612506022547855453e-02 1.339164390834388617e-02 4.088871263402962114e-02 3.685596768927577871e-02 3.442215033715285283e-02 3.049012639676501948e-02 1.070839972407289231e-02 6.484555203251872457e-02 6.273400831078988771e-02 6.158269293317003568e-02 3.600103383185479511e-02 1.323156006457760700e-02 7.970459836470240866e-02 6.270712282370212443e-02 4.904960047924323413e-02 4.231531702495516106e-02 1.493589789345897180e-02 4.838017789810145075e-02 6.725576853529206811e-02 4.456619146252971397e-02 3.270967726466210423e-02 1.412319725991707450e-02 7.090954700449396408e-02 7.228353088548108984e-02 4.954054182453438565e-02 3.133044723787258012e-02 1.908325592331069215e-02 7.466573086640346246e-02 6.307240172397460265e-02 5.017167148436398744e-02 3.387759776812224871e-02 1.657888443717395535e-02 5.230770206258036209e-02 6.936149942173958083e-02 5.776508642579641223e-02 2.741220256780648248e-02 1.050655458266684140e-02
2.025290522696590489e+00 2.026556440170248496e+00 2.863632697796084425e+00 4.142523071205601148e+00 5.188886799282972362e-01 3.068200289753610921e+00 1.793803814424238752e+00 2.588417732661967730e+00 2.096029351698650345e+00 5.575919012293072408e-01 3.216584877788082331e+00 1.820902523362547765e+00 2.482601477618724850e+00 2.090051029570383356e+00 5.597791891081345117e-01 3.909762792646855445e+00 1.671861995484824392e+00 2.522673406251277228e+00 2.086778597216860209e+00 5.615769661773717392e-01 3.574072709955831595e+00 1.825289218494294596e+00 2.421557418822539276e+00 2.069976330409283971e+00 5.746424771180745905e-01 3.786838485431009538e+00 1.924190731942853505e+00 2.384744024807646579e+00 2.044132075174021512e+00 5.784958008255608464e-01 3.524800814769446067e+00 1.670526811728149319e+00 2.400162753781578839e+00 2.061667348308321657e+00 5.675225147167544115e-01 3.892818390927384797e+00 1.855584047085558241e+00 2.345138949043892751e+00 2.018497398550224364e+00 5.788755879567210050e-01 4.194377701201508657e+00 1.956009743383603450e+00 2.335938160631867433e+00 1.998478985989393886e+00 5.762260946427398833e-01 3.936684326815834828e-02 4.056845741771068076e-02 3.684182722267517057e-02 2.882749349855744450e-02 8.513266835408820482e-03 3.056652640653536798e-02 3.477836083366648429e-02 3.826879833963219707e-02 2.013098874847841710e-02 1.031909708593072364e-02 3.150730397829503565e-02 2.839982241049567036e-02 2.652441430392772984e-02 2.349454455359894015e-02 8.251490044385996828e-03 4.996754331239419006e-02 4.834046714349075208e-02 4.745330681877648477e-02 2.774104253722861971e-02 1.019574249727682978e-02 6.141736551163967661e-02 4.831975019840469010e-02 3.779577719028666405e-02 3.260659166201274051e-02 1.150904112168941312e-02 3.727994532874705919e-02 5.182476549216961936e-02 3.434103083979729576e-02 2.520484696678671616e-02 1.088280458219398686e-02 5.464022974825587936e-02 5.569897004626932907e-02 3.817407812482691981e-02 2.414206418614511102e-02 1.470483922183818057e-02 5.753460374811262407e-02 4.860122037944834827e-02 3.866040290154339892e-02 2.610480257689259606e-02 1.277506475340419584e-02 4.030634772101383823e-02 5.344736250884776080e-02 4.451160283866063133e-02 2.112281222323632648e-02 8.095955770569566654e-03
1.124164587759779593e-01 1.417116431491292905e-01 5.773907620982271505e-01 5.188886799282972362e-01 5.008905482899215222e-01 4.219437013516393886e-01 9.493618513130319680e-02 4.821030619082856683e-01 5.103282693952441162e-01 1.763136847155054310e-01 5.313504952773587808e-01 1.194219695189504687e-01 4.499129812024378894e-01 5.068052739996726785e-01 1.753960370847661432e-01 5.961040708707717739e-01 2.399954519545386897e-02 4.466665523911065305e-01 5.040582780373561445e-01 1.782576478576914647e-01 5.840060206234669593e-01 9.221916142161881713e-02 4.196908212027483098e-01 4.978108373434062539e-01 1.801826262817865787e-01 6.793977486973001856e-01 1.320732465880201378e-01 4.120639135687723664e-01 4.916761832832412527e-01 1.804716221352715977e-01 5.132760408872525382e-01 2.779467710946221387e-02 4.068321344656234406e-01 4.953511401840698380e-01 1.793939534346664921e-01 6.759248719339306932e-01 1.005774613170059562e-01 3.964685483374419950e-01 4.832721233447633824e-01 1.811906514093741538e-01 7.867716150630057470e-01 1.400903988182610749e-01 3.992014509452979643e-01 4.805174779988136136e-01 1.794904409296274594e-01 1.677228823529395077e-02 1.728423730691790172e-02 1.569650228453571897e-02 1.228198630927429535e-02 3.627086993356613397e-03 1.302290325261629134e-02 1.481736008853728505e-02 1.630446494778541033e-02 8.576830594492700424e-03 4.396463020269714486e-03 1.342372260435780416e-02 1.209977655702129500e-02 1.130075680560509513e-02 1.000987736115097927e-02 3.515556694560814655e-03 2.128872851542248229e-02 2.059551086777584861e-02 2.021753520496571976e-02 1.181910264464330028e-02 4.343907657830414423e-03 2.616693825300493714e-02 2.058668438981896970e-02 1.610293375047371772e-02 1.389207536912559146e-02 4.903440026672375475e-03 1.588316300066386355e-02 2.208000013209715506e-02 1.463103514850720363e-02 1.073855364459345638e-02 4.636631238567542022e-03 2.327953187249050260e-02 2.373060937757880129e-02 1.626410929280943177e-02 1.028575383519532600e-02 6.265013432809686360e-03 2.451268319873879664e-02 2.070660507977490142e-02 1.647130851565520998e-02 1.112198075326067785e-02 5.442830831242909638e-03 1.717256517328201101e-02 2.277130943185668929e-02 1.896421888693311866e-02 8.999398111117169752e-03 3.449291140750805704e-03
1.201125765279322266e+01 8.252456905518011254e+00 6.008838297421045915e+00 3.068200289753610921e+00 4.219437013516393886e-01 2.013141032515132167e+01 8.498174040711212740e+00 6.051789790835170102e+00 3.268130017904326223e+00 4.903493104997498908e-01 1.456743401117952530e+01 8.599183884419680624e+00 6.014486205136917896e+00 3.317480500820546130e+00 5.066532914317718461e-01 1.847860403538807361e+01 9.023375901629467677e+00 6.175952834904509636e+00 3.293885383298660763e+00 4.795635559789026559e-01 1.727545398236398100e+01 9.334873433406951193e+00 6.169780557538411259e+00 3.335777267348698949e+00 5.192350022045832958e-01 1.709797983691910161e+01 9.394191868386920774e+00 6.111302294229771448e+00 3.310314873311352546e+00 5.397601056397398622e-01 1.832325778014716633e+01 9.344163145301319418e+00 6.168102910109526604e+00 3.313323640279352222e+00 4.910555348057821234e-01 1.827283277826887442e+01 9.549033677195788883e+00 6.116514722927621328e+00 3.277733417460882759e+00 5.301558124440777231e-01 1.829538509941925284e+01 9.563602897741924735e+00 6.061025406339982879e+00 3.246549365667338538e+00 5.421164676200163068e-01 6.203869556142972697e-02 6.393233417244532923e-02 5.805949152247747574e-02 4.542960381084591021e-02 1.341616257715885774e-02 4.817016729505634726e-02 5.480764929990088186e-02 6.030827296773640100e-02 3.172467433596806718e-02 1.626199282025495019e-02 4.965275031467649564e-02 4.475563164975698838e-02 4.180015280213211087e-02 3.702534356098904911e-02 1.300362529209671443e-02 7.874446996916138752e-02 7.618034049578031874e-02 7.478225355941564567e-02 4.371745229356081841e-02 1.606759679719881040e-02 9.678838649081039636e-02 7.614769240559937646e-02 5.956283308375917573e-02 5.138513138165816396e-02 1.813724035449865157e-02 5.874992726855441522e-02 8.167128938966129736e-02 5.411845554959889004e-02 3.972063030285380436e-02 1.715034644079172985e-02 8.610821435866693185e-02 8.777669629865018919e-02 6.015900220884446564e-02 3.804577776446181614e-02 2.317353813586759889e-02 9.066949416956983365e-02 7.659126474774632931e-02 6.092540744385851331e-02 4.113888148783816784e-02 2.013238266566937454e-02 6.351927225721103187e-02 8.422836011161070890e-02 7.014638584680513156e-02 3.328770122593348313e-02 1.275851690489539052e-02
1.505017471979615173e+01 1.608128896113761641e+01 6.031964277340403413e+00 1.793803814424238752e+00 9.493618513130319680e-02 8.498174040711212740e+00 1.929726444241294558e+01 6.951635473578938296e+00 1.847537887971250514e+00 2.526664008031040756e-02 4.358042595966071353e+00 1.363326050097541220e+01 7.022164067412031585e+00 1.786001627823823990e+00 -1.439572908112026275e-02 7.832746882892053897e+00 1.712228488877578414e+01 8.140698129139362749e+00 2.232562369068170849e+00 5.194415941429910560e-02 4.512712682754848714e+00 1.495070572612151771e+01 8.014325951888579880e+00 2.065178971188515344e+00 -6.519292788916070114e-02 1.897975135267225166e+00 1.368862906697519755e+01 7.700491255903964216e+00 1.926849748007672947e+00 -1.423786560349323549e-01 7.406756479423315831e+00 1.684188806256736726e+01 8.614501160966247184e+00 2.327297625500146072e+00 9.386245062781236465e-03 2.720583073941537755e+00 1.470479472205599158e+01 8.179472251433089980e+00 2.095759686489982343e+00 -1.344925958707276215e-01 3.090542846137641630e-01 1.356625438731347266e+01 7.778746268325053670e+00 1.933798658412470006e+00 -2.081333601311926296e-01 6.295014747780101894e-02 6.487160679854148126e-02 5.891248229433058980e-02 4.609704046596357213e-02 1.361326838315040852e-02 4.887786739892991533e-02 5.561286508553479890e-02 6.119430208991641362e-02 3.219076271771267178e-02 1.650090861927204847e-02 5.038223203600966649e-02 4.541316652966409517e-02 4.241426676812275198e-02 3.756930761499713278e-02 1.319467023727161591e-02 7.990135757628338831e-02 7.729955676405182718e-02 7.588092959862735576e-02 4.435973458707521272e-02 1.630365659439081752e-02 9.821036932831513078e-02 7.726642901897017024e-02 6.043791045067350293e-02 5.214006467042189841e-02 1.840370666764712046e-02 5.961306169314228853e-02 8.287117685591229022e-02 5.491354592948758523e-02 4.030419261475257087e-02 1.740231363624013955e-02 8.737328765336255243e-02 8.906628237601904585e-02 6.104283829459745264e-02 3.860473369897076540e-02 2.351399606380913040e-02 9.200158027275746886e-02 7.771651817868781287e-02 6.182050330085345907e-02 4.174328027524228102e-02 2.042816094720295919e-02 6.445247631479823769e-02 8.546581521187990305e-02 7.117695325683846830e-02 3.377675307977088398e-02 1.294596079902929527e-02
7.176741736170486163e+00 7.568869609527173914e+00 4.889262097095113724e+00 2.588417732661967730e+00 4.821030619082856683e-01 6.051789790835170102e+00 6.951635473578938296e+00 8.717514206724068515e+00 2.638700745215492471e+00 4.991848160359271258e-01 4.787234901323052405e+00 6.535094629730351379e+00 4.887807452180792822e+00 2.619849727283797503e+00 4.901474595332542261e-01 6.683642096510112651e+00 7.566127557543941506e+00 5.295962044861392215e+00 2.756626234169114564e+00 5.100970283330886756e-01 5.200167076882153516e+00 6.988465794750904791e+00 5.165103509056405251e+00 2.694118587124445074e+00 4.876544476647183268e-01 4.530444096207677518e+00 6.662215301258822109e+00 5.025658774097463422e+00 2.626230032644804258e+00 4.683310704873072661e-01 6.124524590881599728e+00 7.469505016008926468e+00 5.340562394074195751e+00 2.768669088091692210e+00 5.028990175611730562e-01 4.913620349626990347e+00 6.936420457931093964e+00 5.146075226675947079e+00 2.655341893542364051e+00 4.703178572786581024e-01 4.403665600355488152e+00 6.652479905834706386e+00 5.003299393315262300e+00 2.584296614271555548e+00 4.458630478998698576e-01 6.142349549479639986e-02 6.329835604174835484e-02 5.748375080565406442e-02 4.497910602009393133e-02 1.328312264076529983e-02 4.769249300062643887e-02 5.426415512749473841e-02 5.971023245104701421e-02 3.141008000756084079e-02 1.610073251366604674e-02 4.916037414484114576e-02 4.431181723161074087e-02 4.138564607280068725e-02 3.665818571507192120e-02 1.287467623741758022e-02 7.796360888345289786e-02 7.542490632481602120e-02 7.404068336751518098e-02 4.328393286958441555e-02 1.590826419791024557e-02 9.582859484336160583e-02 7.539258198591762550e-02 5.897218464167972712e-02 5.087557624088868274e-02 1.795738435698523289e-02 5.816733991975157197e-02 8.086140481327139251e-02 5.358179569305436540e-02 3.932674493521517989e-02 1.698027687086157630e-02 8.525433149198613503e-02 8.690626810987057971e-02 5.956244191961609924e-02 3.766850089227745391e-02 2.294374023189330383e-02 8.977037986115407597e-02 7.583175569053716980e-02 6.032124717936662717e-02 4.073093218452827902e-02 1.993274205354296849e-02 6.288939021066727864e-02 8.339311861782768009e-02 6.945078673956225912e-02 3.295760730911364428e-02 1.263199844123326886e-02
2.116858660654330038e+00 2.065227264200849788e+00 2.911934652180858674e+00 2.096029351698650345e+00 5.103282693952441162e-01 3.268130017904326223e+00 1.847537887971250514e+00 2.638700745215492471e+00 3.538649168278490187e+00 5.510480773865278348e-01 3.433721169584807775e+00 1.885765681240101799e+00 2.534423339427839039e+00 2.113702818048289522e+00 5.543328745391381540e-01 4.168441545817598737e+00 1.717153014625559804e+00 2.566008702674826392e+00 2.104370356531938491e+00 5.541551432838004443e-01 3.828812078916484118e+00 1.891904382521479189e+00 2.468995309566231811e+00 2.092044950849170082e+00 5.696609517523864019e-01 4.058888491888875905e+00 2.001519637884937364e+00 2.434766917601538516e+00 2.067890382004804017e+00 5.750449664148137296e-01 3.771833275601736979e+00 1.721910829977423507e+00 2.441551392996279990e+00 2.080040505627430925e+00 5.608712908674133857e-01 4.174991596319537202e+00 1.926923811470235171e+00 2.391149148843874084e+00 2.040151514257567023e+00 5.749601566524100704e-01 4.496412059794518967e+00 2.036500077704778811e+00 2.384683130481966895e+00 2.021541123771389170e+00 5.737477034830686939e-01 3.910682772709514476e-02 4.030050529023853495e-02 3.659848925488821958e-02 2.863708970446948721e-02 8.457037239671467282e-03 3.036463640870446304e-02 3.454865193250164501e-02 3.801603531674166425e-02 1.999802482510978571e-02 1.025094009417486934e-02 3.129920020336052211e-02 2.821224335723343871e-02 2.634922220407757976e-02 2.333936455421405792e-02 8.196989468003635856e-03 4.963751080962351681e-02 4.802118137719389029e-02 4.713988069101524708e-02 2.755781468388409164e-02 1.012840025487470909e-02 6.101170764836106458e-02 4.800060126623620360e-02 3.754613844254420241e-02 3.239122716058515095e-02 1.143302462389734174e-02 3.703371361823291907e-02 5.148246615289749084e-02 3.411421047592777533e-02 2.503837052678256972e-02 1.081092433763262105e-02 5.427933444341689895e-02 5.533108182788740170e-02 3.792194072303925467e-02 2.398260736002920043e-02 1.460771467719361796e-02 5.715459128377762404e-02 4.828021235431376873e-02 3.840505335497976236e-02 2.593238198629195176e-02 1.269068624859630463e-02 4.004012681171788268e-02 5.309434601762252209e-02 4.421760648195895149e-02 2.098329736776293267e-02 8.042482488351607520e-03
6.484737178442032124e-02 6.231480170826159820e-02 6.087375587801238108e-01 5.575919012293072408e-01 1.763136847155054310e-01 4.903493104997498908e-01 2.526664008031040756e-02 4.991848160359271258e-01 5.510480773865278348e-01 4.743058721539581413e-01 6.451203636580218337e-01 6.566082994154118224e-02 4.642755130970196986e-01 5.488540937297643474e-01 1.870707508712118050e-01 7.116485182611693716e-01 -6.967039162928433116e-02 4.495823965207172423e-01 5.401691978855552856e-01 1.887729634229800002e-01 7.198683963427996435e-01 2.846965401469013501e-02 4.225988122689679494e-01 5.363348786407642343e-01 1.928326248415526134e-01 8.482660931070522548e-01 8.514761260622703831e-02 4.176104812654046206e-01 5.313160062111421666e-01 1.943998333319066352e-01 6.217182236995435485e-01 -6.079478548347471561e-02 4.020579110507299103e-01 5.302324337662421838e-01 1.906791194377395748e-01 8.450706119961929330e-01 4.160921185841036374e-02 3.956008600866834368e-01 5.200809232847725116e-01 1.949090863945026342e-01 9.900828983453930920e-01 9.629629930686695038e-02 4.024763028336442727e-01 5.187423244568969416e-01 1.942606448901805227e-01 1.730799017218163927e-02 1.783629074608181209e-02 1.619784393561069999e-02 1.267426932769160838e-02 3.742935081604497650e-03 1.343885093956618572e-02 1.529062219729883723e-02 1.682522474692041414e-02 8.850772032737177358e-03 4.536884751781434556e-03 1.385247234312423151e-02 1.248623984972006828e-02 1.166169964322699530e-02 1.032958989024363415e-02 3.627842537976722678e-03 2.196868422209759600e-02 2.125332540734726355e-02 2.086327731340410774e-02 1.219660129540500043e-02 4.482650786574422265e-03 2.700270253918371846e-02 2.124421701428905185e-02 1.661725670263659166e-02 1.433578415699211794e-02 5.060054454164355023e-03 1.639046653993012428e-02 2.278522882071189887e-02 1.509834609366696168e-02 1.108153987915361238e-02 4.784723872100264674e-03 2.402307325092266008e-02 2.448855803841465742e-02 1.678358014423308661e-02 1.061427777746035139e-02 6.465116113105932524e-03 2.529561106663973102e-02 2.136796793569469000e-02 1.699739724911397340e-02 1.147721353652586020e-02 5.616673241863617654e-03 1.772105183745100940e-02 2.349861833550675669e-02 1.956993044201564211e-02 9.286836231146851361e-03 3.559460481932377220e-03
8.228293653357678039e+00 3.693575235892739173e+00 5.138904601378392556e+00 3.216584877788082331e+00 5.313504952773587808e-01 1.456743401117952530e+01 4.358042595966071353e+00 4.787234901323052405e+00 3.433721169584807775e+00 6.451203636580218337e-01 1.930040355771174632e+01 4.982738406593669289e+00 4.701577969970433202e+00 3.515845890023983955e+00 6.806767453048772065e-01 1.879694248974639592e+01 4.079578029644999937e+00 4.447032297449899474e+00 3.305429551302678348e+00 6.210725162661773213e-01 1.866408928673499901e+01 5.305296751334029004e+00 4.474338853500279711e+00 3.419167528344766893e+00 7.161847647974692865e-01 1.953051118021041077e+01 5.886078073544600997e+00 4.526480846904997968e+00 3.441288280634305252e+00 7.715344548489927456e-01 1.871396369125277559e+01 4.545196449518012827e+00 4.227495340519680234e+00 3.284278939960078247e+00 6.516800334452899079e-01 2.058019325404165656e+01 5.648515002783244476e+00 4.331786874483199767e+00 3.329363834020977020e+00 7.563734324104712803e-01 2.161154091648534603e+01 6.131913691501463148e+00 4.425963870600202021e+00 3.354846950566264585e+00 7.994624350790909828e-01 5.170079792948594627e-02 5.327888764097331309e-02 4.838467366097426448e-02 3.785938349260514063e-02 1.118054311287063757e-02 4.014326966441856409e-02 4.567470633934465202e-02 5.025872652486444714e-02 2.643819252451145435e-02 1.355215478214314047e-02 4.137880056037638449e-02 3.729771954730096845e-02 3.483473070939700073e-02 3.085557793234125143e-02 1.083674950759959572e-02 6.562278418489467247e-02 6.348593171614720643e-02 6.232081679020117643e-02 3.643253854013239756e-02 1.339015218980350169e-02 8.065992952620124057e-02 6.345872398236182543e-02 4.963750397237017692e-02 4.282250408557703586e-02 1.511491803753267811e-02 4.896005776065881498e-02 6.806188929608335270e-02 4.510035727387556870e-02 3.310173210986085135e-02 1.429247645734376196e-02 7.175946158020253540e-02 7.314991389141620171e-02 5.013432969039826465e-02 3.170597077307792111e-02 1.931198587641799747e-02 7.556066667758934430e-02 6.382838107816161954e-02 5.077302400576031577e-02 3.428365118898664410e-02 1.677759724986827017e-02 5.293465682795196053e-02 7.019285925750053112e-02 5.845745284180577789e-02 2.774076242326823857e-02 1.063248507097922999e-02
1.397961633747551069e+01 1.459339923708071396e+01 5.737921994804790593e+00 1.820902523362547765e+00 1.194219695189504687e-01 8.599183884419680624e+00 1.363326050097541220e+01 6.535094629730351379e+00 1.885765681240101799e+00 6.566082994154118224e-02 4.982738406593669289e+00 1.632556163695044660e+01 6.593583501895334820e+00 1.838065293033054770e+00 3.300107687228235470e-02 8.309932574883449163e+00 1.555422524484880853e+01 7.566982225796963668e+00 2.217416306578258833e+00 8.710929242851178644e-02 5.342920541300411941e+00 1.371153536116773530e+01 7.459587608994498353e+00 2.078076362729591509e+00 -9.997240779277927897e-03 3.078029723417326391e+00 1.263003368451206754e+01 7.185155096133782671e+00 1.957490891721351156e+00 -7.440342485544435003e-02 7.921101904207565880e+00 1.533955028879482008e+01 7.973380809762316446e+00 2.300144532365758110e+00 5.129300045572575406e-02 3.887002033990114125e+00 1.351749900180339559e+01 7.595948312322056140e+00 2.098379199136840345e+00 -6.878211928116645391e-02 1.814845221831274058e+00 1.253923715014517093e+01 7.247286574973103690e+00 1.957179774957316765e+00 -1.309287216625258932e-01 6.124409039950490935e-02 6.311347487362228836e-02 5.731585287493676240e-02 4.484773152346756275e-02 1.324432543679736861e-02 4.755319327203657437e-02 5.410566095774523021e-02 5.953583143631375335e-02 3.131833777844351963e-02 1.605370566461409437e-02 4.901678704454712904e-02 4.418239174501255306e-02 4.126476731594096170e-02 3.655111487437086304e-02 1.283707201937992967e-02 7.773589360010194071e-02 7.520460605701861923e-02 7.382442612347538125e-02 4.315750961674762187e-02 1.586179950827711072e-02 9.554869969817274267e-02 7.517237613070704150e-02 5.879993930917364053e-02 5.072697939647303339e-02 1.790493461888747334e-02 5.799744536918762655e-02 8.062522567825038122e-02 5.342529455151617812e-02 3.921187979499853732e-02 1.693068105796371320e-02 8.500532154323407752e-02 8.665243320213565636e-02 5.938847256990223422e-02 3.755847913370398417e-02 2.287672639835147334e-02 8.950817948614110675e-02 7.561026710142010332e-02 6.014506151928427496e-02 4.061196570906133035e-02 1.987452271160011774e-02 6.270570354561053050e-02 8.314954487993200805e-02 6.924793561699572886e-02 3.286134507863911619e-02 1.259510303393324843e-02
7.242378496925431897e+00 7.630743001903764089e+00 4.789901657921610933e+00 2.482601477618724850e+00 4.499129812024378894e-01 6.014486205136917896e+00 7.022164067412031585e+00 4.887807452180792822e+00 2.534423339427839039e+00 4.642755130970196986e-01 4.701577969970433202e+00 6.593583501895334820e+00 8.456049982624925576e+00 2.515944488297932491e+00 4.550648517482274169e-01 6.606410907527367371e+00 7.666631962414227175e+00 5.238973668083761304e+00 2.655402763979971770e+00 4.746727017297666662e-01 5.109522597722265580e+00 7.062309223886460430e+00 5.114652202015701477e+00 2.593322782268685511e+00 4.508463802674977927e-01 4.402918138436647588e+00 6.719979612747727593e+00 4.975747627538211759e+00 2.526200340181644854e+00 4.308722909227405418e-01 6.067665430266134585e+00 7.568905313255364753e+00 5.295794851989778174e+00 2.669589889316797304e+00 4.666889965592200817e-01 4.794433757295002430e+00 7.007631571630591694e+00 5.102133550254674077e+00 2.557872054519093830e+00 4.326166175580138384e-01 4.244650457486267570e+00 6.708319490231775539e+00 4.956939741487846440e+00 2.486746010123380479e+00 4.080022762323891050e-01 5.790402337863837651e-02 5.967145729082252298e-02 5.419002001969099036e-02 4.240187220797968920e-02 1.252202007939053757e-02 4.495978627474518652e-02 5.115490223754368820e-02 5.628892768048772421e-02 2.961033058167106269e-02 1.517818522658814090e-02 4.634356007998021582e-02 4.177281804397648540e-02 3.901431200610391142e-02 3.455772787863915091e-02 1.213697702871669934e-02 7.349641362974729253e-02 7.110317483533233618e-02 6.979826573116736099e-02 4.080382987992203780e-02 1.499674505022899687e-02 9.033776328509596221e-02 7.107270263149252643e-02 5.559316887900797588e-02 4.796048372570533430e-02 1.692845376593972440e-02 5.483444052564278443e-02 7.622817029574407988e-02 5.051164095249003477e-02 3.707338274695491653e-02 1.600733304065081811e-02 8.036938901108879596e-02 8.192667219354970998e-02 5.614960531991249754e-02 3.551015354522562423e-02 2.162909909439304085e-02 8.462667473279630870e-02 7.148671235618701825e-02 5.686493220169425156e-02 3.839711221980948719e-02 1.879062649514140829e-02 5.928592457482803613e-02 7.861482078097195569e-02 6.547136314267767987e-02 3.106918694154375132e-02 1.190820429817544476e-02
2.073775385634414548e+00 1.987453013528834855e+00 2.895129502202588245e+00 2.090051029570383356e+00 5.068052739996726785e-01 3.317480500820546130e+00 1.786001627823823990e+00 2.619849727283797503e+00 2.113702818048289522e+00 5.488540937297643474e-01 3.515845890023983955e+00 1.838065293033054770e+00 2.515944488297932491e+00 4.645195376066157067e+00 5.524214511442074871e-01 4.254522512135367585e+00 1.639057325268191478e+00 2.536366710426584348e+00 2.097346483158426089e+00 5.513031195165734033e-01 3.937248572541977243e+00 1.840972583092478576e+00 2.444360977290400250e+00 2.089077794302076185e+00 5.684567498370048932e-01 4.190900675551659127e+00 1.961632024397525598e+00 2.411785969143169339e+00 2.067034695944699241e+00 5.751582506353660751e-01 3.860423901363591703e+00 1.653961300221541642e+00 2.408953362046768909e+00 2.073805368948094863e+00 5.584740970087074263e-01 4.310192158146767483e+00 1.881122763700678435e+00 2.363468259599891486e+00 2.035930554967141592e+00 5.747446410179902765e-01 4.654266585030086389e+00 1.999984790985831262e+00 2.360475906755447273e+00 2.020385204882502617e+00 5.745392647755507287e-01 4.620732071027502941e-02 4.761773022673425337e-02 4.324355179902469870e-02 3.383662815653360606e-02 9.992552572130233846e-03 3.587783960844733583e-02 4.082153252350614880e-02 4.491847685197821599e-02 2.362899780862711199e-02 1.211216823360934322e-02 3.698208895552398956e-02 3.333464391080754458e-02 3.113336037754220118e-02 2.757701316651135770e-02 9.685288815803548210e-03 5.865002391004183607e-02 5.674022306966361451e-02 5.569890763153548252e-02 3.256139286108096498e-02 1.196737925471692832e-02 7.208939477430653664e-02 5.671590629833377778e-02 4.436326240916230179e-02 3.827239151314575094e-02 1.350887980921221601e-02 4.375779836175626436e-02 6.082996148610172321e-02 4.030821101725062805e-02 2.958450184370601740e-02 1.277382690126510623e-02 6.413464758813726407e-02 6.537735714871736881e-02 4.480729782465717875e-02 2.833704736898602639e-02 1.725998747951666343e-02 6.753195498095629357e-02 5.704628541553323495e-02 4.537812756515781365e-02 3.064083590681361199e-02 1.499489075448780934e-02 4.731007571824231983e-02 6.273450486598269871e-02 5.224604608716443277e-02 2.479316291767427044e-02 9.502728532198372394e-03
3.527178356942237830e-02 1.645610235053054926e-02 6.045229799480129618e-01 5.597791891081345117e-01 1.753960370847661432e-01 5.066532914317718461e-01 -1.439572908112026275e-02 4.901474595332542261e-01 5.543328745391381540e-01 1.870707508712118050e-01 6.806767453048772065e-01 3.300107687228235470e-02 4.550648517482274169e-01 5.524214511442074871e-01 4.817811466058360415e-01 7.441881233482442459e-01 -1.187192717407739295e-01 4.346865423271269457e-01 5.412457346245118650e-01 1.882594199361557197e-01 7.627390320819806835e-01 -9.289747973758151478e-03 4.079215654432876703e-01 5.384420019291377146e-01 1.933515764540435777e-01 9.042416076261350355e-01 5.501975549369166746e-02 4.051626109739989712e-01 5.340684663584661651e-01 1.954894955062508044e-01 6.535041672331898255e-01 -1.091560414433938031e-01 3.844029070993870145e-01 5.304763329190967935e-01 1.904877586021873903e-01 9.010565807073633859e-01 5.621626195427175537e-03 3.803455017040556774e-01 5.220630878567800170e-01 1.958326433645810050e-01 1.059369302446639516e+00 6.720029645994249345e-02 3.893939903251101287e-01 5.210873864014836654e-01 1.958063736420449508e-01 1.424116322469484372e-02 1.467585348218671329e-02 1.332772534999014831e-02 1.042849784716791232e-02 3.079719187860351266e-03 1.105760217557264988e-02 1.258125549833422063e-02 1.384393967926930702e-02 7.282491377038179635e-03 3.732987807307295344e-03 1.139793342505330750e-02 1.027378557496251565e-02 9.595346799045915628e-03 8.499275433351771714e-03 2.985020052753212510e-03 1.807602238771289713e-02 1.748741900027524915e-02 1.716648407276105334e-02 1.003546848053781838e-02 3.688363634127625901e-03 2.221805596969122706e-02 1.747992453610198657e-02 1.367282178315872010e-02 1.179560654372531318e-02 4.163456339570800573e-03 1.348621688607199928e-02 1.874788230867584227e-02 1.242304906599923410e-02 9.117986353703805627e-03 3.936911967814278775e-03 1.976639135577155926e-02 2.014939624376487978e-02 1.380967414188467163e-02 8.733519076294387826e-03 5.319553161136383185e-03 2.081344641894988454e-02 1.758174785893796416e-02 1.398560469537750775e-02 9.443550043207559266e-03 4.621447067015140714e-03 1.458103391669581493e-02 1.933486533916704830e-02 1.610230713954350842e-02 7.641288751211585545e-03 2.928754708708069220e-03
1.247667759335710080e+01 7.232114749892510019e+00 6.885005006360102264e+00 3.909762792646855445e+00 5.961040708707717739e-01 1.847860403538807361e+01 7.832746882892053897e+00 6.683642096510112651e+00 4.168441545817598737e+00 7.116485182611693716e-01 1.879694248974639592e+01 8.309932574883449163e+00 6.606410907527367371e+00 4.254522512135367585e+00 7.441881233482442459e-01 3.251222988376117939e+01 7.977949798910261237e+00 6.536696177719211853e+00 4.098032392101307764e+00 6.881699380656983722e-01 2.249399824146963311e+01 8.987744479736498704e+00 6.558591989327235972e+00 4.199852775579761222e+00 7.747765092484757421e-01 2.294806752084334889e+01 9.402236714298284781e+00 6.556346243750205360e+00 4.201016693872435148e+00 8.244637143435338267e-01 2.316650942482298703e+01 8.503691007908603439e+00 6.394243025051800977e+00 4.097589758380374647e+00 7.146092315873421308e-01 2.436578354847757311e+01 9.357135172857352856e+00 6.434733271207329963e+00 4.104972299939220193e+00 8.079972230521794696e-01 2.504172419432466157e+01 9.677662737978902641e+00 6.463659641238619358e+00 4.106976640921470967e+00 8.441000433731463692e-01 8.574598150284280795e-02 8.836324964240956092e-02 8.024617605348118021e-02 6.278993993658524286e-02 1.854297576326544711e-02 6.657777434699428676e-02 7.575168434078678736e-02 8.335430027279486231e-02 4.384784873663354066e-02 2.247630326437520878e-02 6.862690731193386851e-02 6.185841802215460983e-02 5.777354111900385308e-02 5.117410021900532791e-02 1.797279268488099699e-02 1.088356517544945279e-01 1.052916733325478249e-01 1.033593255373530390e-01 6.042351183872456122e-02 2.220762131279077276e-02 1.337748178395091470e-01 1.052465491965320354e-01 8.232400016856875058e-02 7.102129542053293998e-02 2.506815241480256015e-02 8.120045289918617626e-02 1.128809174007369964e-01 7.479912410349499885e-02 5.489935596497683146e-02 2.370412974307841564e-02 1.190133559196150104e-01 1.213194266754381995e-01 8.314798762203659543e-02 5.258448016887396631e-02 3.202900632212667825e-02 1.253176698765017805e-01 1.058596269780795601e-01 8.420726471531662927e-02 5.685957351587033609e-02 2.782571258206602977e-02 8.779234145321113125e-02 1.164151396605945937e-01 9.695192087582973905e-02 4.600816615760044970e-02 1.763401929441946181e-02
1.716942704017891330e+01 1.844180683966037293e+01 6.432035323629533785e+00 1.671861995484824392e+00 2.399954519545386897e-02 9.023375901629467677e+00 1.712228488877578414e+01 7.566127557543941506e+00 1.717153014625559804e+00 -6.967039162928433116e-02 4.079578029644999937e+00 1.555422524484880853e+01 7.666631962414227175e+00 1.639057325268191478e+00 -1.187192717407739295e-01 7.977949798910261237e+00 2.494246278860869381e+01 9.002645189238986489e+00 2.181701235316278797e+00 -3.738158283105551261e-02 4.136436527514700146e+00 1.712100244507112379e+01 8.864865526582823563e+00 1.978025334308369132e+00 -1.825778365579177331e-01 9.661091606027824019e-01 1.559105032328424656e+01 8.496300237364801333e+00 1.816060376431987589e+00 -2.772060989598429948e-01 7.589373150640643217e+00 1.941913598643597538e+01 9.594160691713998546e+00 2.297755994048110928e+00 -9.017458252313509393e-02 1.909521708012651864e+00 1.682522160626246688e+01 9.082138355511155225e+00 2.026540799654012570e+00 -2.671646229281265383e-01 -1.045173517279512243e+00 1.544162186002413684e+01 8.604248245921969129e+00 1.835619853275184621e+00 -3.560447431250691186e-01 6.384454567854824791e-02 6.579330516979084442e-02 5.974951318745412576e-02 4.675198905154183404e-02 1.380668624213910074e-02 4.957232608424721326e-02 5.640301488603272767e-02 6.206375316951083521e-02 3.264813035558128407e-02 1.673535418566210811e-02 5.109806479396351853e-02 4.605839860713759754e-02 4.301689035842965608e-02 3.810309383282961537e-02 1.338214063714367706e-02 8.103659924475904719e-02 7.839783194303701075e-02 7.695904886638557652e-02 4.498999946158237923e-02 1.653529959616084621e-02 9.960574616445266871e-02 7.836423351763475986e-02 6.129661468775357558e-02 5.288087278440627842e-02 1.866518726443885598e-02 6.046004644624682761e-02 8.404861383491016302e-02 5.569375977558386343e-02 4.087683618750855008e-02 1.764956640098673188e-02 8.861469080175223001e-02 9.033173966080852713e-02 6.191013737055980903e-02 3.915323129181373651e-02 2.384808385572835532e-02 9.330874238688711964e-02 7.882071756204697688e-02 6.269885147217535426e-02 4.233637046275343097e-02 2.071840507097083214e-02 6.536821966345340851e-02 8.668011691590458978e-02 7.218823824151678059e-02 3.425665453182518555e-02 1.312989752530430848e-02
