1.681241148697508336e+01 1.575002020997933627e+01 6.274406789612135604e+00 1.979118264987119291e+00 9.274471599735635563e-02 1.193849422038108798e+01 1.497634227119478822e+01 7.104699854527001257e+00 2.070991367823263207e+00 4.454731934639943186e-02 8.167655248862686790e+00 1.390778487499715332e+01 7.174464504644110008e+00 2.019580125288897854e+00 1.856872576988817525e-02 1.237610855538440013e+01 1.709454557720932755e+01 8.196170105497728287e+00 2.419860716170071147e+00 6.470264885674213706e-02 9.183122876899073361e+00 1.530186848554628831e+01 8.089274522912772269e+00 2.278891628052964968e+00 -2.492492821703651967e-02 6.791424075713213604e+00 1.423110805048696648e+01 7.820268031658286212e+00 2.151863894974479496e+00 -8.635436399578685918e-02 1.211829081560802734e+01 1.696608397660738632e+01 8.632602831559411882e+00 2.505205301609632951e+00 3.183192392238053114e-02 7.913413239905617402e+00 1.516937047298102748e+01 8.252167942572480541e+00 2.308232382330962729e+00 -8.181315490153079351e-02 5.751388539119343335e+00 1.418180287364330638e+01 7.891404099532486782e+00 2.150516072265404421e+00 -1.393493709570132189e-01 0.000000000000000000e+00 0.000000000000000000e+00 0.000000000000000000e+00 0.000000000000000000e+00 0.000000000000000000e+00 0.000000000000000000e+00 0.000000000000000000e+00 0.000000000000000000e+00 0.000000000000000000e+00 0.000000000000000000e+00 0.000000000000000000e+00 0.000000000000000000e+00 0.000000000000000000e+00 0.000000000000000000e+00 0.000000000000000000e+00 0.000000000000000000e+00 0.000000000000000000e+00 0.000000000000000000e+00 0.000000000000000000e+00 0.000000000000000000e+00 0.000000000000000000e+00 0.000000000000000000e+00 0.000000000000000000e+00 0.000000000000000000e+00 0.000000000000000000e+00 0.000000000000000000e+00 0.000000000000000000e+00 0.000000000000000000e+00 0.000000000000000000e+00 0.000000000000000000e+00 0.000000000000000000e+00 0.000000000000000000e+00 0.000000000000000000e+00 0.000000000000000000e+00 0.000000000000000000e+00 0.000000000000000000e+00 0.000000000000000000e+00 0.000000000000000000e+00 0.000000000000000000e+00 0.000000000000000000e+00 0.000000000000000000e+00 0.000000000000000000e+00 0.000000000000000000e+00 0.000000000000000000e+00 0.000000000000000000e+00
1.575002020997933627e+01 1.737970128966008332e+01 6.522539726978985541e+00 1.971939266799396240e+00 1.184419344723886547e-01 8.166385025989869817e+00 1.599395254213404627e+01 7.483651252555266531e+00 2.010970833848904071e+00 3.830186540306232401e-02 3.621846054441959506e+00 1.450842978498356040e+01 7.550407526127909996e+00 1.923345428649735567e+00 -3.301948239085584959e-03 7.113151613689444375e+00 1.835322954133965467e+01 8.794891627584885185e+00 2.438661025598133580e+00 6.993142700446722260e-02 3.466476833619881681e+00 1.586228804851166352e+01 8.615324885448476522e+00 2.234354665634869175e+00 -6.209626034535753458e-02 5.900658593632088778e-01 1.446988285636099292e+01 8.277702382845779638e+00 2.074355483865107264e+00 -1.514181862125491274e-01 6.578465581029985465e+00 1.794593142373851080e+01 9.299003641659377095e+00 2.528208930718208514e+00 2.281048833285087563e-02 1.370036400316808178e+00 1.555229752745675320e+01 8.805865108006763364e+00 2.274558269379752584e+00 -1.413811187213906695e-01 -1.282163930260734164e+00 1.430571692159298536e+01 8.363611511820787214e+00 2.081196552077389850e+00 -2.243781314454476317e-01 0.000000000000000000e+00 0.000000000000000000e+00 0.000000000000000000e+00 0.000000000000000000e+00 0.000000000000000000e+00 0.000000000000000000e+00 0.000000000000000000e+00 0.000000000000000000e+00 0.000000000000000000e+00 0.000000000000000000e+00 0.000000000000000000e+00 0.000000000000000000e+00 0.000000000000000000e+00 0.000000000000000000e+00 0.000000000000000000e+00 0.000000000000000000e+00 0.000000000000000000e+00 0.000000000000000000e+00 0.000000000000000000e+00 0.000000000000000000e+00 0.000000000000000000e+00 0.000000000000000000e+00 0.000000000000000000e+00 0.000000000000000000e+00 0.000000000000000000e+00 0.000000000000000000e+00 0.000000000000000000e+00 0.000000000000000000e+00 0.000000000000000000e+00 0.000000000000000000e+00 0.000000000000000000e+00 0.000000000000000000e+00 0.000000000000000000e+00 0.000000000000000000e+00 0.000000000000000000e+00 0.000000000000000000e+00 0.000000000000000000e+00 0.000000000000000000e+00 0.000000000000000000e+00 0.000000000000000000e+00 0.000000000000000000e+00 0.000000000000000000e+00 0.000000000000000000e+00 0.000000000000000000e+00 0.000000000000000000e+00
6.274406789612135604e+00 6.522539726978985541e+00 4.907080095175149204e+00 2.821253771577870051e+00 5.593351725049140466e-01 5.942052823057175637e+00 5.964197612962077955e+00 4.823138893720453346e+00 2.869835636123467815e+00 5.901052789832382794e-01 5.083248010222436442e+00 5.671991923382437406e+00 4.727567212718941647e+00 2.845386711758783438e+00 5.891921798264535548e-01 6.792698325865948128e+00 6.363305827786643221e+00 5.039405525605904046e+00 2.949030513572577838e+00 5.985414765955603400e-01 5.527560905746812026e+00 5.985944477358590810e+00 4.885384334405324935e+00 2.891452831481706287e+00 5.912902830124823206e-01 5.132646799861052322e+00 5.808319684812188299e+00 4.782068403478898055e+00 2.828629685875045485e+00 5.791152629738257618e-01 6.192770281874394378e+00 6.254198285018124359e+00 5.011240713639599775e+00 2.937444860760499488e+00 5.970262581016896331e-01 5.463434170743927787e+00 5.954784835094516282e+00 4.847788169879889253e+00 2.845984234412400227e+00 5.801083486701977820e-01 5.232846938864247122e+00 5.809611139293576976e+00 4.743760565984987743e+00 2.775667810926967682e+00 5.633947039848486993e-01 0.000000000000000000e+00 0.000000000000000000e+00 0.000000000000000000e+00 0.000000000000000000e+00 0.000000000000000000e+00 0.000000000000000000e+00 0.000000000000000000e+00 0.000000000000000000e+00 0.000000000000000000e+00 0.000000000000000000e+00 0.000000000000000000e+00 0.000000000000000000e+00 0.000000000000000000e+00 0.000000000000000000e+00 0.000000000000000000e+00 0.000000000000000000e+00 0.000000000000000000e+00 0.000000000000000000e+00 0.000000000000000000e+00 0.000000000000000000e+00 0.000000000000000000e+00 0.000000000000000000e+00 0.000000000000000000e+00 0.000000000000000000e+00 0.000000000000000000e+00 0.000000000000000000e+00 0.000000000000000000e+00 0.000000000000000000e+00 0.000000000000000000e+00 0.000000000000000000e+00 0.000000000000000000e+00 0.000000000000000000e+00 0.000000000000000000e+00 0.000000000000000000e+00 0.000000000000000000e+00 0.000000000000000000e+00 0.000000000000000000e+00 0.000000000000000000e+00 0.000000000000000000e+00 0.000000000000000000e+00 0.000000000000000000e+00 0.000000000000000000e+00 0.000000000000000000e+00 0.000000000000000000e+00 0.000000000000000000e+00
1.979118264987119291e+00 1.971939266799396240e+00 2.821253771577870051e+00 2.050148737189932291e+00 5.049757217259790432e-01 3.016737915260415015e+00 1.741585371812131688e+00 2.537465679282567610e+00 2.063589433426353814e+00 5.432345672475926701e-01 3.173698002095963311e+00 1.770099290201179620e+00 2.434568898777288215e+00 2.051721106266874095e+00 5.479658511832214973e-01 3.838634736657725810e+00 1.618901631161818067e+00 2.470633154882354798e+00 2.052578206047732223e+00 5.465478838252486593e-01 3.502188368231435422e+00 1.757750175844266849e+00 2.361925005196780170e+00 2.032179618573620505e+00 5.608948720536596211e-01 3.716544484745061716e+00 1.866935235609615829e+00 2.335205895872555004e+00 2.005443717748510046e+00 5.644565127301174323e-01 3.450853526678672178e+00 1.594131799672954486e+00 2.345283479808728089e+00 2.021518310041464428e+00 5.528617885948393651e-01 3.815966117223821730e+00 1.783534923654536586e+00 2.293310132246573207e+00 1.985107231419430018e+00 5.645671925444357697e-01 4.120953042921984277e+00 1.894752773363305387e+00 2.287529418182495888e+00 1.959496345385040916e+00 5.630280865540113755e-01 0.000000000000000000e+00 0.000000000000000000e+00 0.000000000000000000e+00 0.000000000000000000e+00 0.000000000000000000e+00 0.000000000000000000e+00 0.000000000000000000e+00 0.000000000000000000e+00 0.000000000000000000e+00 0.000000000000000000e+00 0.000000000000000000e+00 0.000000000000000000e+00 0.000000000000000000e+00 0.000000000000000000e+00 0.000000000000000000e+00 0.000000000000000000e+00 0.000000000000000000e+00 0.000000000000000000e+00 0.000000000000000000e+00 0.000000000000000000e+00 0.000000000000000000e+00 0.000000000000000000e+00 0.000000000000000000e+00 0.000000000000000000e+00 0.000000000000000000e+00 0.000000000000000000e+00 0.000000000000000000e+00 0.000000000000000000e+00 0.000000000000000000e+00 0.000000000000000000e+00 0.000000000000000000e+00 0.000000000000000000e+00 0.000000000000000000e+00 0.000000000000000000e+00 0.000000000000000000e+00 0.000000000000000000e+00 0.000000000000000000e+00 0.000000000000000000e+00 0.000000000000000000e+00 0.000000000000000000e+00 0.000000000000000000e+00 0.000000000000000000e+00 0.000000000000000000e+00 0.000000000000000000e+00 0.000000000000000000e+00
9.274471599735635563e-02 1.184419344723886547e-01 5.593351725049140466e-01 5.049757217259790432e-01 1.616713181056250725e-01 4.000180983157803905e-01 7.268845841563789656e-02 4.603948817619082923e-01 4.965072054128947809e-01 1.701967262844881201e-01 5.130784932344302218e-01 9.777719439529920786e-02 4.294486464950453830e-01 4.904747666916822735e-01 1.703629510598617114e-01 5.657998819232484822e-01 1.435721893164630626e-03 4.244947442567544860e-01 4.894871625800905623e-01 1.718544902713765588e-01 5.533796152804422164e-01 6.344407567888354915e-02 3.942843637257149592e-01 4.817075053862093781e-01 1.743254435477100128e-01 6.494489099579163760e-01 1.076794774200305893e-01 3.909581375359617583e-01 4.751929647109356392e-01 1.744901675149168330e-01 4.817707149044612169e-01 -4.753504445264363984e-03 3.834507575300533655e-01 4.782455968821956449e-01 1.731477344381244787e-01 6.431818735351627625e-01 6.988085054093193249e-02 3.743868221421896014e-01 4.690462047582126259e-01 1.750945433113820504e-01 7.554889561042104074e-01 1.139917972463076884e-01 3.785768513059946105e-01 4.639088797443041701e-01 1.738674146105488871e-01 0.000000000000000000e+00 0.000000000000000000e+00 0.000000000000000000e+00 0.000000000000000000e+00 0.000000000000000000e+00 0.000000000000000000e+00 0.000000000000000000e+00 0.000000000000000000e+00 0.000000000000000000e+00 0.000000000000000000e+00 0.000000000000000000e+00 0.000000000000000000e+00 0.000000000000000000e+00 0.000000000000000000e+00 0.000000000000000000e+00 0.000000000000000000e+00 0.000000000000000000e+00 0.000000000000000000e+00 0.000000000000000000e+00 0.000000000000000000e+00 0.000000000000000000e+00 0.000000000000000000e+00 0.000000000000000000e+00 0.000000000000000000e+00 0.000000000000000000e+00 0.000000000000000000e+00 0.000000000000000000e+00 0.000000000000000000e+00 0.000000000000000000e+00 0.000000000000000000e+00 0.000000000000000000e+00 0.000000000000000000e+00 0.000000000000000000e+00 0.000000000000000000e+00 0.000000000000000000e+00 0.000000000000000000e+00 0.000000000000000000e+00 0.000000000000000000e+00 0.000000000000000000e+00 0.000000000000000000e+00 0.000000000000000000e+00 0.000000000000000000e+00 0.000000000000000000e+00 0.000000000000000000e+00 0.000000000000000000e+00
1.193849422038108798e+01 8.166385025989869817e+00 5.942052823057175637e+00 3.016737915260415015e+00 4.000180983157803905e-01 1.506253639350668294e+01 8.415882350675582657e+00 5.971493819265839775e+00 3.217007549180487924e+00 4.677234101729688120e-01 1.449984805295268764e+01 8.519122440473939406e+00 5.938791069627169961e+00 3.257075900265673507e+00 4.880365059787009629e-01 1.836651245158168066e+01 8.939915007986646955e+00 6.093941958654540691e+00 3.239988563546808642e+00 4.558790390807653248e-01 1.716217055850660600e+01 9.228437820143934545e+00 6.075805098817441241e+00 3.276212961345722263e+00 4.975699812253711052e-01 1.698720265118834405e+01 9.303962223047047786e+00 6.033234543692791441e+00 3.249345411987171417e+00 5.176354177616822039e-01 1.820672333357731532e+01 9.223771300239731019e+00 6.081617982998599459e+00 3.250052273938012437e+00 4.679515150500843101e-01 1.815172032891595677e+01 9.435490571807392257e+00 6.034837049036029910e+00 3.225113439799424331e+00 5.076070350145875931e-01 1.817967427163769756e+01 9.467067280491182402e+00 5.984737469944601429e+00 3.185116139839190286e+00 5.213175633173138257e-01 0.000000000000000000e+00 0.000000000000000000e+00 0.000000000000000000e+00 0.000000000000000000e+00 0.000000000000000000e+00 0.000000000000000000e+00 0.000000000000000000e+00 0.000000000000000000e+00 0.000000000000000000e+00 0.000000000000000000e+00 0.000000000000000000e+00 0.000000000000000000e+00 0.000000000000000000e+00 0.000000000000000000e+00 0.000000000000000000e+00 0.000000000000000000e+00 0.000000000000000000e+00 0.000000000000000000e+00 0.000000000000000000e+00 0.000000000000000000e+00 0.000000000000000000e+00 0.000000000000000000e+00 0.000000000000000000e+00 0.000000000000000000e+00 0.000000000000000000e+00 0.000000000000000000e+00 0.000000000000000000e+00 0.000000000000000000e+00 0.000000000000000000e+00 0.000000000000000000e+00 0.000000000000000000e+00 0.000000000000000000e+00 0.000000000000000000e+00 0.000000000000000000e+00 0.000000000000000000e+00 0.000000000000000000e+00 0.000000000000000000e+00 0.000000000000000000e+00 0.000000000000000000e+00 0.000000000000000000e+00 0.000000000000000000e+00 0.000000000000000000e+00 0.000000000000000000e+00 0.000000000000000000e+00 0.000000000000000000e+00
1.497634227119478822e+01 1.599395254213404627e+01 5.964197612962077955e+00 1.741585371812131688e+00 7.268845841563789656e-02 8.415882350675582657e+00 1.485809475544958147e+01 6.870159820256123595e+00 1.795664344911205079e+00 2.308327538445765614e-03 4.289463687281648951e+00 1.355202282087816101e+01 6.945356844104563443e+00 1.724709582933845242e+00 -3.328602616470367065e-02 7.719008486754342258e+00 1.703759781539523033e+01 8.057482376325745932e+00 2.177873715135980603e+00 2.791167745790613247e-02 4.397764936447856599e+00 1.484270639616844534e+01 7.918969836930917161e+00 2.004739566178983967e+00 -8.717624416312449998e-02 1.785570447905253655e+00 1.359707379764509838e+01 7.621276559897067315e+00 1.864984543601514444e+00 -1.648283924811954071e-01 7.288509947457598948e+00 1.671972746049204872e+01 8.526745626021948965e+00 2.263096697252622302e+00 -1.405721127989893390e-02 2.597691280695908489e+00 1.458958347906314401e+01 8.096594596276265321e+00 2.042366633588225788e+00 -1.573726524513015812e-01 1.916434717701102075e-01 1.346830050082697383e+01 7.701337534898168968e+00 1.871462876028236799e+00 -2.292378350300136591e-01 0.000000000000000000e+00 0.000000000000000000e+00 0.000000000000000000e+00 0.000000000000000000e+00 0.000000000000000000e+00 0.000000000000000000e+00 0.000000000000000000e+00 0.000000000000000000e+00 0.000000000000000000e+00 0.000000000000000000e+00 0.000000000000000000e+00 0.000000000000000000e+00 0.000000000000000000e+00 0.000000000000000000e+00 0.000000000000000000e+00 0.000000000000000000e+00 0.000000000000000000e+00 0.000000000000000000e+00 0.000000000000000000e+00 0.000000000000000000e+00 0.000000000000000000e+00 0.000000000000000000e+00 0.000000000000000000e+00 0.000000000000000000e+00 0.000000000000000000e+00 0.000000000000000000e+00 0.000000000000000000e+00 0.000000000000000000e+00 0.000000000000000000e+00 0.000000000000000000e+00 0.000000000000000000e+00 0.000000000000000000e+00 0.000000000000000000e+00 0.000000000000000000e+00 0.000000000000000000e+00 0.000000000000000000e+00 0.000000000000000000e+00 0.000000000000000000e+00 0.000000000000000000e+00 0.000000000000000000e+00 0.000000000000000000e+00 0.000000000000000000e+00 0.000000000000000000e+00 0.000000000000000000e+00 0.000000000000000000e+00
7.104699854527001257e+00 7.483651252555266531e+00 4.823138893720453346e+00 2.537465679282567610e+00 4.603948817619082923e-01 5.971493819265839775e+00 6.870159820256123595e+00 4.879821690916497978e+00 2.588085226966366115e+00 4.767832830215582574e-01 4.720319151997744989e+00 6.455827106501421220e+00 4.812862939358836911e+00 2.560044122467794558e+00 4.717152854352026359e-01 6.572662056865031133e+00 7.483494294896028798e+00 5.214764420664470101e+00 2.703263876446204250e+00 4.866473764049841222e-01 5.088007015940050337e+00 6.883085638824296915e+00 5.072059947886533138e+00 2.635144944169593106e+00 4.662042655409882608e-01 4.420765420550773150e+00 6.572880408513649186e+00 4.948365174030566749e+00 2.565865168440691679e+00 4.464257797022033736e-01 6.009145745644853598e+00 7.350307023758614555e+00 5.254935085461528210e+00 2.706025145464486581e+00 4.800241063378932194e-01 4.793708898880472802e+00 6.824003290562001389e+00 5.065207500671974117e+00 2.603243716242287231e+00 4.479926823806458791e-01 4.289102206579711307e+00 6.556901573672370809e+00 4.927767958054036335e+00 2.523472584434408805e+00 4.252703936995772538e-01 0.000000000000000000e+00 0.000000000000000000e+00 0.000000000000000000e+00 0.000000000000000000e+00 0.000000000000000000e+00 0.000000000000000000e+00 0.000000000000000000e+00 0.000000000000000000e+00 0.000000000000000000e+00 0.000000000000000000e+00 0.000000000000000000e+00 0.000000000000000000e+00 0.000000000000000000e+00 0.000000000000000000e+00 0.000000000000000000e+00 0.000000000000000000e+00 0.000000000000000000e+00 0.000000000000000000e+00 0.000000000000000000e+00 0.000000000000000000e+00 0.000000000000000000e+00 0.000000000000000000e+00 0.000000000000000000e+00 0.000000000000000000e+00 0.000000000000000000e+00 0.000000000000000000e+00 0.000000000000000000e+00 0.000000000000000000e+00 0.000000000000000000e+00 0.000000000000000000e+00 0.000000000000000000e+00 0.000000000000000000e+00 0.000000000000000000e+00 0.000000000000000000e+00 0.000000000000000000e+00 0.000000000000000000e+00 0.000000000000000000e+00 0.000000000000000000e+00 0.000000000000000000e+00 0.000000000000000000e+00 0.000000000000000000e+00 0.000000000000000000e+00 0.000000000000000000e+00 0.000000000000000000e+00 0.000000000000000000e+00
2.070991367823263207e+00 2.010970833848904071e+00 2.869835636123467815e+00 2.063589433426353814e+00 4.965072054128947809e-01 3.217007549180487924e+00 1.795664344911205079e+00 2.588085226966366115e+00 2.084469713661718515e+00 5.367855726990508058e-01 3.391117559028062889e+00 1.835298000260762175e+00 2.486708012769693887e+00 2.075626061494239227e+00 5.425975629733971184e-01 4.097783286195854302e+00 1.664542450201177637e+00 2.514312173915933535e+00 2.070395856810439028e+00 5.392253270819462596e-01 3.757402528779519191e+00 1.824811431029889297e+00 2.409756764308027321e+00 2.054497883934523372e+00 5.560041487607918498e-01 3.989058778687127216e+00 1.944642310528991391e+00 2.385555984914075278e+00 2.029457558763741343e+00 5.610984069403931462e-01 3.698374404730299325e+00 1.646020402205473188e+00 2.387034593200441535e+00 2.040156649250750132e+00 5.463073979258730173e-01 4.098646927083847480e+00 1.855350567999525246e+00 2.339662658144444407e+00 2.006981887095232064e+00 5.607462672981677887e-01 4.423472366797069455e+00 1.975647706145556626e+00 2.336594124753023305e+00 1.982815961073500999e+00 5.606368674134623031e-01 0.000000000000000000e+00 0.000000000000000000e+00 0.000000000000000000e+00 0.000000000000000000e+00 0.000000000000000000e+00 0.000000000000000000e+00 0.000000000000000000e+00 0.000000000000000000e+00 0.000000000000000000e+00 0.000000000000000000e+00 0.000000000000000000e+00 0.000000000000000000e+00 0.000000000000000000e+00 0.000000000000000000e+00 0.000000000000000000e+00 0.000000000000000000e+00 0.000000000000000000e+00 0.000000000000000000e+00 0.000000000000000000e+00 0.000000000000000000e+00 0.000000000000000000e+00 0.000000000000000000e+00 0.000000000000000000e+00 0.000000000000000000e+00 0.000000000000000000e+00 0.000000000000000000e+00 0.000000000000000000e+00 0.000000000000000000e+00 0.000000000000000000e+00 0.000000000000000000e+00 0.000000000000000000e+00 0.000000000000000000e+00 0.000000000000000000e+00 0.000000000000000000e+00 0.000000000000000000e+00 0.000000000000000000e+00 0.000000000000000000e+00 0.000000000000000000e+00 0.000000000000000000e+00 0.000000000000000000e+00 0.000000000000000000e+00 0.000000000000000000e+00 0.000000000000000000e+00 0.000000000000000000e+00 0.000000000000000000e+00
4.454731934639943186e-02 3.830186540306232401e-02 5.901052789832382794e-01 5.432345672475926701e-01 1.701967262844881201e-01 4.677234101729688120e-01 2.308327538445765614e-03 4.767832830215582574e-01 5.367855726990508058e-01 1.809284441402334298e-01 6.262647592617414105e-01 4.332472708761405528e-02 4.431575535779095354e-01 5.320019948373388985e-01 1.818769095638891886e-01 6.803764224611489331e-01 -9.295489678947249645e-02 4.267024273772501153e-01 5.251326853003863704e-01 1.821652908728709497e-01 6.882637926506884885e-01 -1.224499475405637153e-03 3.963808800373294638e-01 5.197172110127993294e-01 1.867883654193502607e-01 8.173606972959587269e-01 5.997471364938825045e-02 3.958305929742259033e-01 5.143063185016829575e-01 1.882273328160498360e-01 5.892066269017931512e-01 -9.438254635239101686e-02 3.779297398354664606e-01 5.125805444589942583e-01 1.842333980496496382e-01 8.112818118907252352e-01 9.932160392435333135e-03 3.728138500728684912e-01 5.054006330565047334e-01 1.886182704027659363e-01 9.578010804906780251e-01 6.936411610216204615e-02 3.811929595679907634e-01 5.016032524751826704e-01 1.884580207697738041e-01 0.000000000000000000e+00 0.000000000000000000e+00 0.000000000000000000e+00 0.000000000000000000e+00 0.000000000000000000e+00 0.000000000000000000e+00 0.000000000000000000e+00 0.000000000000000000e+00 0.000000000000000000e+00 0.000000000000000000e+00 0.000000000000000000e+00 0.000000000000000000e+00 0.000000000000000000e+00 0.000000000000000000e+00 0.000000000000000000e+00 0.000000000000000000e+00 0.000000000000000000e+00 0.000000000000000000e+00 0.000000000000000000e+00 0.000000000000000000e+00 0.000000000000000000e+00 0.000000000000000000e+00 0.000000000000000000e+00 0.000000000000000000e+00 0.000000000000000000e+00 0.000000000000000000e+00 0.000000000000000000e+00 0.000000000000000000e+00 0.000000000000000000e+00 0.000000000000000000e+00 0.000000000000000000e+00 0.000000000000000000e+00 0.000000000000000000e+00 0.000000000000000000e+00 0.000000000000000000e+00 0.000000000000000000e+00 0.000000000000000000e+00 0.000000000000000000e+00 0.000000000000000000e+00 0.000000000000000000e+00 0.000000000000000000e+00 0.000000000000000000e+00 0.000000000000000000e+00 0.000000000000000000e+00 0.000000000000000000e+00
8.167655248862686790e+00 3.621846054441959506e+00 5.083248010222436442e+00 3.173698002095963311e+00 5.130784932344302218e-01 1.449984805295268764e+01 4.289463687281648951e+00 4.720319151997744989e+00 3.391117559028062889e+00 6.262647592617414105e-01 1.549643300816490665e+01 4.916018104080489337e+00 4.638496390484942111e+00 3.465506887583056361e+00 6.651621917815401241e-01 1.870352943082364661e+01 4.010024749096585239e+00 4.378687408785673973e+00 3.260513897261028582e+00 6.013346992291378479e-01 1.856968299155732183e+01 5.216597173046420899e+00 4.396023115915940416e+00 3.369528796894962763e+00 6.981299223858453695e-01 1.943819349295355892e+01 5.810883960922636149e+00 4.461422016141455948e+00 3.390478543723092208e+00 7.530965427219756814e-01 1.861684811170345100e+01 4.444866254023751573e+00 4.155421940200021425e+00 3.231550878927637260e+00 6.324259816645684262e-01 2.047926253307670663e+01 5.553892298439643049e+00 4.263719664574857404e+00 3.285512253849770303e+00 7.375820994385412499e-01 2.151511171095080499e+01 6.051464410688702777e+00 4.362388272365231856e+00 3.303650729144223419e+00 7.821293828803390635e-01 0.000000000000000000e+00 0.000000000000000000e+00 0.000000000000000000e+00 0.000000000000000000e+00 0.000000000000000000e+00 0.000000000000000000e+00 0.000000000000000000e+00 0.000000000000000000e+00 0.000000000000000000e+00 0.000000000000000000e+00 0.000000000000000000e+00 0.000000000000000000e+00 0.000000000000000000e+00 0.000000000000000000e+00 0.000000000000000000e+00 0.000000000000000000e+00 0.000000000000000000e+00 0.000000000000000000e+00 0.000000000000000000e+00 0.000000000000000000e+00 0.000000000000000000e+00 0.000000000000000000e+00 0.000000000000000000e+00 0.000000000000000000e+00 0.000000000000000000e+00 0.000000000000000000e+00 0.000000000000000000e+00 0.000000000000000000e+00 0.000000000000000000e+00 0.000000000000000000e+00 0.000000000000000000e+00 0.000000000000000000e+00 0.000000000000000000e+00 0.000000000000000000e+00 0.000000000000000000e+00 0.000000000000000000e+00 0.000000000000000000e+00 0.000000000000000000e+00 0.000000000000000000e+00 0.000000000000000000e+00 0.000000000000000000e+00 0.000000000000000000e+00 0.000000000000000000e+00 0.000000000000000000e+00 0.000000000000000000e+00
1.390778487499715332e+01 1.450842978498356040e+01 5.671991923382437406e+00 1.770099290201179620e+00 9.777719439529920786e-02 8.519122440473939406e+00 1.355202282087816101e+01 6.455827106501421220e+00 1.835298000260762175e+00 4.332472708761405528e-02 4.916018104080489337e+00 1.243570038612477191e+01 6.518857886212919617e+00 1.778434367794378801e+00 1.462273927317718145e-02 8.199276684563111317e+00 1.547183333655951998e+01 7.486021762761078335e+00 2.164209809064787216e+00 6.372813199547483487e-02 5.231088076276762422e+00 1.360646299848479757e+01 7.366815808472949811e+00 2.019274969366671169e+00 -3.138477143817475917e-02 2.968671396075006630e+00 1.254095972017575100e+01 7.108087254395579535e+00 1.897302340573464807e+00 -9.624473489915549851e-02 7.806060056280360371e+00 1.522070044877820827e+01 7.888003600486026556e+00 2.237683559502905872e+00 2.848490203094815321e-02 3.767440819339318736e+00 1.340541018130648609e+01 7.515316783915970689e+00 2.046433189641407857e+00 -9.104208704471471181e-02 1.700616443603044203e+00 1.244393798216343505e+01 7.171975751128264243e+00 1.896533399302515743e+00 -1.514612290564645303e-01 0.000000000000000000e+00 0.000000000000000000e+00 0.000000000000000000e+00 0.000000000000000000e+00 0.000000000000000000e+00 0.000000000000000000e+00 0.000000000000000000e+00 0.000000000000000000e+00 0.000000000000000000e+00 0.000000000000000000e+00 0.000000000000000000e+00 0.000000000000000000e+00 0.000000000000000000e+00 0.000000000000000000e+00 0.000000000000000000e+00 0.000000000000000000e+00 0.000000000000000000e+00 0.000000000000000000e+00 0.000000000000000000e+00 0.000000000000000000e+00 0.000000000000000000e+00 0.000000000000000000e+00 0.000000000000000000e+00 0.000000000000000000e+00 0.000000000000000000e+00 0.000000000000000000e+00 0.000000000000000000e+00 0.000000000000000000e+00 0.000000000000000000e+00 0.000000000000000000e+00 0.000000000000000000e+00 0.000000000000000000e+00 0.000000000000000000e+00 0.000000000000000000e+00 0.000000000000000000e+00 0.000000000000000000e+00 0.000000000000000000e+00 0.000000000000000000e+00 0.000000000000000000e+00 0.000000000000000000e+00 0.000000000000000000e+00 0.000000000000000000e+00 0.000000000000000000e+00 0.000000000000000000e+00 0.000000000000000000e+00
7.174464504644110008e+00 7.550407526127909996e+00 4.727567212718941647e+00 2.434568898777288215e+00 4.294486464950453830e-01 5.938791069627169961e+00 6.945356844104563443e+00 4.812862939358836911e+00 2.486708012769693887e+00 4.431575535779095354e-01 4.638496390484942111e+00 6.518857886212919617e+00 4.754102205974475304e+00 2.459565652942774072e+00 4.376888129654276094e-01 6.501789853997201440e+00 7.588733459021120176e+00 5.162428543259551361e+00 2.605097987538383286e+00 4.525666789036816851e-01 5.003789136306165730e+00 6.962967189323549633e+00 5.026939894244671692e+00 2.537728238635613920e+00 4.306252606916224357e-01 4.299523882733412350e+00 6.635763472386863704e+00 4.902882832247102307e+00 2.469294290143848158e+00 4.102221397140067283e-01 5.958897615960372818e+00 7.456537183204323682e+00 5.215073856875167557e+00 2.610535348555223401e+00 4.451247826767769089e-01 4.681393048825699843e+00 6.901655735591567975e+00 5.025899420962764097e+00 2.508759022900376223e+00 4.115706409522668641e-01 4.136651370523027005e+00 6.618217649959790450e+00 4.885736141660828480e+00 2.429407103939321022e+00 3.885895495447167503e-01 0.000000000000000000e+00 0.000000000000000000e+00 0.000000000000000000e+00 0.000000000000000000e+00 0.000000000000000000e+00 0.000000000000000000e+00 0.000000000000000000e+00 0.000000000000000000e+00 0.000000000000000000e+00 0.000000000000000000e+00 0.000000000000000000e+00 0.000000000000000000e+00 0.000000000000000000e+00 0.000000000000000000e+00 0.000000000000000000e+00 0.000000000000000000e+00 0.000000000000000000e+00 0.000000000000000000e+00 0.000000000000000000e+00 0.000000000000000000e+00 0.000000000000000000e+00 0.000000000000000000e+00 0.000000000000000000e+00 0.000000000000000000e+00 0.000000000000000000e+00 0.000000000000000000e+00 0.000000000000000000e+00 0.000000000000000000e+00 0.000000000000000000e+00 0.000000000000000000e+00 0.000000000000000000e+00 0.000000000000000000e+00 0.000000000000000000e+00 0.000000000000000000e+00 0.000000000000000000e+00 0.000000000000000000e+00 0.000000000000000000e+00 0.000000000000000000e+00 0.000000000000000000e+00 0.000000000000000000e+00 0.000000000000000000e+00 0.000000000000000000e+00 0.000000000000000000e+00 0.000000000000000000e+00 0.000000000000000000e+00
2.019580125288897854e+00 1.923345428649735567e+00 2.845386711758783438e+00 2.051721106266874095e+00 4.904747666916822735e-01 3.257075900265673507e+00 1.724709582933845242e+00 2.560044122467794558e+00 2.075626061494239227e+00 5.320019948373388985e-01 3.465506887583056361e+00 1.778434367794378801e+00 2.459565652942774072e+00 2.068803428832625357e+00 5.385553991868022861e-01 4.171035073932607418e+00 1.576894440565024924e+00 2.475283819719111822e+00 2.057203349699539441e+00 5.336625476400015389e-01 3.852873434574213718e+00 1.761697793825364178e+00 2.374366691938037288e+00 2.044713434841306743e+00 5.523203278261642479e-01 4.108392220109129411e+00 1.894427675207663420e+00 2.353639975686228958e+00 2.021623756410202422e+00 5.586794620479454965e-01 3.773627354503324760e+00 1.564291706989133779e+00 2.344538133334192587e+00 2.026679937153406552e+00 5.412658878275365959e-01 4.219985848381344162e+00 1.796554211160317438e+00 2.302633542844105374e+00 1.996738432025695564e+00 5.579499843786132063e-01 4.568083481395039946e+00 1.928083662409513233e+00 2.303655544698414381e+00 1.974628846815670302e+00 5.590479390337697030e-01 0.000000000000000000e+00 0.000000000000000000e+00 0.000000000000000000e+00 0.000000000000000000e+00 0.000000000000000000e+00 0.000000000000000000e+00 0.000000000000000000e+00 0.000000000000000000e+00 0.000000000000000000e+00 0.000000000000000000e+00 0.000000000000000000e+00 0.000000000000000000e+00 0.000000000000000000e+00 0.000000000000000000e+00 0.000000000000000000e+00 0.000000000000000000e+00 0.000000000000000000e+00 0.000000000000000000e+00 0.000000000000000000e+00 0.000000000000000000e+00 0.000000000000000000e+00 0.000000000000000000e+00 0.000000000000000000e+00 0.000000000000000000e+00 0.000000000000000000e+00 0.000000000000000000e+00 0.000000000000000000e+00 0.000000000000000000e+00 0.000000000000000000e+00 0.000000000000000000e+00 0.000000000000000000e+00 0.000000000000000000e+00 0.000000000000000000e+00 0.000000000000000000e+00 0.000000000000000000e+00 0.000000000000000000e+00 0.000000000000000000e+00 0.000000000000000000e+00 0.000000000000000000e+00 0.000000000000000000e+00 0.000000000000000000e+00 0.000000000000000000e+00 0.000000000000000000e+00 0.000000000000000000e+00 0.000000000000000000e+00
1.856872576988817525e-02 -3.301948239085584959e-03 5.891921798264535548e-01 5.479658511832214973e-01 1.703629510598617114e-01 4.880365059787009629e-01 -3.328602616470367065e-02 4.717152854352026359e-01 5.425975629733971184e-01 1.818769095638891886e-01 6.651621917815401241e-01 1.462273927317718145e-02 4.376888129654276094e-01 5.385553991868022861e-01 1.831808709829246262e-01 7.184571738713848577e-01 -1.378779629171447418e-01 4.158607068657803052e-01 5.288735627012955964e-01 1.828225701121546087e-01 7.367344922507441662e-01 -3.372235294202714784e-02 3.863492252344944422e-01 5.247688420330833825e-01 1.883783077990652810e-01 8.788123820551047016e-01 3.430727765445190647e-02 3.872419315025708020e-01 5.200727489665744052e-01 1.904107089760785354e-01 6.267533456712274242e-01 -1.367923400619966701e-01 3.645500402343350155e-01 5.159522065272987845e-01 1.851841635876586289e-01 8.732548652752648577e-01 -2.044252428745624989e-02 3.615961538143699916e-01 5.099840187536166525e-01 1.906565058429157411e-01 1.032807544975932856e+00 4.504026440538057979e-02 3.718818723727588260e-01 5.069852105172099055e-01 1.910319245923175757e-01 0.000000000000000000e+00 0.000000000000000000e+00 0.000000000000000000e+00 0.000000000000000000e+00 0.000000000000000000e+00 0.000000000000000000e+00 0.000000000000000000e+00 0.000000000000000000e+00 0.000000000000000000e+00 0.000000000000000000e+00 0.000000000000000000e+00 0.000000000000000000e+00 0.000000000000000000e+00 0.000000000000000000e+00 0.000000000000000000e+00 0.000000000000000000e+00 0.000000000000000000e+00 0.000000000000000000e+00 0.000000000000000000e+00 0.000000000000000000e+00 0.000000000000000000e+00 0.000000000000000000e+00 0.000000000000000000e+00 0.000000000000000000e+00 0.000000000000000000e+00 0.000000000000000000e+00 0.000000000000000000e+00 0.000000000000000000e+00 0.000000000000000000e+00 0.000000000000000000e+00 0.000000000000000000e+00 0.000000000000000000e+00 0.000000000000000000e+00 0.000000000000000000e+00 0.000000000000000000e+00 0.000000000000000000e+00 0.000000000000000000e+00 0.000000000000000000e+00 0.000000000000000000e+00 0.000000000000000000e+00 0.000000000000000000e+00 0.000000000000000000e+00 0.000000000000000000e+00 0.000000000000000000e+00 0.000000000000000000e+00
1.237610855538440013e+01 7.113151613689444375e+00 6.792698325865948128e+00 3.838634736657725810e+00 5.657998819232484822e-01 1.836651245158168066e+01 7.719008486754342258e+00 6.572662056865031133e+00 4.097783286195854302e+00 6.803764224611489331e-01 1.870352943082364661e+01 8.199276684563111317e+00 6.501789853997201440e+00 4.171035073932607418e+00 7.184571738713848577e-01 2.311628951260325948e+01 7.862595403113497028e+00 6.423345904727113087e+00 4.023539599052035953e+00 6.554346890493721878e-01 2.233742502085710768e+01 8.840635872060222056e+00 6.428705023260540052e+00 4.117526739634926436e+00 7.448324804237113073e-01 2.279495826487581667e+01 9.277526975798707554e+00 6.448445911015385335e+00 4.116748540655626343e+00 7.938843628536298436e-01 2.300544284517306437e+01 8.337292974772617882e+00 6.274709000468944531e+00 4.010140056885730608e+00 6.826763091961589591e-01 2.419838954143085630e+01 9.200203036771922527e+00 6.321843529549741270e+00 4.032244277687821565e+00 7.768317216681877024e-01 2.488179596874145716e+01 9.544237281878663381e+00 6.358219255623623667e+00 4.022067501587546445e+00 8.153531065222093810e-01 0.000000000000000000e+00 0.000000000000000000e+00 0.000000000000000000e+00 0.000000000000000000e+00 0.000000000000000000e+00 0.000000000000000000e+00 0.000000000000000000e+00 0.000000000000000000e+00 0.000000000000000000e+00 0.000000000000000000e+00 0.000000000000000000e+00 0.000000000000000000e+00 0.000000000000000000e+00 0.000000000000000000e+00 0.000000000000000000e+00 0.000000000000000000e+00 0.000000000000000000e+00 0.000000000000000000e+00 0.000000000000000000e+00 0.000000000000000000e+00 0.000000000000000000e+00 0.000000000000000000e+00 0.000000000000000000e+00 0.000000000000000000e+00 0.000000000000000000e+00 0.000000000000000000e+00 0.000000000000000000e+00 0.000000000000000000e+00 0.000000000000000000e+00 0.000000000000000000e+00 0.000000000000000000e+00 0.000000000000000000e+00 0.000000000000000000e+00 0.000000000000000000e+00 0.000000000000000000e+00 0.000000000000000000e+00 0.000000000000000000e+00 0.000000000000000000e+00 0.000000000000000000e+00 0.000000000000000000e+00 0.000000000000000000e+00 0.000000000000000000e+00 0.000000000000000000e+00 0.000000000000000000e+00 0.000000000000000000e+00
1.709454557720932755e+01 1.835322954133965467e+01 6.363305827786643221e+00 1.618901631161818067e+00 1.435721893164630626e-03 8.939915007986646955e+00 1.703759781539523033e+01 7.483494294896028798e+00 1.664542450201177637e+00 -9.295489678947249645e-02 4.010024749096585239e+00 1.547183333655951998e+01 7.588733459021120176e+00 1.576894440565024924e+00 -1.378779629171447418e-01 7.862595403113497028e+00 1.966400350992707047e+01 8.918247103697449774e+00 2.126235562812440527e+00 -6.175551924756499805e-02 4.019855599053318684e+00 1.701146865633976191e+01 8.768154588148719952e+00 1.916727203827006010e+00 -2.048734926644263932e-01 8.521074229691248947e-01 1.549819423304365529e+01 8.415960055804335482e+00 1.753316188739423964e+00 -2.999748021550222021e-01 7.469446567242608026e+00 1.929523972166444423e+01 9.505158322636587442e+00 2.232642896456883630e+00 -1.139511244265692391e-01 1.784883863277560101e+00 1.670837343734383040e+01 8.998083171331375141e+00 1.972389136131612375e+00 -2.903697602632114849e-01 -1.164252507624937039e+00 1.534227624081992403e+01 8.525739686129728767e+00 1.772398401613905161e+00 -3.774490712431995409e-01 0.000000000000000000e+00 0.000000000000000000e+00 0.000000000000000000e+00 0.000000000000000000e+00 0.000000000000000000e+00 0.000000000000000000e+00 0.000000000000000000e+00 0.000000000000000000e+00 0.000000000000000000e+00 0.000000000000000000e+00 0.000000000000000000e+00 0.000000000000000000e+00 0.000000000000000000e+00 0.000000000000000000e+00 0.000000000000000000e+00 0.000000000000000000e+00 0.000000000000000000e+00 0.000000000000000000e+00 0.000000000000000000e+00 0.000000000000000000e+00 0.000000000000000000e+00 0.000000000000000000e+00 0.000000000000000000e+00 0.000000000000000000e+00 0.000000000000000000e+00 0.000000000000000000e+00 0.000000000000000000e+00 0.000000000000000000e+00 0.000000000000000000e+00 0.000000000000000000e+00 0.000000000000000000e+00 0.000000000000000000e+00 0.000000000000000000e+00 0.000000000000000000e+00 0.000000000000000000e+00 0.000000000000000000e+00 0.000000000000000000e+00 0.000000000000000000e+00 0.000000000000000000e+00 0.000000000000000000e+00 0.000000000000000000e+00 0.000000000000000000e+00 0.000000000000000000e+00 0.000000000000000000e+00 0.000000000000000000e+00
