0.000000000000000000e+00 0.000000000000000000e+00 0.000000000000000000e+00 0.000000000000000000e+00 0.000000000000000000e+00 0.000000000000000000e+00 0.000000000000000000e+00 0.000000000000000000e+00 0.000000000000000000e+00 0.000000000000000000e+00 0.000000000000000000e+00 0.000000000000000000e+00 0.000000000000000000e+00 0.000000000000000000e+00 0.000000000000000000e+00 0.000000000000000000e+00 0.000000000000000000e+00 0.000000000000000000e+00 0.000000000000000000e+00 0.000000000000000000e+00 0.000000000000000000e+00 0.000000000000000000e+00 0.000000000000000000e+00 0.000000000000000000e+00 0.000000000000000000e+00 0.000000000000000000e+00 0.000000000000000000e+00 0.000000000000000000e+00 0.000000000000000000e+00 0.000000000000000000e+00 0.000000000000000000e+00 0.000000000000000000e+00 0.000000000000000000e+00 0.000000000000000000e+00 0.000000000000000000e+00 0.000000000000000000e+00 0.000000000000000000e+00 0.000000000000000000e+00 0.000000000000000000e+00 0.000000000000000000e+00 0.000000000000000000e+00 0.000000000000000000e+00 0.000000000000000000e+00 0.000000000000000000e+00 0.000000000000000000e+00
0.000000000000000000e+00 5.346269233824165745e+00 6.252186384251477769e+00 2.746089983244423660e+00 1.315307851607297795e+00 2.001955572175750930e-01 4.124888052915897774e+00 5.841452711346494908e+00 3.048560368350252237e+00 1.355192001288153314e+00 1.628789471330768235e-01 3.501925285146119560e+00 5.558285920653687207e+00 3.152208356027625502e+00 1.354454525890164795e+00 1.417956320557104966e-01 3.357084725076711074e+00 5.466428656173661693e+00 3.078617584089244019e+00 1.409558605535284004e+00 1.722915095643149097e-01 2.737397756292859974e+00 4.818587031603611237e+00 3.099271430695042628e+00 1.375796279644987630e+00 8.744710698636032342e-02 2.204844823724499747e+00 4.626654228957328918e+00 3.104901757841089793e+00 1.356408400305875839e+00 2.447365132968266216e-02 3.147927101925385163e+00 4.895933307447669414e+00 3.078938191152326809e+00 1.409574624946483556e+00 1.368479279000432702e-01 2.117083290673968499e+00 4.382280866409048237e+00 3.036844769539000843e+00 1.366929293657983546e+00 2.364334273480965184e-02 1.728013070698564135e+00 4.267234949270862110e+00 3.025756999773623335e+00 1.339485278048629935e+00
0.000000000000000000e+00 6.252186384251477769e+00 1.004597911256169418e+01 3.404022456278771980e+00 1.120063257491650033e+00 -1.479581014770607605e-01 3.055543492573874254e+00 8.864120598856874977e+00 3.942658018752649429e+00 1.089467579573232925e+00 -3.281056865332455108e-01 1.580079273107144688e+00 8.035501307686406136e+00 4.071026914414972886e+00 1.021908589701993053e+00 -4.209723551572466804e-01 1.862187085251220786e+00 8.537044202267859205e+00 4.261863521841862124e+00 1.341981392785726923e+00 -2.513455190847132537e-01 1.100545973451944715e+00 7.030471410797822784e+00 4.230240026121524721e+00 1.202794954756757573e+00 -5.227763746627818175e-01 -2.695917979605472192e-01 6.467349907974819345e+00 4.161848901386052013e+00 1.112889125619501707e+00 -7.178521144979261859e-01 2.329387316165116406e+00 7.495540664903931116e+00 4.357576534563452064e+00 1.378830542292244665e+00 -3.396687838982359042e-01 1.523409302473703042e-01 6.297086362701866058e+00 4.198637142226553820e+00 1.232791475529696035e+00 -6.805557294071374885e-01 -9.117265707759628635e-01 5.906425251369746832e+00 4.094790293724513752e+00 1.126602123930375843e+00
0.000000000000000000e+00 2.746089983244423660e+00 3.404022456278771980e+00 2.424897969882955362e+00 1.827161632325633667e+00 9.070258998670540640e-01 2.366755230941222532e+00 3.131922696464161326e+00 2.476769594230734839e+00 1.851018961361997617e+00 9.413678069783983915e-01 2.105811534706557797e+00 3.035798865810280578e+00 2.513037999752136820e+00 1.866477938798619896e+00 9.524214671307080771e-01 2.011238646893919846e+00 2.792591956069379489e+00 2.341894430832188512e+00 1.784829606908673538e+00 9.241357697762985213e-01 1.537620285691626565e+00 2.546695788896224943e+00 2.329187359217766318e+00 1.783565336519378874e+00 9.264625540639507273e-01 1.425561997270130998e+00 2.515352779454829601e+00 2.352146074032422263e+00 1.795399299659314440e+00 9.240456864404139603e-01 1.582286515688237527e+00 2.485601779988917404e+00 2.255622755583040373e+00 1.744755029936108981e+00 9.159957186957466968e-01 1.265066326029761434e+00 2.319134178276901714e+00 2.241663617973830736e+00 1.744277871173905314e+00 9.091487883154159011e-01 1.209147447042259849e+00 2.322637735154263972e+00 2.267548322054956600e+00 1.756419528582617184e+00
0.000000000000000000e+00 1.315307851607297795e+00 1.120063257491650033e+00 1.827161632325633667e+00 1.831621188037066528e+00 1.195217615692639512e+00 1.661674468727908582e+00 1.090773325934172755e+00 1.719828846188627081e+00 1.847119416980305351e+00 1.273844714471874973e+00 1.754990499834630624e+00 1.185255645498627608e+00 1.717247131236978142e+00 1.875178900921443015e+00 1.307211086695959645e+00 1.589041539759866506e+00 8.131824701420927726e-01 1.489966839964583123e+00 1.706239207049444317e+00 1.234760504728870334e+00 1.286792567589087444e+00 9.173906923966942406e-01 1.471967784832920900e+00 1.731979697099812920e+00 1.301285475198132646e+00 1.504877990611148908e+00 1.021039164751969874e+00 1.510666771684787468e+00 1.765771837792152743e+00 1.345406134740676274e+00 1.037270703377854097e+00 7.421127273199467078e-01 1.364084145966285577e+00 1.646108226345989634e+00 1.245310671058735386e+00 1.239874666537938985e+00 8.585396868060176656e-01 1.381896339599451240e+00 1.677810578200717107e+00 1.319271956185915862e+00 1.442965534773022140e+00 9.575484679914230135e-01 1.434429380488844608e+00 1.717318231638039761e+00
0.000000000000000000e+00 2.001955572175750930e-01 -1.479581014770607605e-01 9.070258998670540640e-01 1.195217615692639512e+00 9.925987056451043289e-01 6.012115225044163402e-01 -1.114553552763785232e-01 7.652503269715674739e-01 1.181450972565754931e+00 1.046195980835602946e+00 7.770920493734064793e-01 -2.802893436228694971e-03 7.418070513724731585e-01 1.195451229431108375e+00 1.069894638244364593e+00 6.620079173137234374e-01 -2.444148835066141667e-01 5.981301349588159511e-01 1.069811917238045806e+00 1.015220403878951405e+00 5.652534454101872941e-01 -7.701202643175419915e-02 5.743030527280402753e-01 1.085024725308031845e+00 1.068774447421557028e+00 7.956498036140268182e-01 2.336234807214735212e-02 5.986822536386453564e-01 1.109949455076172153e+00 1.106264765331987698e+00 3.338337490307541344e-01 -2.085399635905101912e-01 5.044321879906212835e-01 1.020653410176920239e+00 1.023748089630761138e+00 6.214648581981668807e-01 -5.302072141682434570e-02 5.185860680745976170e-01 1.044813821756603867e+00 1.086984157596694534e+00 8.203946236972758932e-01 3.278946686608009281e-02 5.562480915897045630e-01 1.076211119059190979e+00
0.000000000000000000e+00 4.124888052915897774e+00 3.055543492573874254e+00 2.366755230941222532e+00 1.661674468727908582e+00 6.012115225044163402e-01 4.957459858697415456e+00 3.276066323282391668e+00 2.472104525233345118e+00 1.774901404030055030e+00 6.941819431456350831e-01 5.051809843307559333e+00 3.452406359977000516e+00 2.552584953302887705e+00 1.834470274542291834e+00 7.359886409904937699e-01 4.573002886089024166e+00 2.848755301512823301e+00 2.247702929932422933e+00 1.660402976138751319e+00 6.528653787825168253e-01 4.027901164265564660e+00 2.939341219756349322e+00 2.310239955865223571e+00 1.721634365404755229e+00 7.297567899674664016e-01 4.230179805603097698e+00 3.066961109125206697e+00 2.378134744302439429e+00 1.763530392733814178e+00 7.787159554331772870e-01 3.705601233891082646e+00 2.680852973940365036e+00 2.161828077424870376e+00 1.632107199465964831e+00 6.679098901313660352e-01 3.690960206178683034e+00 2.761723144388218643e+00 2.218834983935694449e+00 1.681002880743690975e+00 7.493752142082875656e-01 3.889590730773453853e+00 2.884084969274862242e+00 2.287141539803443813e+00 1.721136587529747963e+00
0.000000000000000000e+00 5.841452711346494908e+00 8.864120598856874977e+00 3.131922696464161326e+00 1.090773325934172755e+00 -1.114553552763785232e-01 3.276066323282391668e+00 7.927288788148315390e+00 3.613259426773304916e+00 1.087178940956790463e+00 -2.506801005293474716e-01 2.040620746546744524e+00 7.260121206790813631e+00 3.737357083521692935e+00 1.040533047487840479e+00 -3.228972785802458612e-01 2.216088829355569167e+00 7.594218941732143513e+00 3.855511199816533008e+00 1.287265585466773832e+00 -1.918027374810297170e-01 1.494548183838461108e+00 6.343498671826163005e+00 3.844559859672844304e+00 1.181747790859810410e+00 -4.090260733909341084e-01 3.687949485297206675e-01 5.887820232557282374e+00 3.798114669023907819e+00 1.112412859210825777e+00 -5.660620942052395632e-01 2.482656757097163158e+00 6.697469176602171892e+00 3.930379339467921618e+00 1.317969151109409154e+00 -2.636790694767302545e-01 6.487251482258113988e-01 5.701329959857010188e+00 3.808778167834149464e+00 1.203734958949340461e+00 -5.386017948204511185e-01 -2.205430559781420552e-01 5.389975255448025138e+00 3.731505533860792756e+00 1.119920664813410571e+00
0.000000000000000000e+00 3.048560368350252237e+00 3.942658018752649429e+00 2.476769594230734839e+00 1.719828846188627081e+00 7.652503269715674739e-01 2.472104525233345118e+00 3.613259426773304916e+00 2.579248784999081501e+00 1.746029883325956433e+00 7.834231330257412917e-01 2.113071162951589255e+00 3.463224399892545602e+00 2.626971950976684678e+00 1.757083628469549019e+00 7.868939219081675374e-01 2.045997932249205231e+00 3.272792305357691500e+00 2.482415552785752766e+00 1.707246183417159946e+00 7.732774128185231355e-01 1.543132957021415619e+00 2.930781260735313420e+00 2.473601009705697518e+00 1.698169685226410763e+00 7.552203610160648228e-01 1.333636755090919834e+00 2.858799058648639146e+00 2.490789368460722297e+00 1.702674144890080621e+00 7.383098033479855715e-01 1.676693197462177931e+00 2.908527025017760170e+00 2.414529850360669361e+00 1.676157848272590067e+00 7.593136625050089794e-01 1.213516969283287450e+00 2.662306517152833507e+00 2.392262909537850923e+00 1.666051628614502622e+00 7.273582645463400054e-01 1.079117804420913984e+00 2.635650004386713707e+00 2.408567800117130453e+00 1.669059865549741284e+00
0.000000000000000000e+00 1.355192001288153314e+00 1.089467579573232925e+00 1.851018961361997617e+00 1.847119416980305351e+00 1.181450972565754931e+00 1.774901404030055030e+00 1.087178940956790463e+00 1.746029883325956433e+00 1.871336879708122680e+00 1.266791750535553041e+00 1.885590625781963015e+00 1.199258260516037788e+00 1.746419994690997513e+00 1.903773009065272692e+00 1.303394235215406649e+00 1.704520711009553047e+00 7.966888413435653238e-01 1.504236065269010103e+00 1.724042304755878829e+00 1.225314934719077931e+00 1.387863991437257027e+00 9.248703446406770778e-01 1.491327389538928072e+00 1.755772649685795050e+00 1.299245298733425091e+00 1.632451420442922352e+00 1.040801382102050754e+00 1.534026333066156988e+00 1.792721387447273607e+00 1.348253242446192823e+00 1.108804426459587322e+00 7.331598644966520473e-01 1.375558823956467558e+00 1.664073450323076520e+00 1.238207445594247336e+00 1.343387024472134650e+00 8.690984635067318109e-01 1.399051005232535339e+00 1.700675241346757405e+00 1.320648462028196191e+00 1.568487927542961513e+00 9.780044378699352947e-01 1.455775066713667298e+00 1.743207292025867439e+00
0.000000000000000000e+00 1.628789471330768235e-01 -3.281056865332455108e-01 9.413678069783983915e-01 1.273844714471874973e+00 1.046195980835602946e+00 6.941819431456350831e-01 -2.506801005293474716e-01 7.834231330257412917e-01 1.266791750535553041e+00 1.112161475831816349e+00 9.186608907864588502e-01 -1.080486396134196503e-01 7.588410193432939543e-01 1.286396399995540341e+00 1.141698507028994003e+00 7.792963026244219549e-01 -3.983103575955590503e-01 5.901649030047035893e-01 1.138391431292033129e+00 1.076071875264718480e+00 6.748822098134054093e-01 -1.775988029514811439e-01 5.692616100781927591e-01 1.161613017110539214e+00 1.143775211536401715e+00 9.625226724144144708e-01 -5.191990453978038988e-02 5.996075255425439288e-01 1.192172025553057235e+00 1.190976695510026051e+00 3.860256690086857345e-01 -3.383806428012248180e-01 4.862052909998469397e-01 1.085388592557458676e+00 1.088637752687017901e+00 7.507336666425905580e-01 -1.385062031290380524e-01 5.082459552657759838e-01 1.117331915269624609e+00 1.168630146527956049e+00 9.968257322598825798e-01 -3.293709283516551428e-02 5.534627659713952097e-01 1.154944277739068825e+00
0.000000000000000000e+00 3.501925285146119560e+00 1.580079273107144688e+00 2.105811534706557797e+00 1.754990499834630624e+00 7.770920493734064793e-01 5.051809843307559333e+00 2.040620746546744524e+00 2.113071162951589255e+00 1.885590625781963015e+00 9.186608907864588502e-01 5.450395164513502699e+00 2.398390423454047404e+00 2.177963671124477418e+00 1.965837621343343722e+00 9.846061104942538389e-01 4.848185786675015763e+00 1.611517090876271263e+00 1.788560032068676753e+00 1.700740074908439592e+00 8.547991594643467028e-01 4.382159806276920477e+00 2.002884280339491063e+00 1.862278638284457166e+00 1.795832110503080559e+00 9.951069196123862870e-01 4.879651215592478941e+00 2.258020179943234673e+00 1.953113958316967214e+00 1.861465357268734744e+00 1.088908493796446386e+00 3.777039898359145109e+00 1.617404811468838188e+00 1.666474735412299735e+00 1.657450856706428777e+00 8.880168765028774169e-01 4.185202012523901338e+00 1.941108310538079751e+00 1.760509734899765366e+00 1.740912367663079774e+00 1.046993152556564111e+00 4.618900913160303823e+00 2.157240712919271441e+00 1.859412813346061677e+00 1.808159518404313326e+00
0.000000000000000000e+00 5.558285920653687207e+00 8.035501307686406136e+00 3.035798865810280578e+00 1.185255645498627608e+00 -2.802893436228694971e-03 3.452406359977000516e+00 7.260121206790813631e+00 3.463224399892545602e+00 1.199258260516037788e+00 -1.080486396134196503e-01 2.398390423454047404e+00 6.711648345099155755e+00 3.581588765577932598e+00 1.168442302871282923e+00 -1.635865001764531257e-01 2.491588140189218592e+00 6.909020081635452115e+00 3.635317918297139350e+00 1.352147365749820196e+00 -6.426352635075012476e-02 1.791205550856818096e+00 5.848239172362020177e+00 3.635288598435173490e+00 1.271239663843507062e+00 -2.387803185942373452e-01 8.556016560454965392e-01 5.475778791607707419e+00 3.606033606088199672e+00 1.218483597130475937e+00 -3.659677764684058365e-01 2.592614862226989114e+00 6.113767727617294589e+00 3.685692204704250852e+00 1.373661417286273334e+00 -1.237721930918789792e-01 1.023892065940350538e+00 5.271200171588929173e+00 3.590432402309933213e+00 1.283588749398611784e+00 -3.470669599702063679e-01 3.077077654179992128e-01 5.022396424214147004e+00 3.534962245803408454e+00 1.218213960340582380e+00
0.000000000000000000e+00 3.152208356027625502e+00 4.071026914414972886e+00 2.513037999752136820e+00 1.717247131236978142e+00 7.418070513724731585e-01 2.552584953302887705e+00 3.737357083521692935e+00 2.626971950976684678e+00 1.746419994690997513e+00 7.588410193432939543e-01 2.177963671124477418e+00 3.581588765577932598e+00 2.678515109369528080e+00 1.758057293011104472e+00 7.618572892081522108e-01 2.110215936303489137e+00 3.389990398422426665e+00 2.532842213326921499e+00 1.710185665918525721e+00 7.488028879558866757e-01 1.594792195468712315e+00 3.034388847389783095e+00 2.526638097191743704e+00 1.701337913035583238e+00 7.288910859390350661e-01 1.372899054003382302e+00 2.957975026463322887e+00 2.544329573001941291e+00 1.705541635658657018e+00 7.105937209660440068e-01 1.737687280064059925e+00 3.014199110265013193e+00 2.467177328131278990e+00 1.680360390969240170e+00 7.340526880388709152e-01 1.252296419233579039e+00 2.756775823646967716e+00 2.445168374622678886e+00 1.669883687897179447e+00 6.996076449460100211e-01 1.108317578959579830e+00 2.727304733449408491e+00 2.461250980697680557e+00 1.672224859666058050e+00
0.000000000000000000e+00 1.354454525890164795e+00 1.021908589701993053e+00 1.866477938798619896e+00 1.875178900921443015e+00 1.195451229431108375e+00 1.834470274542291834e+00 1.040533047487840479e+00 1.757083628469549019e+00 1.903773009065272692e+00 1.286396399995540341e+00 1.965837621343343722e+00 1.168442302871282923e+00 1.758057293011104472e+00 1.939224294728309816e+00 1.325744353690958333e+00 1.772832186130469889e+00 7.420871219014969489e-01 1.503662765009377456e+00 1.749126096357665139e+00 1.242259208754662447e+00 1.450938895455422317e+00 8.940797025955163901e-01 1.493255763806245584e+00 1.785083290557458069e+00 1.322708087814663092e+00 1.721061525653127866e+00 1.021525273420015312e+00 1.539060845864447469e+00 1.824779145475671660e+00 1.376195905117715501e+00 1.145578121618566980e+00 6.885428989764353913e-01 1.371026090457122537e+00 1.687855196215854559e+00 1.256867482979592276e+00 1.413744197771032995e+00 8.441281566803773284e-01 1.398739790195848709e+00 1.728362937376515251e+00 1.346999838466619082e+00 1.659854498791901056e+00 9.620971218695653082e-01 1.459111989190946979e+00 1.773806008287844405e+00
0.000000000000000000e+00 1.417956320557104966e-01 -4.209723551572466804e-01 9.524214671307080771e-01 1.307211086695959645e+00 1.069894638244364593e+00 7.359886409904937699e-01 -3.228972785802458612e-01 7.868939219081675374e-01 1.303394235215406649e+00 1.141698507028994003e+00 9.846061104942538389e-01 -1.635865001764531257e-01 7.618572892081522108e-01 1.325744353690958333e+00 1.174082612834100647e+00 8.336927166653469445e-01 -4.767923870914821394e-01 5.813513512444645759e-01 1.166929145308292171e+00 1.102819049559439657e+00 7.269106162796659110e-01 -2.297885671858113932e-01 5.620927586676238707e-01 1.194099309164422085e+00 1.177413379695039675e+00 1.042275130927268423e+00 -9.181410232263630122e-02 5.953588276121759559e-01 1.227425249432919641e+00 1.229400403922534579e+00 4.103998421253448048e-01 -4.045499092460000390e-01 4.727496709033316979e-01 1.112133979042264409e+00 1.117189340601394631e+00 8.127812611744132942e-01 -1.829189060602641748e-01 4.987566539426198098e-01 1.147916129886780379e+00 1.205390050336655916e+00 1.081613420543691806e+00 -6.781553137797984021e-02 5.476238297842140890e-01 1.188574095405529940e+00
0.000000000000000000e+00 3.357084725076711074e+00 1.862187085251220786e+00 2.011238646893919846e+00 1.589041539759866506e+00 6.620079173137234374e-01 4.573002886089024166e+00 2.216088829355569167e+00 2.045997932249205231e+00 1.704520711009553047e+00 7.792963026244219549e-01 4.848185786675015763e+00 2.491588140189218592e+00 2.110215936303489137e+00 1.772832186130469889e+00 8.336927166653469445e-01 4.343904197292209446e+00 1.826973726510309426e+00 1.777634109579077526e+00 1.554485543628477684e+00 7.259429139845563483e-01 3.888230081934445082e+00 2.100995552476142780e+00 1.843093494086873507e+00 1.632811178541232033e+00 8.382130249116296339e-01 4.257398433619399292e+00 2.297963188135209389e+00 1.920153345522195520e+00 1.686686942465883021e+00 9.127325063219261514e-01 3.417570444711357958e+00 1.785503361014764812e+00 1.677072291147115868e+00 1.519222710702371693e+00 7.513404050503240672e-01 3.670609350404981264e+00 2.013668324886778827e+00 1.753491710449649021e+00 1.586491064174705867e+00 8.770610763321302628e-01 3.999099318002980574e+00 2.184456636717574618e+00 1.835617575916919320e+00 1.640874309152494215e+00
0.000000000000000000e+00 5.466428656173661693e+00 8.537044202267859205e+00 2.792591956069379489e+00 8.131824701420927726e-01 -2.444148835066141667e-01 2.848755301512823301e+00 7.594218941732143513e+00 3.272792305357691500e+00 7.966888413435653238e-01 -3.983103575955590503e-01 1.611517090876271263e+00 6.909020081635452115e+00 3.389990398422426665e+00 7.420871219014969489e-01 -4.767923870914821394e-01 1.826973726510309426e+00 7.327362028673002570e+00 3.556470983653894802e+00 1.019074227143290212e+00 -3.333252777281198176e-01 1.178391928162700442e+00 6.064900077544667312e+00 3.541695977028044062e+00 9.053163862743485168e-01 -5.624500407308540284e-01 1.608346362287862985e-02 5.590845860149562974e+00 3.485852993936869648e+00 8.292486588605537667e-01 -7.269253829704048764e-01 2.214065370293249568e+00 6.455815407276762841e+00 3.650729230206425147e+00 1.057122429558780219e+00 -4.077307257360636705e-01 3.551155385776930129e-01 5.444793415079297816e+00 3.522369942980097424e+00 9.353039380441265926e-01 -6.952947796882719134e-01 -5.491164997330951758e-01 5.114736067303845779e+00 3.434305027213112371e+00 8.444985703758823847e-01
0.000000000000000000e+00 3.078617584089244019e+00 4.261863521841862124e+00 2.341894430832188512e+00 1.489966839964583123e+00 5.981301349588159511e-01 2.247702929932422933e+00 3.855511199816533008e+00 2.482415552785752766e+00 1.504236065269010103e+00 5.901649030047035893e-01 1.788560032068676753e+00 3.635317918297139350e+00 2.532842213326921499e+00 1.503662765009377456e+00 5.813513512444645759e-01 1.777634109579077526e+00 3.556470983653894802e+00 2.447683163819898144e+00 1.505383815483694709e+00 5.920924228678425827e-01 1.294548576361910230e+00 3.106204773968726407e+00 2.434619071469599660e+00 1.480219238184565800e+00 5.446680316313571302e-01 9.626851986943771866e-01 2.980141338447678478e+00 2.438398320725946089e+00 1.472256507623989075e+00 5.075470501014139879e-01 1.551185498560307963e+00 3.148846795030159740e+00 2.406274656315050553e+00 1.485384721586354928e+00 5.705373041993170302e-01 9.254248696625209103e-01 2.810898095205568659e+00 2.367989274028966751e+00 1.458891723882919322e+00 5.038350393747187406e-01 6.895765350336947597e-01 2.741052378478444851e+00 2.367016721680216929e+00 1.447907756106405541e+00
0.000000000000000000e+00 1.409558605535284004e+00 1.341981392785726923e+00 1.784829606908673538e+00 1.706239207049444317e+00 1.069811917238045806e+00 1.660402976138751319e+00 1.287265585466773832e+00 1.707246183417159946e+00 1.724042304755878829e+00 1.138391431292033129e+00 1.700740074908439592e+00 1.352147365749820196e+00 1.710185665918525721e+00 1.749126096357665139e+00 1.166929145308292171e+00 1.554485543628477684e+00 1.019074227143290212e+00 1.505383815483694709e+00 1.603413381980377084e+00 1.105599605227958415e+00 1.243464214861209172e+00 1.072715145524808955e+00 1.489912710393793471e+00 1.624789892754498366e+00 1.160059852706812000e+00 1.406383143088111298e+00 1.152569830382610627e+00 1.523970610908335077e+00 1.653483837820925784e+00 1.195480073989327652e+00 1.045172178048701328e+00 9.226710311669553688e-01 1.393640438158002537e+00 1.551037367703835823e+00 1.113849707783205023e+00 1.168679864181192185e+00 9.958626309448724845e-01 1.406509779798800874e+00 1.576840894259609049e+00 1.173035001644351816e+00 1.326536044572465878e+00 1.076340554960662832e+00 1.451994831148496035e+00 1.610008582617986184e+00
0.000000000000000000e+00 1.722915095643149097e-01 -2.513455190847132537e-01 9.241357697762985213e-01 1.234760504728870334e+00 1.015220403878951405e+00 6.528653787825168253e-01 -1.918027374810297170e-01 7.732774128185231355e-01 1.225314934719077931e+00 1.076071875264718480e+00 8.547991594643467028e-01 -6.426352635075012476e-02 7.488028879558866757e-01 1.242259208754662447e+00 1.102819049559439657e+00 7.259429139845563483e-01 -3.333252777281198176e-01 5.920924228678425827e-01 1.105599605227958415e+00 1.044180739724663631e+00 6.220016982272903450e-01 -1.363273629276376964e-01 5.694903805748656733e-01 1.125159277091289711e+00 1.105412060927930540e+00 8.846871894522799762e-01 -2.197739087926624951e-02 5.968069631351899940e-01 1.152826853269768970e+00 1.147913762718321573e+00 3.577103827844018702e-01 -2.842629784593244113e-01 4.927435831439018199e-01 1.054936370156199565e+00 1.055912515558733222e+00 6.883174178346053163e-01 -1.041455517366616096e-01 5.109112707211166393e-01 1.083120208119209726e+00 1.128077452257001623e+00 9.139816722829391393e-01 -7.426267426614640600e-03 5.524217930508528163e-01 1.117514665365867854e+00
0.000000000000000000e+00 2.737397756292859974e+00 1.100545973451944715e+00 1.537620285691626565e+00 1.286792567589087444e+00 5.652534454101872941e-01 4.027901164265564660e+00 1.494548183838461108e+00 1.543132957021415619e+00 1.387863991437257027e+00 6.748822098134054093e-01 4.382159806276920477e+00 1.791205550856818096e+00 1.594792195468712315e+00 1.450938895455422317e+00 7.269106162796659110e-01 3.888230081934445082e+00 1.178391928162700442e+00 1.294548576361910230e+00 1.243464214861209172e+00 6.220016982272903450e-01 3.565507150531111780e+00 1.510164660435061368e+00 1.356336288623392949e+00 1.318989491485395238e+00 7.335002622502474479e-01 3.968681225343832164e+00 1.717750279504953292e+00 1.428365887665737688e+00 1.370933003785598014e+00 8.088046037090045326e-01 3.079806417539117547e+00 1.205889236465444991e+00 1.204409013941724060e+00 1.210507198093085712e+00 6.471799437501974950e-01 3.418619272127235043e+00 1.476290365360116486e+00 1.281382336013114909e+00 1.276989906549002685e+00 7.744143093648717668e-01 3.765850453362571404e+00 1.649392869852389643e+00 1.359189575976130770e+00 1.330278473461513844e+00
0.000000000000000000e+00 4.818587031603611237e+00 7.030471410797822784e+00 2.546695788896224943e+00 9.173906923966942406e-01 -7.701202643175419915e-02 2.939341219756349322e+00 6.343498671826163005e+00 2.930781260735313420e+00 9.248703446406770778e-01 -1.775988029514811439e-01 2.002884280339491063e+00 5.848239172362020177e+00 3.034388847389783095e+00 8.940797025955163901e-01 -2.297885671858113932e-01 2.100995552476142780e+00 6.064900077544667312e+00 3.106204773968726407e+00 1.072715145524808955e+00 -1.363273629276376964e-01 1.510164660435061368e+00 5.115564015103441164e+00 3.106211771879547445e+00 9.972131655084077728e-01 -2.970386384463474805e-01 6.569910318767387958e-01 4.775122493101842558e+00 3.075999368862471162e+00 9.470810175276953569e-01 -4.134882321954493900e-01 2.247618800093783342e+00 5.370019112478000345e+00 3.162473508331351546e+00 1.096171399964797732e+00 -1.907084171935219397e-01 8.319211756057212082e-01 4.612231248371870151e+00 3.075167509526816279e+00 1.012483224995688991e+00 -3.951199379317004157e-01 1.751501502116191156e-01 4.381379955920244207e+00 3.020533826852182635e+00 9.508567877324876072e-01
0.000000000000000000e+00 3.099271430695042628e+00 4.230240026121524721e+00 2.329187359217766318e+00 1.471967784832920900e+00 5.743030527280402753e-01 2.310239955865223571e+00 3.844559859672844304e+00 2.473601009705697518e+00 1.491327389538928072e+00 5.692616100781927591e-01 1.862278638284457166e+00 3.635288598435173490e+00 2.526638097191743704e+00 1.493255763806245584e+00 5.620927586676238707e-01 1.843093494086873507e+00 3.541695977028044062e+00 2.434619071469599660e+00 1.489912710393793471e+00 5.694903805748656733e-01 1.356336288623392949e+00 3.106211771879547445e+00 2.425971563645371365e+00 1.468326154203791312e+00 5.259309984879817490e-01 1.038181612046230384e+00 2.986886032175025907e+00 2.432178416939827059e+00 1.462085932065253502e+00 4.914858649901007737e-01 1.597727783270143309e+00 3.140552548491592155e+00 2.393742307414863824e+00 1.470678758576881018e+00 5.489193761269460792e-01 9.890148750821129431e-01 2.813868160382846817e+00 2.359466642183381868e+00 1.447047710864267422e+00 4.867784588610787888e-01 7.641183504913673374e-01 2.749180148678711966e+00 2.360721701058486666e+00 1.437646321187349363e+00
0.000000000000000000e+00 1.375796279644987630e+00 1.202794954756757573e+00 1.783565336519378874e+00 1.731979697099812920e+00 1.085024725308031845e+00 1.721634365404755229e+00 1.181747790859810410e+00 1.698169685226410763e+00 1.755772649685795050e+00 1.161613017110539214e+00 1.795832110503080559e+00 1.271239663843507062e+00 1.701337913035583238e+00 1.785083290557458069e+00 1.194099309164422085e+00 1.632811178541232033e+00 9.053163862743485168e-01 1.480219238184565800e+00 1.624789892754498366e+00 1.125159277091289711e+00 1.318989491485395238e+00 9.972131655084077728e-01 1.468326154203791312e+00 1.652355255472679474e+00 1.189283894915051487e+00 1.521491300035378691e+00 1.094623379039042721e+00 1.506693480170914201e+00 1.684980839591427193e+00 1.231376822628085010e+00 1.080741479887771916e+00 8.271750831244812918e-01 1.363252713346652545e+00 1.570783652129357000e+00 1.136103031323237200e+00 1.258202892809091145e+00 9.315960263563066723e-01 1.382423837201401717e+00 1.602341297535392339e+00 1.206791983444606364e+00 1.448254900972395509e+00 1.025595376973324813e+00 1.433046954397454442e+00 1.639705601346630681e+00
0.000000000000000000e+00 8.744710698636032342e-02 -5.227763746627818175e-01 9.264625540639507273e-01 1.301285475198132646e+00 1.068774447421557028e+00 7.297567899674664016e-01 -4.090260733909341084e-01 7.552203610160648228e-01 1.299245298733425091e+00 1.143775211536401715e+00 9.951069196123862870e-01 -2.387803185942373452e-01 7.288910859390350661e-01 1.322708087814663092e+00 1.177413379695039675e+00 8.382130249116296339e-01 -5.624500407308540284e-01 5.446680316313571302e-01 1.160059852706812000e+00 1.105412060927930540e+00 7.335002622502474479e-01 -2.970386384463474805e-01 5.259309984879817490e-01 1.189283894915051487e+00 1.183696168904719181e+00 1.066851051179953380e+00 -1.516186498231309465e-01 5.601753068191539509e-01 1.223649503463279276e+00 1.238064979868148008e+00 3.995149933807163878e-01 -4.792193221615862475e-01 4.343894909009523020e-01 1.105219113063053760e+00 1.121835961517699154e+00 8.278894253228179512e-01 -2.428723863914104553e-01 4.624074321647613783e-01 1.142853749967683630e+00 1.214428971755902920e+00 1.111163242137641394e+00 -1.223587495968012362e-01 5.126975369489776835e-01 1.184668721177901451e+00
0.000000000000000000e+00 2.204844823724499747e+00 -2.695917979605472192e-01 1.425561997270130998e+00 1.504877990611148908e+00 7.956498036140268182e-01 4.230179805603097698e+00 3.687949485297206675e-01 1.333636755090919834e+00 1.632451420442922352e+00 9.625226724144144708e-01 4.879651215592478941e+00 8.556016560454965392e-01 1.372899054003382302e+00 1.721061525653127866e+00 1.042275130927268423e+00 4.257398433619399292e+00 1.608346362287862985e-02 9.626851986943771866e-01 1.406383143088111298e+00 8.846871894522799762e-01 3.968681225343832164e+00 6.569910318767387958e-01 1.038181612046230384e+00 1.521491300035378691e+00 1.066851051179953380e+00 4.689374154672163897e+00 1.001680048084530261e+00 1.138096848965931773e+00 1.601022469455527508e+00 1.191360715191709829e+00 3.173134427711478356e+00 2.062192442555788041e-01 8.264868626583964373e-01 1.355684979833044368e+00 9.303501645061056369e-01 3.959132519371366676e+00 7.296027391619184232e-01 9.448912382003746835e-01 1.461753901841605252e+00 1.142785540711733994e+00 4.562539553852713148e+00 1.006479406291157286e+00 1.059088389845601608e+00 1.546029959414080279e+00
0.000000000000000000e+00 4.626654228957328918e+00 6.467349907974819345e+00 2.515352779454829601e+00 1.021039164751969874e+00 2.336234807214735212e-02 3.066961109125206697e+00 5.887820232557282374e+00 2.858799058648639146e+00 1.040801382102050754e+00 -5.191990453978038988e-02 2.258020179943234673e+00 5.475778791607707419e+00 2.957975026463322887e+00 1.021525273420015312e+00 -9.181410232263630122e-02 2.297963188135209389e+00 5.590845860149562974e+00 2.980141338447678478e+00 1.152569830382610627e+00 -2.197739087926624951e-02 1.717750279504953292e+00 4.775122493101842558e+00 2.986886032175025907e+00 1.094623379039042721e+00 -1.516186498231309465e-01 1.001680048084530261e+00 4.494522390971588344e+00 2.969319729047359413e+00 1.056739648382844843e+00 -2.464177421700850523e-01 2.320580540562153793e+00 4.964859438549626525e+00 3.016260898619161246e+00 1.168164866645596822e+00 -6.755002990104770622e-02 1.095754132747255749e+00 4.316312790511070752e+00 2.947408377851997052e+00 1.101927791495821429e+00 -2.345517828484104395e-01 5.498627879998884138e-01 4.130911247603242131e+00 2.909011117644112687e+00 1.053995283822607210e+00
0.000000000000000000e+00 3.104901757841089793e+00 4.161848901386052013e+00 2.352146074032422263e+00 1.510666771684787468e+00 5.986822536386453564e-01 2.378134744302439429e+00 3.798114669023907819e+00 2.490789368460722297e+00 1.534026333066156988e+00 5.996075255425439288e-01 1.953113958316967214e+00 3.606033606088199672e+00 2.544329573001941291e+00 1.539060845864447469e+00 5.953588276121759559e-01 1.920153345522195520e+00 3.485852993936869648e+00 2.438398320725946089e+00 1.523970610908335077e+00 5.968069631351899940e-01 1.428365887665737688e+00 3.075999368862471162e+00 2.432178416939827059e+00 1.506693480170914201e+00 5.601753068191539509e-01 1.138096848965931773e+00 2.969319729047359413e+00 2.441855738750551286e+00 1.503464462625510478e+00 5.305207900209145677e-01 1.641169362937373810e+00 3.095040955892190304e+00 2.392640372235694368e+00 1.502807365501290793e+00 5.779429697555634737e-01 1.068950798073007302e+00 2.789625468164626643e+00 2.362865572519357027e+00 1.483311624299094467e+00 5.240033058463078319e-01 8.670320581417216843e-01 2.734977744097753405e+00 2.368247549599488355e+00 1.477168699131346186e+00
0.000000000000000000e+00 1.356408400305875839e+00 1.112889125619501707e+00 1.795399299659314440e+00 1.765771837792152743e+00 1.109949455076172153e+00 1.763530392733814178e+00 1.112412859210825777e+00 1.702674144890080621e+00 1.792721387447273607e+00 1.192172025553057235e+00 1.861465357268734744e+00 1.218483597130475937e+00 1.705541635658657018e+00 1.824779145475671660e+00 1.227425249432919641e+00 1.686686942465883021e+00 8.292486588605537667e-01 1.472256507623989075e+00 1.653483837820925784e+00 1.152826853269768970e+00 1.370933003785598014e+00 9.470810175276953569e-01 1.462085932065253502e+00 1.684980839591427193e+00 1.223649503463279276e+00 1.601022469455527508e+00 1.056739648382844843e+00 1.503464462625510478e+00 1.720415318245626768e+00 1.270407648527292377e+00 1.105123656431369117e+00 7.629826404584186816e-01 1.350569837723247124e+00 1.597562768735962813e+00 1.165432431395050372e+00 1.320116469547934601e+00 8.889056013275846713e-01 1.373773661163853799e+00 1.632987884808590140e+00 1.244115476264365583e+00 1.532749241973286658e+00 9.924552270958733047e-01 1.428134795009753599e+00 1.673446110159767741e+00
0.000000000000000000e+00 2.447365132968266216e-02 -7.178521144979261859e-01 9.240456864404139603e-01 1.345406134740676274e+00 1.106264765331987698e+00 7.787159554331772870e-01 -5.660620942052395632e-01 7.383098033479855715e-01 1.348253242446192823e+00 1.190976695510026051e+00 1.088908493796446386e+00 -3.659677764684058365e-01 7.105937209660440068e-01 1.376195905117715501e+00 1.229400403922534579e+00 9.127325063219261514e-01 -7.269253829704048764e-01 5.075470501014139879e-01 1.195480073989327652e+00 1.147913762718321573e+00 8.088046037090045326e-01 -4.134882321954493900e-01 4.914858649901007737e-01 1.231376822628085010e+00 1.238064979868148008e+00 1.191360715191709829e+00 -2.464177421700850523e-01 5.305207900209145677e-01 1.270407648527292377e+00 1.300739050677232500e+00 4.265275393328181175e-01 -6.192748818552872292e-01 3.897873484294770985e-01 1.137686646681121960e+00 1.167492137787847550e+00 9.233215667932844761e-01 -3.435267171325681601e-01 4.246721103598807834e-01 1.181889039478186465e+00 1.274349284546577588e+00 1.246643873636479993e+00 -2.064925494961842301e-01 4.810407279856229179e-01 1.228889271915005077e+00
0.000000000000000000e+00 3.147927101925385163e+00 2.329387316165116406e+00 1.582286515688237527e+00 1.037270703377854097e+00 3.338337490307541344e-01 3.705601233891082646e+00 2.482656757097163158e+00 1.676693197462177931e+00 1.108804426459587322e+00 3.860256690086857345e-01 3.777039898359145109e+00 2.592614862226989114e+00 1.737687280064059925e+00 1.145578121618566980e+00 4.103998421253448048e-01 3.417570444711357958e+00 2.214065370293249568e+00 1.551185498560307963e+00 1.045172178048701328e+00 3.577103827844018702e-01 3.079806417539117547e+00 2.247618800093783342e+00 1.597727783270143309e+00 1.080741479887771916e+00 3.995149933807163878e-01 3.173134427711478356e+00 2.320580540562153793e+00 1.641169362937373810e+00 1.105123656431369117e+00 4.265275393328181175e-01 2.900476643340885285e+00 2.090903510933904030e+00 1.507150765644031942e+00 1.029458361897916285e+00 3.626179250643284391e-01 2.810700175736755124e+00 2.117017634508803425e+00 1.542668689105499258e+00 1.056499983382754859e+00 4.062249326453000187e-01 2.907039128596388800e+00 2.187456297377985415e+00 1.583782252739702967e+00 1.079104647015877161e+00
0.000000000000000000e+00 4.895933307447669414e+00 7.495540664903931116e+00 2.485601779988917404e+00 7.421127273199467078e-01 -2.085399635905101912e-01 2.680852973940365036e+00 6.697469176602171892e+00 2.908527025017760170e+00 7.331598644966520473e-01 -3.383806428012248180e-01 1.617404811468838188e+00 6.113767727617294589e+00 3.014199110265013193e+00 6.885428989764353913e-01 -4.045499092460000390e-01 1.785503361014764812e+00 6.455815407276762841e+00 3.148846795030159740e+00 9.226710311669553688e-01 -2.842629784593244113e-01 1.205889236465444991e+00 5.370019112478000345e+00 3.140552548491592155e+00 8.271750831244812918e-01 -4.792193221615862475e-01 2.062192442555788041e-01 4.964859438549626525e+00 3.095040955892190304e+00 7.629826404584186816e-01 -6.192748818552872292e-01 2.090903510933904030e+00 5.699447738178887057e+00 3.230057896440865939e+00 9.556324131616796835e-01 -3.481959381649566976e-01 4.792142734139764881e-01 4.828892364432350703e+00 3.122240670658982697e+00 8.523690124239254873e-01 -5.933546430786795778e-01 -2.975599616683955451e-01 4.547568797044715616e+00 3.048439919446111368e+00 7.752277193914653974e-01
0.000000000000000000e+00 3.078938191152326809e+00 4.357576534563452064e+00 2.255622755583040373e+00 1.364084145966285577e+00 5.044321879906212835e-01 2.161828077424870376e+00 3.930379339467921618e+00 2.414529850360669361e+00 1.375558823956467558e+00 4.862052909998469397e-01 1.666474735412299735e+00 3.685692204704250852e+00 2.467177328131278990e+00 1.371026090457122537e+00 4.727496709033316979e-01 1.677072291147115868e+00 3.650729230206425147e+00 2.406274656315050553e+00 1.393640438158002537e+00 4.927435831439018199e-01 1.204409013941724060e+00 3.162473508331351546e+00 2.393742307414863824e+00 1.363252713346652545e+00 4.343894909009523020e-01 8.264868626583964373e-01 3.016260898619161246e+00 2.392640372235694368e+00 1.350569837723247124e+00 3.897873484294770985e-01 1.507150765644031942e+00 3.230057896440865939e+00 2.377636571407584665e+00 1.379321930311634858e+00 4.684475658258734909e-01 8.209643716460867102e-01 2.858875980491619728e+00 2.334467550518211088e+00 1.347078429845195213e+00 3.888859311985676803e-01 5.464177221825750053e-01 2.772560994138685508e+00 2.326770414115852947e+00 1.330621486357417727e+00
0.000000000000000000e+00 1.409574624946483556e+00 1.378830542292244665e+00 1.744755029936108981e+00 1.646108226345989634e+00 1.020653410176920239e+00 1.632107199465964831e+00 1.317969151109409154e+00 1.676157848272590067e+00 1.664073450323076520e+00 1.085388592557458676e+00 1.657450856706428777e+00 1.373661417286273334e+00 1.680360390969240170e+00 1.687855196215854559e+00 1.112133979042264409e+00 1.519222710702371693e+00 1.057122429558780219e+00 1.485384721586354928e+00 1.551037367703835823e+00 1.054936370156199565e+00 1.210507198093085712e+00 1.096171399964797732e+00 1.470678758576881018e+00 1.570783652129357000e+00 1.105219113063053760e+00 1.355684979833044368e+00 1.168164866645596822e+00 1.502807365501290793e+00 1.597562768735962813e+00 1.137686646681121960e+00 1.029458361897916285e+00 9.556324131616796835e-01 1.379321930311634858e+00 1.501640493343191940e+00 1.062469154850009367e+00 1.129314893373384088e+00 1.015870250303566813e+00 1.390510034744078638e+00 1.525336625760625786e+00 1.116663300745177390e+00 1.272249765370788488e+00 1.089895033694245896e+00 1.433241051590081083e+00 1.556186500269612916e+00
