1.741352823615392609e+01 1.563433466700197627e+01 6.883830495160853324e+00 2.469577061061281054e+00 1.211829920457316856e-01 1.325477143756599574e+01 1.503053147118378163e+01 7.660151490523239737e+00 2.595595263236269101e+00 9.526816285447718691e-02 9.452543497691115348e+00 1.402908303493339659e+01 7.708790688233852606e+00 2.555713974957050549e+00 7.862079192379332893e-02 1.421052997680759766e+01 1.725897881578328352e+01 8.811114710902060665e+00 2.954756068703293881e+00 1.062822658293347683e-01 1.053377352436719505e+01 1.563902684264641962e+01 8.710895420801561428e+00 2.831317528155357532e+00 3.627266145533195041e-02 8.076889999997810321e+00 1.459506135638352475e+01 8.432541248531387978e+00 2.704111258046560273e+00 -1.351324834865779909e-02 1.353957400334379457e+01 1.730709271763595680e+01 9.287397184749236700e+00 3.054025444291762259e+00 7.782795530499402037e-02 9.227415178290781839e+00 1.563647732561811132e+01 8.914591227221226433e+00 2.861939787970339211e+00 -1.486207078499033468e-02 7.036713375417154026e+00 1.464988011188557770e+01 8.541544760695103378e+00 2.701178649396740017e+00 -6.228573032499403611e-02
1.563433466700197627e+01 1.740785459813725211e+01 7.177653523582422146e+00 2.460138658869359674e+00 1.410024827462128261e-01 8.454319312982743639e+00 1.610730603267586147e+01 8.120898274722911481e+00 2.538205242688383656e+00 8.223902157962011128e-02 3.828979182506993428e+00 1.463470949663557974e+01 8.182817905246224655e+00 2.468300482022784070e+00 5.153916026264896560e-02 7.730039631276186540e+00 1.860843655015471754e+01 9.504100666313570756e+00 2.961625730493980591e+00 9.358024987501946390e-02 3.609471714672857434e+00 1.623054621635396089e+01 9.350925288507056621e+00 2.782574552816306390e+00 -1.737663468125468652e-02 6.336996073453122769e-01 1.483774886905015400e+01 9.011520716123902375e+00 2.629571369556461313e+00 -9.306965619915000265e-02 6.766436856561049318e+00 1.836675288260207850e+01 1.006441469158232671e+01 3.060451418603582496e+00 4.557231887652161278e-02 1.434254448465457354e+00 1.606061216157386795e+01 9.591949928017392324e+00 2.820750773007724810e+00 -9.547892390723550227e-02 -1.305810471593024102e+00 1.479292909078508522e+01 9.141780443422545588e+00 2.631535800321694207e+00 -1.656807340435283438e-01
6.883830495160853324e+00 7.177653523582422146e+00 5.588121380967869811e+00 3.272124340151559618e+00 6.358829365627280961e-01 6.519226192812363152e+00 6.481124593343126961e+00 5.445434788344462262e+00 3.331350498404888505e+00 6.767315504560847961e-01 5.572725482545689779e+00 6.133672467485163260e+00 5.314922069911617974e+00 3.299097755872147264e+00 6.768646804345047618e-01 7.379120071597633945e+00 6.853858251452214390e+00 5.683532974536598559e+00 3.439300194616920159e+00 6.940796619800229106e-01 5.838129946084629651e+00 6.405422086433422812e+00 5.485011848206712060e+00 3.369705989312210104e+00 6.883908235802703723e-01 5.447366305461113001e+00 6.207975790979536335e+00 5.357224930937340091e+00 3.290956173194352186e+00 6.746455967447912982e-01 6.481135287755684260e+00 6.677566119715306669e+00 5.636099553114589433e+00 3.434479897725312814e+00 6.980160853059550474e-01 5.674521062630016210e+00 6.335938585309467186e+00 5.436522519170094547e+00 3.323260163977891590e+00 6.800940174844060104e-01 5.484630498188152181e+00 6.182952973746941971e+00 5.311871169039389606e+00 3.235199393121237943e+00 6.602832836457305232e-01
2.469577061061281054e+00 2.460138658869359674e+00 3.272124340151559618e+00 2.350952437217473712e+00 5.638510769368539899e-01 3.457942426618630716e+00 2.115438063399630142e+00 2.941424141829551697e+00 2.368333533554577208e+00 6.078702598180628636e-01 3.570571585892237554e+00 2.102173534941779387e+00 2.810154422576124578e+00 2.347591245085431044e+00 6.121073090638455838e-01 4.251875858217081472e+00 1.948327554327649036e+00 2.881442112345774742e+00 2.382038835642428687e+00 6.214666972971986114e-01 3.780431356745364457e+00 2.021327408124518499e+00 2.732914262018570906e+00 2.348602938462855949e+00 6.344167042452947269e-01 4.021828629420425294e+00 2.117457139388464249e+00 2.686555670532090545e+00 2.307772445838113917e+00 6.348431675706386335e-01 3.696843311642603602e+00 1.849020916763425948e+00 2.732478908179215349e+00 2.355806614277680566e+00 6.326212887246273064e-01 4.037467565986887941e+00 1.998003868549931283e+00 2.648838701720767741e+00 2.301511197886297655e+00 6.404309607627245438e-01 4.395874120322741163e+00 2.108424568960297396e+00 2.627575188972663511e+00 2.260650284112890596e+00 6.345806579851317464e-01
1.211829920457316856e-01 1.410024827462128261e-01 6.358829365627280961e-01 5.638510769368539899e-01 1.770173925737260068e-01 5.159623259247847482e-01 8.058204219616144082e-02 5.202774227835581522e-01 5.585701410904464481e-01 1.875475020079214739e-01 6.586056216747628866e-01 1.102832281031337902e-01 4.834478570279999166e-01 5.522607896350700818e-01 1.879550978847930043e-01 6.880157296996451954e-01 -3.274440296237098036e-02 4.679783745891727964e-01 5.512890421176915856e-01 1.910994893085241342e-01 6.755341643391236106e-01 3.655908094913618706e-02 4.313622960177126986e-01 5.437409505751745753e-01 1.944962277692229013e-01 8.146681659268463216e-01 9.339415895268400603e-02 4.279403038559010386e-01 5.360900794296331595e-01 1.947753242280101382e-01 5.591904247833621167e-01 -6.065901868538424446e-02 4.133877706837106314e-01 5.398397498165030672e-01 1.938624177666821990e-01 7.775980997058962174e-01 2.819543790297270383e-02 4.029880786649701063e-01 5.299996320677992090e-01 1.964839165994246573e-01 9.384571507426340276e-01 8.771105618994956554e-02 4.093267840291437420e-01 5.237307518945465423e-01 1.950448582042649814e-01
1.325477143756599574e+01 8.454319312982743639e+00 6.519226192812363152e+00 3.457942426618630716e+00 5.159623259247847482e-01 1.705518076093440882e+01 8.635452662306734695e+00 6.391100933051785837e+00 3.655788680866533635e+00 5.949882735478172480e-01 1.663108861584269604e+01 8.794232553421164056e+00 6.296745826417576630e+00 3.680615770503696371e+00 6.134418847305225242e-01 2.063669507470075715e+01 8.933637463516090449e+00 6.424636723313132514e+00 3.699500699125752412e+00 6.095874557804088489e-01 1.930447928042943317e+01 9.284290451702311486e+00 6.329826997975576575e+00 3.716016878562107273e+00 6.522789895622607137e-01 1.933301384843351656e+01 9.441070464952272090e+00 6.269175340993569989e+00 3.668545368264217732e+00 6.691334673087545593e-01 2.022838493579196495e+01 9.102957184538647439e+00 6.314287017707544969e+00 3.708971411492423265e+00 6.360196696866914357e-01 2.036774298993198684e+01 9.400089046801170412e+00 6.226775677241218609e+00 3.658303205094436183e+00 6.742618472576401567e-01 2.066841922198002024e+01 9.522248884879461528e+00 6.174849132164403009e+00 3.598434955132585156e+00 6.819740965422703693e-01
1.503053147118378163e+01 1.610730603267586147e+01 6.481124593343126961e+00 2.115438063399630142e+00 8.058204219616144082e-02 8.635452662306734695e+00 1.506819240563836892e+01 7.395347136045836933e+00 2.195346179795854002e+00 2.444890433972042934e-02 4.337234581093410313e+00 1.375642426784946259e+01 7.472430333639724864e+00 2.137707504485022447e+00 -3.011486420633120633e-03 8.201370912071885400e+00 1.745690378587990921e+01 8.682080212575323586e+00 2.578633726766274670e+00 3.063408031690624533e-02 4.400341847766223502e+00 1.532679746691328404e+01 8.569812066447321186e+00 2.422760780500960998e+00 -6.987662569147221059e-02 1.600999666965531532e+00 1.404732477889044162e+01 8.266166737893286154e+00 2.288314352115320638e+00 -1.374996956000494319e-01 7.431150677208002264e+00 1.731287280897097602e+01 9.222780908908472242e+00 2.671738772619538516e+00 -1.492963660050533950e-02 2.468338340297607125e+00 1.521195588415890221e+01 8.805122419928833821e+00 2.459955724817059153e+00 -1.419661643390368599e-01 -1.181148275213551313e-01 1.403663519040205010e+01 8.394836142724823702e+00 2.291758327816461271e+00 -2.039949867699630826e-01
7.660151490523239737e+00 8.120898274722911481e+00 5.445434788344462262e+00 2.941424141829551697e+00 5.202774227835581522e-01 6.391100933051785837e+00 7.395347136045836933e+00 5.468101134799091767e+00 3.001315427306963990e+00 5.448223575871450342e-01 4.990112474159697165e+00 6.916565703363228401e+00 5.374406166160540010e+00 2.967048427387019682e+00 5.409436650277803516e-01 6.993875675702346584e+00 8.051758309177797557e+00 5.855212061340397511e+00 3.145900947385341873e+00 5.593908894037531443e-01 5.181836628753615059e+00 7.370898457636100076e+00 5.678578262943406507e+00 3.067150477122772223e+00 5.399924557176285500e-01 4.446928625280141212e+00 7.019397130600691703e+00 5.529836884175480805e+00 2.983966535321755487e+00 5.189831649315127526e-01 6.142612429620291969e+00 7.889517921293279556e+00 5.900035392101042220e+00 3.156574789538427517e+00 5.556955293744538782e-01 4.746704606616664712e+00 7.300418561224303993e+00 5.676854213279142414e+00 3.035926938957182131e+00 5.225316103575582405e-01 4.204144224496694449e+00 6.999867077613704858e+00 5.514511618732344189e+00 2.940124348850498670e+00 4.975033965372315237e-01
2.595595263236269101e+00 2.538205242688383656e+00 3.331350498404888505e+00 2.368333533554577208e+00 5.585701410904464481e-01 3.655788680866533635e+00 2.195346179795854002e+00 3.001315427306963990e+00 2.392136062443183331e+00 6.042238022142726317e-01 3.776711104006910347e+00 2.187198695516139768e+00 2.869745390155526987e+00 2.373119871688563087e+00 6.091020946201912700e-01 4.489074284014971106e+00 2.016072687139340847e+00 2.935598661930931108e+00 2.405863951482070107e+00 6.184743812348501013e-01 4.005228984107342072e+00 2.098816989071496497e+00 2.787692726198718329e+00 2.375033692946920016e+00 6.329778878766878503e-01 4.263063252794861313e+00 2.202220900132346504e+00 2.741899659863953786e+00 2.334419601339485784e+00 6.342204998148017747e-01 3.913245887890665298e+00 1.912996907044337558e+00 2.783094040121864676e+00 2.381114770257391822e+00 6.307923700468407446e-01 4.279319940075657414e+00 2.072971356699253143e+00 2.700642325967795188e+00 2.328014798387274098e+00 6.402106163342106138e-01 4.658840883385548359e+00 2.190618607553300290e+00 2.680362330275575466e+00 2.287060646578841450e+00 6.350168936137111642e-01
9.526816285447718691e-02 8.223902157962011128e-02 6.767315504560847961e-01 6.078702598180628636e-01 1.875475020079214739e-01 5.949882735478172480e-01 2.444890433972042934e-02 5.448223575871450342e-01 6.042238022142726317e-01 2.002688691115986908e-01 7.823606761031990375e-01 6.777846417067349971e-02 5.040094149761175091e-01 5.984552672619367630e-01 2.012784040883231762e-01 8.071257559310970331e-01 -1.171541007387452288e-01 4.777339805940995499e-01 5.937730578314257546e-01 2.042906385798605173e-01 8.149913658197316391e-01 -2.298109980379391473e-02 4.387636086555208315e-01 5.875801703522688380e-01 2.094859343537392449e-01 9.898673285945743805e-01 5.019330782008348674e-02 4.371606383981541666e-01 5.802026253815473211e-01 2.106986781063869274e-01 6.688954624884830835e-01 -1.463064527544486459e-01 4.135986724078475341e-01 5.812484619518297757e-01 2.081397101977902619e-01 9.485268556938970530e-01 -3.095230482386598925e-02 4.053227365583540465e-01 5.723144635919770185e-01 2.126962386624241808e-01 1.147533562738141555e+00 4.410507404625334249e-02 4.151645212406614993e-01 5.665357328905304968e-01 2.119330355768668517e-01
9.452543497691115348e+00 3.828979182506993428e+00 5.572725482545689779e+00 3.570571585892237554e+00 6.586056216747628866e-01 1.663108861584269604e+01 4.337234581093410313e+00 4.990112474159697165e+00 3.776711104006910347e+00 7.823606761031990375e-01 1.797786045942802602e+01 5.046630085811190547e+00 4.828907701863883517e+00 3.828163232787433756e+00 8.163821200204842699e-01 2.103901237524663159e+01 3.605172040255657517e+00 4.452599299235586727e+00 3.660479880651761331e+00 7.991222947351223072e-01 2.107176990139751283e+01 4.882947735829137770e+00 4.363359493946163070e+00 3.741287635384594967e+00 8.935826290908807090e-01 2.236710018888568641e+01 5.622821351003735479e+00 4.416705540414421094e+00 3.736725024703104303e+00 9.417234748835501268e-01 2.081273016611860172e+01 3.789098216756639381e+00 4.052725856333508681e+00 3.623578287190195812e+00 8.512003102210097261e-01 2.320071294412830198e+01 5.029293154794864051e+00 4.113455782803717931e+00 3.645866097825275709e+00 9.505539396160156418e-01 2.474247613220770248e+01 5.696047751500702638e+00 4.227798882182584705e+00 3.641260252247378038e+00 9.846107124475115269e-01
1.402908303493339659e+01 1.463470949663557974e+01 6.133672467485163260e+00 2.102173534941779387e+00 1.102832281031337902e-01 8.794232553421164056e+00 1.375642426784946259e+01 6.916565703363228401e+00 2.187198695516139768e+00 6.777846417067349971e-02 5.046630085811190547e+00 1.263775506802101312e+01 6.979033651945287353e+00 2.140646516221721196e+00 4.563186732914201876e-02 8.704940070366527394e+00 1.584404978367620132e+01 8.024146823271852469e+00 2.515755076710369575e+00 7.271990712556916647e-02 5.325918314838117062e+00 1.403387633697224324e+01 7.923545694186652888e+00 2.383873708690504412e+00 -1.047395334520452061e-02 2.909611514278963806e+00 1.294298116236980967e+01 7.659818270680027297e+00 2.265805222196246138e+00 -6.718446012618820018e-02 8.021076588794748830e+00 1.573332017208688782e+01 8.480264118002638796e+00 2.594175506528115793e+00 3.470821720294924029e-02 3.752883841981936364e+00 1.394406731215969231e+01 8.116433427241641851e+00 2.409290362312374700e+00 -7.150116911760676097e-02 1.541162262915067416e+00 1.294082677895721289e+01 7.761287945281765133e+00 2.261358547201125280e+00 -1.239954392753907370e-01
7.708790688233852606e+00 8.182817905246224655e+00 5.314922069911617974e+00 2.810154422576124578e+00 4.834478570279999166e-01 6.296745826417576630e+00 7.472430333639724864e+00 5.374406166160540010e+00 2.869745390155526987e+00 5.040094149761175091e-01 4.828907701863883517e+00 6.979033651945287353e+00 5.292382217235699571e+00 2.836756247392709707e+00 4.995254210241901194e-01 6.851472487639807873e+00 8.177050479531681404e+00 5.781866277869755599e+00 3.015807177355507296e+00 5.167021498856405604e-01 5.023092820819798021e+00 7.466147268144052163e+00 5.615947221590528393e+00 2.937951229727531643e+00 4.951815145461248013e-01 4.230295219585556765e+00 7.091688625635219623e+00 5.467680461534024872e+00 2.856701184885305889e+00 4.734527394321939031e-01 6.037514436760424985e+00 8.024168110215848415e+00 5.844509845782061674e+00 3.028274924243839816e+00 5.111059483913356072e-01 4.550218021848230876e+00 7.398866487956555993e+00 5.623211064162642714e+00 2.909520018135324460e+00 4.759780833530462552e-01 3.943777267379906082e+00 7.075152769342736292e+00 5.458018217657163440e+00 2.815320629130957375e+00 4.508046536268331961e-01
2.555713974957050549e+00 2.468300482022784070e+00 3.299097755872147264e+00 2.347591245085431044e+00 5.522607896350700818e-01 3.680615770503696371e+00 2.137707504485022447e+00 2.967048427387019682e+00 2.373119871688563087e+00 5.984552672619367630e-01 3.828163232787433756e+00 2.140646516221721196e+00 2.836756247392709707e+00 2.355655863819996920e+00 6.037676838679428837e-01 4.534812568514244191e+00 1.943608953542768303e+00 2.891024962407707566e+00 2.382641798543623679e+00 6.121240828601482997e-01 4.073247374320002834e+00 2.044177942847441809e+00 2.746134689177567978e+00 2.354372035951203479e+00 6.278406448328527345e-01 4.349888610253476173e+00 2.157818418111012715e+00 2.703527477985689043e+00 2.315525179548263424e+00 6.299670895266146209e-01 3.966067182465781826e+00 1.843105177243726134e+00 2.734919600923310767e+00 2.357200541259576010e+00 6.247378521132259666e-01 4.367753605039924381e+00 2.019905338916130777e+00 2.656940689902667962e+00 2.306804562260540870e+00 6.356989108189973203e-01 4.765449963296187974e+00 2.146703475115538051e+00 2.640390152072282337e+00 2.267785433937902440e+00 6.313839569182333467e-01
7.862079192379332893e-02 5.153916026264896560e-02 6.768646804345047618e-01 6.121073090638455838e-01 1.879550978847930043e-01 6.134418847305225242e-01 -3.011486420633120633e-03 5.409436650277803516e-01 6.091020946201912700e-01 2.012784040883231762e-01 8.163821200204842699e-01 4.563186732914201876e-02 4.995254210241901194e-01 6.037676838679428837e-01 2.025282404669172809e-01 8.387498303814229228e-01 -1.534078710686657687e-01 4.686745129725111148e-01 5.970992579070023565e-01 2.052471076720411292e-01 8.563782354062835500e-01 -5.000482678419365667e-02 4.298225106753054137e-01 5.917169666581105769e-01 2.111137346852393626e-01 1.042558694446988454e+00 2.878618996775372807e-02 4.292608966505634949e-01 5.847764739731885486e-01 2.127372464039356259e-01 7.011229064674816547e-01 -1.818801614524998556e-01 4.018521626830166560e-01 5.842022897025579420e-01 2.093903391083263843e-01 1.001130064303932032e+00 -5.724892402886573584e-02 3.949518361731992888e-01 5.760241846011551203e-01 2.147220081593542718e-01 1.211721793815592862e+00 2.295263591584018395e-02 4.062986727035818313e-01 5.707672137478473351e-01 2.143153094014616789e-01
1.421052997680759766e+01 7.730039631276186540e+00 7.379120071597633945e+00 4.251875858217081472e+00 6.880157296996451954e-01 2.063669507470075715e+01 8.201370912071885400e+00 6.993875675702346584e+00 4.489074284014971106e+00 8.071257559310970331e-01 2.103901237524663159e+01 8.704940070366527394e+00 6.851472487639807873e+00 4.534812568514244191e+00 8.387498303814229228e-01 2.558503075977669994e+01 8.130630054486854164e+00 6.764561368069670344e+00 4.450958570953584825e+00 8.189123025650173471e-01 2.470545907980726597e+01 9.085830455896788393e+00 6.664418623610002257e+00 4.505422882209537683e+00 8.994581696880400434e-01 2.531914116397403802e+01 9.574916681567653853e+00 6.652975962957557776e+00 4.473934601454283566e+00 9.383603164298195409e-01 2.533214632342259875e+01 8.436082700114603483e+00 6.503518688568123984e+00 4.434043304560615795e+00 8.612335726389588331e-01 2.660020613101918130e+01 9.306882350895232747e+00 6.481005632511796399e+00 4.413227636101429319e+00 9.423090094494972480e-01 2.751741200041516322e+01 9.720514010371312352e+00 6.503809302781078827e+00 4.373607635347428690e+00 9.679710826977144800e-01
1.725897881578328352e+01 1.860843655015471754e+01 6.853858251452214390e+00 1.948327554327649036e+00 -3.274440296237098036e-02 8.933637463516090449e+00 1.745690378587990921e+01 8.051758309177797557e+00 2.016072687139340847e+00 -1.171541007387452288e-01 3.605172040255657517e+00 1.584404978367620132e+01 8.177050479531681404e+00 1.943608953542768303e+00 -1.534078710686657687e-01 8.130630054486854164e+00 2.053525497313975023e+01 9.698264694098098104e+00 2.490305255175806032e+00 -1.166755867599962582e-01 3.610480281356212906e+00 1.789759745995005957e+01 9.595829704962227424e+00 2.297155800932211722e+00 -2.475065598185302862e-01 6.637297027176474080e-03 1.627033376790962649e+01 9.227775842318308719e+00 2.140639104633552225e+00 -3.325787425961095889e-01 7.429449493421234507e+00 2.045848677533900073e+01 1.043286989339669013e+01 2.609696542393845409e+00 -1.796506798931864490e-01 1.102379332737149831e+00 1.781553163469638079e+01 9.934646723468539165e+00 2.357655528657214283e+00 -3.417970578444136653e-01 -2.292613427870755061e+00 1.630360801386727942e+01 9.425706933929630438e+00 2.160415658275261386e+00 -4.178619300018898697e-01
8.811114710902060665e+00 9.504100666313570756e+00 5.683532974536598559e+00 2.881442112345774742e+00 4.679783745891727964e-01 6.424636723313132514e+00 8.682080212575323586e+00 5.855212061340397511e+00 2.935598661930931108e+00 4.777339805940995499e-01 4.452599299235586727e+00 8.024146823271852469e+00 5.781866277869755599e+00 2.891024962407707566e+00 4.686745129725111148e-01 6.764561368069670344e+00 9.698264694098098104e+00 6.444014841217143186e+00 3.138795208854326724e+00 4.923408920509286801e-01 4.527863133787633387e+00 8.718391129261643613e+00 6.264684976407195904e+00 3.037040670885902127e+00 4.555713062155358206e-01 3.362867268464246440e+00 8.170932311611704080e+00 6.075460901741600139e+00 2.938337755573992460e+00 4.239776405566418882e-01 5.890051183294991333e+00 9.550722764719557389e+00 6.593024233908961307e+00 3.167393891340653411e+00 4.804811305354464435e-01 3.742713290533623560e+00 8.651970664292527147e+00 6.318787669808268781e+00 3.020878425649955012e+00 4.266908883752473791e-01 2.772688410968911832e+00 8.165005952583944904e+00 6.097858903633649241e+00 2.905305792914804286e+00 3.926933575477947747e-01
2.954756068703293881e+00 2.961625730493980591e+00 3.439300194616920159e+00 2.382038835642428687e+00 5.512890421176915856e-01 3.699500699125752412e+00 2.578633726766274670e+00 3.145900947385341873e+00 2.405863951482070107e+00 5.937730578314257546e-01 3.660479880651761331e+00 2.515755076710369575e+00 3.015807177355507296e+00 2.382641798543623679e+00 5.970992579070023565e-01 4.450958570953584825e+00 2.490305255175806032e+00 3.138795208854326724e+00 2.442173029181320842e+00 6.104573064674263527e-01 3.831309453139574828e+00 2.482910759957110525e+00 2.985193524427235179e+00 2.403413724936600104e+00 6.199549623609202920e-01 3.978455096476668729e+00 2.530669565288451661e+00 2.924783830181610700e+00 2.355970068000373896e+00 6.177162201642660833e-01 3.838116251157928094e+00 2.381162278016528244e+00 3.013697926967382923e+00 2.425081507220554045e+00 6.217519436589334925e-01 3.999773199931135892e+00 2.451444546781204714e+00 2.912805633788442705e+00 2.362090486993418281e+00 6.248216756845726971e-01 4.273226338559270587e+00 2.517603852560977185e+00 2.873312573300023320e+00 2.312782412601879223e+00 6.163644589799996965e-01
1.062822658293347683e-01 9.358024987501946390e-02 6.940796619800229106e-01 6.214666972971986114e-01 1.910994893085241342e-01 6.095874557804088489e-01 3.063408031690624533e-02 5.593908894037531443e-01 6.184743812348501013e-01 2.042906385798605173e-01 7.991222947351223072e-01 7.271990712556916647e-02 5.167021498856405604e-01 6.121240828601482997e-01 2.052471076720411292e-01 8.189123025650173471e-01 -1.166755867599962582e-01 4.923408920509286801e-01 6.104573064674263527e-01 2.094766094626742403e-01 8.213947436223980603e-01 -2.410604175994263132e-02 4.512701464438970689e-01 6.036509833843153316e-01 2.146250084828924543e-01 1.002227691095770812e+00 4.952327262975270844e-02 4.484384799081838624e-01 5.952264810593692612e-01 2.156050153510277456e-01 6.676755367204284530e-01 -1.503576544871325360e-01 4.269791145378649677e-01 5.989644999548721094e-01 2.139424576490860097e-01 9.530275646015330393e-01 -3.508529426678572843e-02 4.171456474967343842e-01 5.889448124645786375e-01 2.182591703573284747e-01 1.159609797039439005e+00 4.105374331490872775e-02 4.260372917496464407e-01 5.819967149069880108e-01 2.171507778427927693e-01
1.053377352436719505e+01 3.609471714672857434e+00 5.838129946084629651e+00 3.780431356745364457e+00 6.755341643391236106e-01 1.930447928042943317e+01 4.400341847766223502e+00 5.181836628753615059e+00 4.005228984107342072e+00 8.149913658197316391e-01 2.107176990139751283e+01 5.325918314838117062e+00 5.023092820819798021e+00 4.073247374320002834e+00 8.563782354062835500e-01 2.470545907980726597e+01 3.610480281356212906e+00 4.527863133787633387e+00 3.831309453139574828e+00 8.213947436223980603e-01 2.517541224439052172e+01 5.251568120046804289e+00 4.466844039095571262e+00 3.937146689822392354e+00 9.351405270826812499e-01 2.669270485326901721e+01 6.161323168954531582e+00 4.556687968673672096e+00 3.949458154634201357e+00 9.962689493972084476e-01 2.495463691776964410e+01 3.964218229717201503e+00 4.078421233950852987e+00 3.775423415561073526e+00 8.768760801723379794e-01 2.790616294171356770e+01 5.514635533442948656e+00 4.189065747251925487e+00 3.821855499373537857e+00 9.994341939729267654e-01 2.965318055896152671e+01 6.314231594789002422e+00 4.347137678332944510e+00 3.836742135823443700e+00 1.045525417014605996e+00
1.563902684264641962e+01 1.623054621635396089e+01 6.405422086433422812e+00 2.021327408124518499e+00 3.655908094913618706e-02 9.284290451702311486e+00 1.532679746691328404e+01 7.370898457636100076e+00 2.098816989071496497e+00 -2.298109980379391473e-02 4.882947735829137770e+00 1.403387633697224324e+01 7.466147268144052163e+00 2.044177942847441809e+00 -5.000482678419365667e-02 9.085830455896788393e+00 1.789759745995005957e+01 8.718391129261643613e+00 2.482910759957110525e+00 -2.410604175994263132e-02 5.251568120046804289e+00 1.579674963418269584e+01 8.629189723812654478e+00 2.328691319230810297e+00 -1.251673432101785277e-01 2.295413304813646249e+00 1.448763263282391733e+01 8.325361555385734746e+00 2.197823113783655913e+00 -1.917986015294681768e-01 8.505009359082494669e+00 1.787440230078626513e+01 9.307185222871861896e+00 2.577268601588571517e+00 -7.388586708947438020e-02 3.350400513050705520e+00 1.575840737001901459e+01 8.895048019543065010e+00 2.367956375133335456e+00 -2.005983243870858579e-01 5.931279786819537714e-01 1.453711155972190738e+01 8.476609535239530757e+00 2.202775126233748715e+00 -2.607887961998092141e-01
8.710895420801561428e+00 9.350925288507056621e+00 5.485011848206712060e+00 2.732914262018570906e+00 4.313622960177126986e-01 6.329826997975576575e+00 8.569812066447321186e+00 5.678578262943406507e+00 2.787692726198718329e+00 4.387636086555208315e-01 4.363359493946163070e+00 7.923545694186652888e+00 5.615947221590528393e+00 2.746134689177567978e+00 4.298225106753054137e-01 6.664418623610002257e+00 9.595829704962227424e+00 6.264684976407195904e+00 2.985193524427235179e+00 4.512701464438970689e-01 4.466844039095571262e+00 8.629189723812654478e+00 6.099090811981972671e+00 2.887984104231400728e+00 4.147201973852446821e-01 3.292978722430889515e+00 8.083355566687147942e+00 5.916021246525395405e+00 2.793690119629465229e+00 3.839279592115947826e-01 5.838361038760621291e+00 9.463883533631534561e+00 6.421815073029368826e+00 3.014076825173972907e+00 4.385183602616491982e-01 3.689215847754977684e+00 8.570226378804362000e+00 6.157531210684329182e+00 2.873519389629681342e+00 3.856210122612463986e-01 2.702804387953168241e+00 8.082250715769566440e+00 5.941219053633109759e+00 2.762511274230895264e+00 3.528447276469992566e-01
2.831317528155357532e+00 2.782574552816306390e+00 3.369705989312210104e+00 2.348602938462855949e+00 5.437409505751745753e-01 3.716016878562107273e+00 2.422760780500960998e+00 3.067150477122772223e+00 2.375033692946920016e+00 5.875801703522688380e-01 3.741287635384594967e+00 2.383873708690504412e+00 2.937951229727531643e+00 2.354372035951203479e+00 5.917169666581105769e-01 4.505422882209537683e+00 2.297155800932211722e+00 3.037040670885902127e+00 2.403413724936600104e+00 6.036509833843153316e-01 3.937146689822392354e+00 2.328691319230810297e+00 2.887984104231400728e+00 2.369278455233785330e+00 6.155794005186475681e-01 4.130354979150626882e+00 2.399530341481112661e+00 2.833757844083041544e+00 2.324937302391207439e+00 6.150099735624554587e-01 3.902786985317614477e+00 2.191464504077381914e+00 2.902836759459444416e+00 2.384967538772004847e+00 6.158229507787910118e-01 4.148289555102958381e+00 2.299425413768712012e+00 2.810601491595859258e+00 2.326921832376650290e+00 6.219157378976036821e-01 4.466525290541350834e+00 2.386622630323492977e+00 2.778816025819916824e+00 2.281117300101198175e+00 6.150455221143397155e-01
3.627266145533195041e-02 -1.737663468125468652e-02 6.883908235802703723e-01 6.344167042452947269e-01 1.944962277692229013e-01 6.522789895622607137e-01 -6.987662569147221059e-02 5.399924557176285500e-01 6.329778878766878503e-01 2.094859343537392449e-01 8.935826290908807090e-01 -1.047395334520452061e-02 4.951815145461248013e-01 6.278406448328527345e-01 2.111137346852393626e-01 8.994581696880400434e-01 -2.475065598185302862e-01 4.555713062155358206e-01 6.199549623609202920e-01 2.146250084828924543e-01 9.351405270826812499e-01 -1.251673432101785277e-01 4.147201973852446821e-01 6.155794005186475681e-01 2.217669128406047074e-01 1.154066571361441085e+00 -3.314395977324659237e-02 4.153136286934618893e-01 6.085098028406514814e-01 2.239529451228187695e-01 7.488198644733992104e-01 -2.799052995577185343e-01 3.811694994378749812e-01 6.071744068603492916e-01 2.200154224755108412e-01 1.101811651371965128e+00 -1.345300853000770680e-01 3.758354549624001173e-01 5.995218254190120000e-01 2.266447437890565519e-01 1.347169688242374930e+00 -4.135793311094025648e-02 3.897328201669474912e-01 5.942381774227336599e-01 2.265642688576960384e-01
8.076889999997810321e+00 6.336996073453122769e-01 5.447366305461113001e+00 4.021828629420425294e+00 8.146681659268463216e-01 1.933301384843351656e+01 1.600999666965531532e+00 4.446928625280141212e+00 4.263063252794861313e+00 9.898673285945743805e-01 2.236710018888568641e+01 2.909611514278963806e+00 4.230295219585556765e+00 4.349888610253476173e+00 1.042558694446988454e+00 2.531914116397403802e+01 6.637297027176474080e-03 3.362867268464246440e+00 3.978455096476668729e+00 1.002227691095770812e+00 2.669270485326901721e+01 2.295413304813646249e+00 3.292978722430889515e+00 4.130354979150626882e+00 1.154066571361441085e+00 2.917728789868883155e+01 3.633947175745081637e+00 3.461239512393717188e+00 4.169582706456339771e+00 1.237216512701366344e+00 2.556132470009110236e+01 3.141814113243175388e-01 2.683264473938177463e+00 3.890694365099181429e+00 1.078907160543812971e+00 3.018440873575113059e+01 2.542901485877666623e+00 2.893366282067026063e+00 3.986082810705276813e+00 1.245524426079546165e+00 3.290000312502893820e+01 3.751900796717680731e+00 3.170603052778294906e+00 4.036225633043579286e+00 1.309421457939529132e+00
1.459506135638352475e+01 1.483774886905015400e+01 6.207975790979536335e+00 2.117457139388464249e+00 9.339415895268400603e-02 9.441070464952272090e+00 1.404732477889044162e+01 7.019397130600691703e+00 2.202220900132346504e+00 5.019330782008348674e-02 5.622821351003735479e+00 1.294298116236980967e+01 7.091688625635219623e+00 2.157818418111012715e+00 2.878618996775372807e-02 9.574916681567653853e+00 1.627033376790962649e+01 8.170932311611704080e+00 2.530669565288451661e+00 4.952327262975270844e-02 6.161323168954531582e+00 1.448763263282391733e+01 8.083355566687147942e+00 2.399530341481112661e+00 -3.314395977324659237e-02 3.633947175745081637e+00 1.337889321469194570e+01 7.818306286359006485e+00 2.283194620532268626e+00 -8.871988526783357309e-02 9.027672250690034872e+00 1.625086582074078123e+01 8.658429836918324796e+00 2.608746674765422657e+00 8.653113401366882909e-03 4.630584913752347376e+00 1.445831286690995476e+01 8.296381220333058693e+00 2.424367703380980288e+00 -9.645164202964268130e-02 2.300396707583152622e+00 1.342453035759505120e+01 7.934637480349340244e+00 2.277735256926593177e+00 -1.473768502491963062e-01
8.432541248531387978e+00 9.011520716123902375e+00 5.357224930937340091e+00 2.686555670532090545e+00 4.279403038559010386e-01 6.269175340993569989e+00 8.266166737893286154e+00 5.529836884175480805e+00 2.741899659863953786e+00 4.371606383981541666e-01 4.416705540414421094e+00 7.659818270680027297e+00 5.467680461534024872e+00 2.703527477985689043e+00 4.292608966505634949e-01 6.652975962957557776e+00 9.227775842318308719e+00 6.075460901741600139e+00 2.924783830181610700e+00 4.484384799081838624e-01 4.556687968673672096e+00 8.325361555385734746e+00 5.916021246525395405e+00 2.833757844083041544e+00 4.153136286934618893e-01 3.461239512393717188e+00 7.818306286359006485e+00 5.743598287995250296e+00 2.744480418212840611e+00 3.869274603333695550e-01 5.855761890866485686e+00 9.100907540899420667e+00 6.215568922895896797e+00 2.949660641683326201e+00 4.366760340518591188e-01 3.850883510210942884e+00 8.269919427187989669e+00 5.965461716993128327e+00 2.816651266714280677e+00 3.881531010182941999e-01 2.938658126677717419e+00 7.817598417261831578e+00 5.762702000202390984e+00 2.711633104241467862e+00 3.576636804858626673e-01
2.704111258046560273e+00 2.629571369556461313e+00 3.290956173194352186e+00 2.307772445838113917e+00 5.360900794296331595e-01 3.668545368264217732e+00 2.288314352115320638e+00 2.983966535321755487e+00 2.334419601339485784e+00 5.802026253815473211e-01 3.736725024703104303e+00 2.265805222196246138e+00 2.856701184885305889e+00 2.315525179548263424e+00 5.847764739731885486e-01 4.473934601454283566e+00 2.140639104633552225e+00 2.938337755573992460e+00 2.355970068000373896e+00 5.952264810593692612e-01 3.949458154634201357e+00 2.197823113783655913e+00 2.793690119629465229e+00 2.324937302391207439e+00 6.085098028406514814e-01 4.169582706456339771e+00 2.283194620532268626e+00 2.744480418212840611e+00 2.283333223308384952e+00 6.090278268467520517e-01 3.890087253439630466e+00 2.039442439778929028e+00 2.799015073683238874e+00 2.335826637770522574e+00 6.075052436448477033e-01 4.187631182595463741e+00 2.171315392787812826e+00 2.713626484624859003e+00 2.281687311901589243e+00 6.154501239275861346e-01 4.529850571410208637e+00 2.271436320825716226e+00 2.687700169177273501e+00 2.239028761683362401e+00 6.097083636445211896e-01
-1.351324834865779909e-02 -9.306965619915000265e-02 6.746455967447912982e-01 6.348431675706386335e-01 1.947753242280101382e-01 6.691334673087545593e-01 -1.374996956000494319e-01 5.189831649315127526e-01 6.342204998148017747e-01 2.106986781063869274e-01 9.417234748835501268e-01 -6.718446012618820018e-02 4.734527394321939031e-01 6.299670895266146209e-01 2.127372464039356259e-01 9.383603164298195409e-01 -3.325787425961095889e-01 4.239776405566418882e-01 6.177162201642660833e-01 2.156050153510277456e-01 9.962689493972084476e-01 -1.917986015294681768e-01 3.839279592115947826e-01 6.150099735624554587e-01 2.239529451228187695e-01 1.237216512701366344e+00 -8.871988526783357309e-02 3.869274603333695550e-01 6.090278268467520517e-01 2.269172386585536216e-01 7.912421319745943649e-01 -3.632742150131523240e-01 3.445318267798829215e-01 6.040503449091918498e-01 2.214478914785109886e-01 1.184233039612977878e+00 -1.996682148640330223e-01 3.424030255957347668e-01 5.981463517243754691e-01 2.295222439445111229e-01 1.451543617312305079e+00 -9.640890401298207735e-02 3.595803340414804317e-01 5.941598089633221003e-01 2.301414945445466320e-01
1.353957400334379457e+01 6.766436856561049318e+00 6.481135287755684260e+00 3.696843311642603602e+00 5.591904247833621167e-01 2.022838493579196495e+01 7.431150677208002264e+00 6.142612429620291969e+00 3.913245887890665298e+00 6.688954624884830835e-01 2.081273016611860172e+01 8.021076588794748830e+00 6.037514436760424985e+00 3.966067182465781826e+00 7.011229064674816547e-01 2.533214632342259875e+01 7.429449493421234507e+00 5.890051183294991333e+00 3.838116251157928094e+00 6.676755367204284530e-01 2.495463691776964410e+01 8.505009359082494669e+00 5.838361038760621291e+00 3.902786985317614477e+00 7.488198644733992104e-01 2.556132470009110236e+01 9.027672250690034872e+00 5.855761890866485686e+00 3.890087253439630466e+00 7.912421319745943649e-01 2.566631702769420897e+01 7.860494339697567057e+00 5.652639466568380122e+00 3.809271350092529929e+00 7.035513728829585478e-01 2.707897421815416195e+01 8.805842622931191244e+00 5.670842419690956149e+00 3.809759901507592250e+00 7.882441344110426851e-01 2.792047886336820639e+01 9.230269483671511566e+00 5.718228039489130943e+00 3.791695365155106412e+00 8.193247455398219303e-01
1.730709271763595680e+01 1.836675288260207850e+01 6.677566119715306669e+00 1.849020916763425948e+00 -6.065901868538424446e-02 9.102957184538647439e+00 1.731287280897097602e+01 7.889517921293279556e+00 1.912996907044337558e+00 -1.463064527544486459e-01 3.789098216756639381e+00 1.573332017208688782e+01 8.024168110215848415e+00 1.843105177243726134e+00 -1.818801614524998556e-01 8.436082700114603483e+00 2.045848677533900073e+01 9.550722764719557389e+00 2.381162278016528244e+00 -1.503576544871325360e-01 3.964218229717201503e+00 1.787440230078626513e+01 9.463883533631534561e+00 2.191464504077381914e+00 -2.799052995577185343e-01 3.141814113243175388e-01 1.625086582074078123e+01 9.100907540899420667e+00 2.039442439778929028e+00 -3.632742150131523240e-01 7.860494339697567057e+00 2.045690105947885229e+01 1.030531296237588279e+01 2.499664280649598780e+00 -2.151558102008545581e-01 1.502717248379570547e+00 1.784061481767023949e+01 9.817607249859399587e+00 2.252742861098690597e+00 -3.750323570845481846e-01 -1.951438376015427689e+00 1.632083851354176574e+01 9.310811821781621589e+00 2.060288787538933519e+00 -4.489665764128346614e-01
9.287397184749236700e+00 1.006441469158232671e+01 5.636099553114589433e+00 2.732478908179215349e+00 4.133877706837106314e-01 6.314287017707544969e+00 9.222780908908472242e+00 5.900035392101042220e+00 2.783094040121864676e+00 4.135986724078475341e-01 4.052725856333508681e+00 8.480264118002638796e+00 5.844509845782061674e+00 2.734919600923310767e+00 4.018521626830166560e-01 6.503518688568123984e+00 1.043286989339669013e+01 6.593024233908961307e+00 3.013697926967382923e+00 4.269791145378649677e-01 4.078421233950852987e+00 9.307185222871861896e+00 6.421815073029368826e+00 2.902836759459444416e+00 3.811694994378749812e-01 2.683264473938177463e+00 8.658429836918324796e+00 6.215568922895896797e+00 2.799015073683238874e+00 3.445318267798829215e-01 5.652639466568380122e+00 1.030531296237588279e+01 6.803045555287934754e+00 3.052296535340230932e+00 4.103033201190570689e-01 3.112226653378097119e+00 9.248907491668489911e+00 6.509125485275092160e+00 2.896342829006467667e+00 3.462325040564011025e-01 1.907043931774315526e+00 8.663542878099327993e+00 6.260625053778011484e+00 2.773559438524176635e+00 3.083351683803804422e-01
3.054025444291762259e+00 3.060451418603582496e+00 3.434479897725312814e+00 2.355806614277680566e+00 5.398397498165030672e-01 3.708971411492423265e+00 2.671738772619538516e+00 3.156574789538427517e+00 2.381114770257391822e+00 5.812484619518297757e-01 3.623578287190195812e+00 2.594175506528115793e+00 3.028274924243839816e+00 2.357200541259576010e+00 5.842022897025579420e-01 4.434043304560615795e+00 2.609696542393845409e+00 3.167393891340653411e+00 2.425081507220554045e+00 5.989644999548721094e-01 3.775423415561073526e+00 2.577268601588571517e+00 3.014076825173972907e+00 2.384967538772004847e+00 6.071744068603492916e-01 3.890694365099181429e+00 2.608746674765422657e+00 2.949660641683326201e+00 2.335826637770522574e+00 6.040503449091918498e-01 3.809271350092529929e+00 2.499664280649598780e+00 3.052296535340230932e+00 2.411636968636292622e+00 6.102747761377776969e-01 3.911198658039270359e+00 2.544045071733848307e+00 2.947058323612787856e+00 2.346502351900507488e+00 6.117012756471067458e-01 4.153914860836913192e+00 2.594858418439251135e+00 2.901907239059307031e+00 2.294907451561841949e+00 6.024463505035373423e-01
7.782795530499402037e-02 4.557231887652161278e-02 6.980160853059550474e-01 6.326212887246273064e-01 1.938624177666821990e-01 6.360196696866914357e-01 -1.492963660050533950e-02 5.556955293744538782e-01 6.307923700468407446e-01 2.081397101977902619e-01 8.512003102210097261e-01 3.470821720294924029e-02 5.111059483913356072e-01 6.247378521132259666e-01 2.093903391083263843e-01 8.612335726389588331e-01 -1.796506798931864490e-01 4.804811305354464435e-01 6.217519436589334925e-01 2.139424576490860097e-01 8.768760801723379794e-01 -7.388586708947438020e-02 4.385183602616491982e-01 6.158229507787910118e-01 2.200154224755108412e-01 1.078907160543812971e+00 8.653113401366882909e-03 4.366760340518591188e-01 6.075052436448477033e-01 2.214478914785109886e-01 7.035513728829585478e-01 -2.151558102008545581e-01 4.103033201190570689e-01 6.102747761377776969e-01 2.191919186776835893e-01 1.023938287688222593e+00 -8.575513128787023986e-02 4.018315710262044815e-01 6.008450014703935471e-01 2.244826870104575101e-01 1.252853300854876117e+00 -1.022031215178332035e-03 4.125891893626579821e-01 5.940773207970841963e-01 2.236854085657413727e-01
