0.000000000000000000e+00 0.000000000000000000e+00 0.000000000000000000e+00 0.000000000000000000e+00 0.000000000000000000e+00 0.000000000000000000e+00 0.000000000000000000e+00 0.000000000000000000e+00 0.000000000000000000e+00 0.000000000000000000e+00 0.000000000000000000e+00 0.000000000000000000e+00 0.000000000000000000e+00 0.000000000000000000e+00 0.000000000000000000e+00 0.000000000000000000e+00 0.000000000000000000e+00 0.000000000000000000e+00 0.000000000000000000e+00 0.000000000000000000e+00 0.000000000000000000e+00 0.000000000000000000e+00 0.000000000000000000e+00 0.000000000000000000e+00 0.000000000000000000e+00 0.000000000000000000e+00 0.000000000000000000e+00 0.000000000000000000e+00 0.000000000000000000e+00 0.000000000000000000e+00 0.000000000000000000e+00 0.000000000000000000e+00 0.000000000000000000e+00 0.000000000000000000e+00 0.000000000000000000e+00 0.000000000000000000e+00 0.000000000000000000e+00 0.000000000000000000e+00 0.000000000000000000e+00 0.000000000000000000e+00 0.000000000000000000e+00 0.000000000000000000e+00 0.000000000000000000e+00 0.000000000000000000e+00 0.000000000000000000e+00
0.000000000000000000e+00 1.507227398576253741e+01 1.565367121107415471e+01 7.205192803474526286e+00 2.885573837697652522e+00 4.121822557496582773e-01 1.209602311683148024e+01 1.452931746009505432e+01 7.709232267599351651e+00 2.959508930601268517e+00 3.829915303628586565e-01 9.505685616918047032e+00 1.343418956692593902e+01 7.683327967213291920e+00 2.898202023022220963e+00 3.562282022703467943e-01 1.319449050192302764e+01 1.660932649667570615e+01 8.750581926259751953e+00 3.303009830959183546e+00 4.044706001858259237e-01 1.133242269020396087e+01 1.493388612837547669e+01 8.588169801535054049e+00 3.159226374301946638e+00 3.253802486427389007e-01 8.857799908736444294e+00 1.393582320307694289e+01 8.306135432916557093e+00 3.021019375896152770e+00 2.704972967710690956e-01 1.464494273917147105e+01 1.652956067957903485e+01 9.127642540696703222e+00 3.379437276861741779e+00 3.746754011646796778e-01 1.049767666230031971e+01 1.491358807870226677e+01 8.742150295342996813e+00 3.174306090860554708e+00 2.765982952398899908e-01 8.362914947936920029e+00 1.401067382757042168e+01 8.382795636795016492e+00 3.008768606495382691e+00
0.000000000000000000e+00 1.565367121107415471e+01 2.156632959724664644e+01 7.931387347462452553e+00 2.478913036233167499e+00 2.529580354647217866e-01 8.467999400342295147e+00 1.900459101419488306e+01 8.778253453248391125e+00 2.450748221315352193e+00 1.440137029555479675e-01 4.528472606892542274e+00 1.682482426869557202e+01 8.735648611766327676e+00 2.305914903030808816e+00 7.832040367319104135e-02 7.419650728769285664e+00 2.226752099464059143e+01 1.054786841030942668e+01 3.052104043338302652e+00 1.944334269865135578e-01 5.226425571595355812e+00 1.883377578372294181e+01 1.022693424103616167e+01 2.761501180935236999e+00 1.630448105431916289e-02 6.920363106404674447e-01 1.692307391780041215e+01 9.740986458329825126e+00 2.535058827172716800e+00 -9.878365196355294586e-02 1.045413485474835369e+01 2.174757258571795404e+01 1.120560292861227936e+01 3.181617670280055599e+00 1.314374414460824092e-01 2.503763143708292560e+00 1.854529862417800956e+01 1.052122586359801204e+01 2.833023861063060700e+00 -7.766558901566814055e-02 -1.523103750853146199e+00 1.686191184477088001e+01 9.909183231925718260e+00 2.567877889008839176e+00
0.000000000000000000e+00 7.205192803474526286e+00 7.931387347462452553e+00 5.552205903237835471e+00 3.177769597540016644e+00 7.248252132457818631e-01 6.362605435897023654e+00 7.263409805973191524e+00 5.536252752490812945e+00 3.216316454533458380e+00 7.432465161554839828e-01 5.207633635714959297e+00 6.818388708545547239e+00 5.428893103739632409e+00 3.173848309129202239e+00 7.336443940881894887e-01 7.235393038858760839e+00 8.006852298308436033e+00 5.947212207119419780e+00 3.372522194246025506e+00 7.611364522666628218e-01 5.930010788118151410e+00 7.417816955755202279e+00 5.776882094165103787e+00 3.285966720181206835e+00 7.338974997986488225e-01 5.209051626201084417e+00 7.084524935699225701e+00 5.623550628433081400e+00 3.196321999024390514e+00 7.077481259763459542e-01 7.007877476584367216e+00 7.957199193149254057e+00 6.013645335767058064e+00 3.384551511944882130e+00 7.543006837302251855e-01 5.824460843686079414e+00 7.441289193431423143e+00 5.795515672550711095e+00 3.256563639616382400e+00 7.134344396519594067e-01 5.273038504944123517e+00 7.150597909783619421e+00 5.626634524476636479e+00 3.155247125465268976e+00
0.000000000000000000e+00 2.885573837697652522e+00 2.478913036233167499e+00 3.177769597540016644e+00 2.304911396537707269e+00 6.360738827931518014e-01 3.421641015841444755e+00 2.359048393242494157e+00 2.967743630218327766e+00 2.321367108804341495e+00 6.691797171882006845e-01 3.226829965631250463e+00 2.382189726774766481e+00 2.872117262960622419e+00 2.303728414255114654e+00 6.706767202066363787e-01 4.293682066701249411e+00 2.376192714461856426e+00 2.987568661972034967e+00 2.345940564081358648e+00 6.774794598508281362e-01 3.690107765064190026e+00 2.508419972366481510e+00 2.886841317763821024e+00 2.315392166980689392e+00 6.828600309373036303e-01 3.922478430544004802e+00 2.579456944467921176e+00 2.842784283038220838e+00 2.276865143058352636e+00 6.788871034708063856e-01 3.627556744929462784e+00 2.428830876388217153e+00 2.914128224022326741e+00 2.327643262593491080e+00 6.821056571555128567e-01 4.107493217757726356e+00 2.583793350100038300e+00 2.847810644606520558e+00 2.275970596428593673e+00 6.811415323991458770e-01 4.384151961540959874e+00 2.649199587311606319e+00 2.816245127032501738e+00 2.235919442757683395e+00
0.000000000000000000e+00 4.121822557496582773e-01 2.529580354647217866e-01 7.248252132457818631e-01 6.360738827931518014e-01 2.167362835621205464e-01 6.226551897785885803e-01 2.474218372903865537e-01 6.373187609391285369e-01 6.291924728859362714e-01 2.251835250681914757e-01 6.521475893190098461e-01 2.823147625704041652e-01 6.055242364915159881e-01 6.214151150712651228e-01 2.247019964571453920e-01 8.510072585503299925e-01 2.115121695289687020e-01 6.225331848366237875e-01 6.317043375888300449e-01 2.285878295697933993e-01 7.810407148529990851e-01 2.944756780468319457e-01 5.921707522905613752e-01 6.211990591923183258e-01 2.293342647698523862e-01 9.059504925923426155e-01 3.384765952925165022e-01 5.840800257753349101e-01 6.108739691577189657e-01 2.276400141862176540e-01 6.948587015362308605e-01 2.386491706051207529e-01 5.925664962272275682e-01 6.236166089735755147e-01 2.299229009112891409e-01 9.443724709215350899e-01 3.248543544584345799e-01 5.798290978716260646e-01 6.097555362695500358e-01 2.290009801834309300e-01 1.069771125686998614e+00 3.637372719948745448e-01 5.776861278514794362e-01 6.000739609335000724e-01
0.000000000000000000e+00 1.209602311683148024e+01 8.467999400342295147e+00 6.362605435897023654e+00 3.421641015841444755e+00 6.226551897785885803e-01 1.465806143331635347e+01 8.840424275319332281e+00 6.470122576105858947e+00 3.618847638265835887e+00 6.844803715039421421e-01 1.364703407067669261e+01 8.930818287887294815e+00 6.443577422352022133e+00 3.647435156369289277e+00 6.996712804208856662e-01 1.788267511139265409e+01 9.513403015511027405e+00 6.711810056122286205e+00 3.696036966135720192e+00 6.821363561091747796e-01 1.631229806356263623e+01 9.793619381947223701e+00 6.705910124274749862e+00 3.715205282796420150e+00 7.105619872079956822e-01 1.624245960812032408e+01 9.820037219344495583e+00 6.638301035027293295e+00 3.668873138228043285e+00 7.190037182054229703e-01 1.719201816504750724e+01 9.893976050262772048e+00 6.775212235701621566e+00 3.725246048929469200e+00 6.927880155222390091e-01 1.743399463621917889e+01 1.006901644920431771e+01 6.711214942917019144e+00 3.676055442349389857e+00 7.134532076307443793e-01 1.748326561134140533e+01 1.004558093069445590e+01 6.623727261750034678e+00 3.613369089859082450e+00
0.000000000000000000e+00 1.452931746009505432e+01 1.900459101419488306e+01 7.263409805973191524e+00 2.359048393242494157e+00 2.474218372903865537e-01 8.840424275319332281e+00 1.695964820502762649e+01 8.012878781845284237e+00 2.367549216497023767e+00 1.629369777872542724e-01 5.409318702834868375e+00 1.515697717641144493e+01 7.985820972543796081e+00 2.254381849331526411e+00 1.104420964785738785e-01 8.349159388260721570e+00 1.977931947859581641e+01 9.522167613914948703e+00 2.877516532283911133e+00 2.035675646145360673e-01 6.320252547940212295e+00 1.695206876023649656e+01 9.269601240305282985e+00 2.643804463382701364e+00 5.923584806641171013e-02 2.514957231458016196e+00 1.535641712125309155e+01 8.860733677177570655e+00 2.452733860391106635e+00 -3.484306213945256858e-02 1.079731450238236867e+01 1.940242939559333735e+01 1.009064711183562402e+01 2.992945537225677910e+00 1.522962401111349895e-01 4.178555921435640030e+00 1.674790346193111290e+01 9.521996466935549464e+00 2.702063822813375094e+00 -1.837604569984440175e-02 8.088974177744945315e-01 1.533582477621696327e+01 9.003256153908449022e+00 2.476186159055105307e+00
0.000000000000000000e+00 7.709232267599351651e+00 8.778253453248391125e+00 5.536252752490812945e+00 2.967743630218327766e+00 6.373187609391285369e-01 6.470122576105858947e+00 8.012878781845284237e+00 5.609847623244492709e+00 3.009554763800932342e+00 6.458977664796453633e-01 5.121827828285645090e+00 7.454500887817784971e+00 5.518569540724233669e+00 2.964679631908091917e+00 6.332238436021466743e-01 7.199191598264485847e+00 8.933766720395800220e+00 6.114164079497300897e+00 3.193914640960283879e+00 6.644391198915661212e-01 5.845298264408504529e+00 8.154718863406115403e+00 5.948520837053116850e+00 3.100333547304454207e+00 6.281940473649857415e-01 4.856249398306998089e+00 7.712266641660176170e+00 5.777363659542890773e+00 3.005571204814731612e+00 5.973165559501629751e-01 7.207717279518603526e+00 8.858292561421372113e+00 6.231304239447360338e+00 3.217687780827744426e+00 6.538237306121225112e-01 5.552247418426953018e+00 8.157997166119530519e+00 5.990834902346128921e+00 3.081415134069608541e+00 6.033565531294027284e-01 4.752071409070697250e+00 7.769641446377063332e+00 5.794612032668107204e+00 2.972682313492443829e+00
0.000000000000000000e+00 2.959508930601268517e+00 2.450748221315352193e+00 3.216316454533458380e+00 2.321367108804341495e+00 6.291924728859362714e-01 3.618847638265835887e+00 2.367549216497023767e+00 3.009554763800932342e+00 2.346986592329729948e+00 6.650444512472504233e-01 3.432902734054052996e+00 2.413604812675669287e+00 2.916860845625261600e+00 2.333374346675136213e+00 6.680299790463609666e-01 4.555837287550657422e+00 2.362634206558190453e+00 3.015962202866308228e+00 2.366312855074539367e+00 6.722242168272548613e-01 3.922770037628666273e+00 2.533723201775442746e+00 2.922298183431591312e+00 2.341858953949102151e+00 6.808910638913421298e-01 4.201472070192872721e+00 2.624063056556297013e+00 2.882912625765788217e+00 2.305884107606740230e+00 6.789008745971950587e-01 3.816087337919321421e+00 2.425529357772004069e+00 2.939144240608421388e+00 2.348623260056596163e+00 6.779433028559790353e-01 4.381587782401799025e+00 2.615294690656353893e+00 2.880804550427723765e+00 2.301621810679589597e+00 6.805470532132026351e-01 4.702351943197143669e+00 2.697258435889721362e+00 2.854301599666032363e+00 2.263902234139661296e+00
0.000000000000000000e+00 3.829915303628586565e-01 1.440137029555479675e-01 7.432465161554839828e-01 6.691797171882006845e-01 2.251835250681914757e-01 6.844803715039421421e-01 1.629369777872542724e-01 6.458977664796453633e-01 6.650444512472504233e-01 2.358415547807767298e-01 7.403561840790795490e-01 2.195942517095599011e-01 6.131863248722630999e-01 6.589705093256896795e-01 2.362797921442813531e-01 9.549753602453296963e-01 9.811029553155113658e-02 6.150699721699800504e-01 6.621824507918792069e-01 2.387287215340105628e-01 8.796131646308706920e-01 2.178274433098309482e-01 5.866480478498800055e-01 6.546383554523530490e-01 2.417656419253660094e-01 1.052938455956526020e+00 2.818620992177489626e-01 5.823835580407503709e-01 6.458332810896069143e-01 2.413706351295937247e-01 7.443342871532298011e-01 1.321529690223176567e-01 5.777465822539271656e-01 6.527842335908329297e-01 2.409002410572528841e-01 1.080587771100727235e+00 2.529951952858348063e-01 5.705232105523784236e-01 6.415390409901066127e-01 2.424431467238168103e-01 1.251426344135425861e+00 3.095236581498286843e-01 5.734877465882453063e-01 6.335898371792474393e-01
0.000000000000000000e+00 9.505685616918047032e+00 4.528472606892542274e+00 5.207633635714959297e+00 3.226829965631250463e+00 6.521475893190098461e-01 1.364703407067669261e+01 5.409318702834868375e+00 5.121827828285645090e+00 3.432902734054052996e+00 7.403561840790795490e-01 1.341661064376906864e+01 5.947528282596382887e+00 5.093666222946885647e+00 3.489136916982172210e+00 7.692389146548619383e-01 1.727034957203634136e+01 5.442039564142405084e+00 5.010565219170540097e+00 3.390524532069534303e+00 7.280123732580496831e-01 1.610931549855804334e+01 6.442499230052453285e+00 5.058943867923173521e+00 3.464973557783133540e+00 7.934363917076634465e-01 1.698145919723786079e+01 6.866855293948872507e+00 5.084494108471575124e+00 3.459848615574021569e+00 8.249244893857285987e-01 1.595612263199055114e+01 5.947026968398916758e+00 4.933395013966133114e+00 3.390609939799308581e+00 7.516534897980912122e-01 1.788063293130591447e+01 6.795717649703492569e+00 5.000028547077293162e+00 3.405541673592824115e+00 8.148494690208074598e-01 1.877065987665174518e+01 7.120909010145308748e+00 5.032223962603847411e+00 3.391662110447037026e+00
0.000000000000000000e+00 1.343418956692593902e+01 1.682482426869557202e+01 6.818388708545547239e+00 2.382189726774766481e+00 2.823147625704041652e-01 8.930818287887294815e+00 1.515697717641144493e+01 7.454500887817784971e+00 2.413604812675669287e+00 2.195942517095599011e-01 5.947528282596382887e+00 1.366226377736371944e+01 7.429027916300697143e+00 2.323207828476894665e+00 1.777738198234142530e-01 8.858771817146678274e+00 1.757322622947366142e+01 8.735863506256579925e+00 2.845524692097676223e+00 2.528683255981069578e-01 6.967541465791361688e+00 1.524590377203961822e+01 8.525174119393518879e+00 2.653820820204566999e+00 1.362045241845956378e-01 3.797882296392244506e+00 1.391975870678995797e+01 8.177644850579790514e+00 2.489660652746100045e+00 5.891429727150259560e-02 1.077683303181550123e+01 1.729510371218515274e+01 9.214445489350545415e+00 2.944298184632642368e+00 2.113672522421057021e-01 5.301472974942139871e+00 1.510280244951163020e+01 8.734428713980426195e+00 2.696917163352072322e+00 7.181578117884457324e-02 2.509142741882795846e+00 1.392583323579416366e+01 8.293374344892182393e+00 2.501876993260994553e+00
0.000000000000000000e+00 7.683327967213291920e+00 8.735648611766327676e+00 5.428893103739632409e+00 2.872117262960622419e+00 6.055242364915159881e-01 6.443577422352022133e+00 7.985820972543796081e+00 5.518569540724233669e+00 2.916860845625261600e+00 6.131863248722630999e-01 5.093666222946885647e+00 7.429027916300697143e+00 5.433963877930953146e+00 2.874218134381230971e+00 6.008407330745175745e-01 7.161124429164563487e+00 8.910424443750876833e+00 6.022376320440355535e+00 3.099202692170236695e+00 6.307289672772049549e-01 5.819094627135675601e+00 8.130404379018571603e+00 5.864745240974691853e+00 3.008874634588326380e+00 5.949754873122131693e-01 4.821129271049119147e+00 7.686032856497599042e+00 5.696562065257976926e+00 2.916529913665025564e+00 5.647554251115161073e-01 7.188221986801046626e+00 8.836557248002256060e+00 6.144528520191551380e+00 3.124258164929695436e+00 6.199537277798837787e-01 5.518027602877323190e+00 8.132651115968098310e+00 5.909128656467752094e+00 2.991543786160227647e+00 5.703284413559815968e-01 4.707308032896469818e+00 7.742116568896673101e+00 5.714835570248552266e+00 2.885102651773615801e+00
0.000000000000000000e+00 2.898202023022220963e+00 2.305914903030808816e+00 3.173848309129202239e+00 2.303728414255114654e+00 6.214151150712651228e-01 3.647435156369289277e+00 2.254381849331526411e+00 2.964679631908091917e+00 2.333374346675136213e+00 6.589705093256896795e-01 3.489136916982172210e+00 2.323207828476894665e+00 2.874218134381230971e+00 2.322553827900887491e+00 6.630275961434433096e-01 4.616826470247286984e+00 2.220818236701945114e+00 2.954288124982971997e+00 2.346230245049028440e+00 6.651289159280109331e-01 3.986588856546270598e+00 2.428427960458420465e+00 2.866330482697624138e+00 2.326365835955816141e+00 6.763225954208151869e-01 4.310464604239337305e+00 2.538180912577462145e+00 2.832285221335036685e+00 2.293169183816604395e+00 6.759626388159089005e-01 3.831744918743362316e+00 2.290964688565855223e+00 2.872305828493434188e+00 2.327852291451828926e+00 6.715984383932718238e-01 4.478199694920114382e+00 2.513991291176597365e+00 2.822001645058217711e+00 2.285314205303964119e+00 6.770908719749152427e-01 4.840118877972353850e+00 2.612865920219086036e+00 2.801681540685998506e+00 2.250540042716927758e+00
0.000000000000000000e+00 3.562282022703467943e-01 7.832040367319104135e-02 7.336443940881894887e-01 6.706767202066363787e-01 2.247019964571453920e-01 6.996712804208856662e-01 1.104420964785738785e-01 6.332238436021466743e-01 6.680299790463609666e-01 2.362797921442813531e-01 7.692389146548619383e-01 1.777738198234142530e-01 6.008407330745175745e-01 6.630275961434433096e-01 2.372043311956634482e-01 9.868860632309542913e-01 3.149733908965925144e-02 5.943351962109995057e-01 6.622319230313746807e-01 2.387662998403542736e-01 9.117794593420756044e-01 1.686804082213946843e-01 5.677434276843081884e-01 6.564896855475949033e-01 2.429735884690323588e-01 1.107405336688709108e+00 2.421908275567495605e-01 5.657280466807131925e-01 6.487580948597418962e-01 2.433015869526022334e-01 7.531157013145935997e-01 6.877639790780115669e-02 5.539434721018496877e-01 6.523104705850286678e-01 2.413097497589782592e-01 1.129087566484825444e+00 2.058313312348281354e-01 5.499989205836725015e-01 6.427980799329203743e-01 2.441628876149655458e-01 1.320538640965303712e+00 2.706676228202856693e-01 5.557342774051545753e-01 6.360274832271666234e-01
0.000000000000000000e+00 1.319449050192302764e+01 7.419650728769285664e+00 7.235393038858760839e+00 4.293682066701249411e+00 8.510072585503299925e-01 1.788267511139265409e+01 8.349159388260721570e+00 7.199191598264485847e+00 4.555837287550657422e+00 9.549753602453296963e-01 1.727034957203634136e+01 8.858771817146678274e+00 7.161124429164563487e+00 4.616826470247286984e+00 9.868860632309542913e-01 2.241332315522409857e+01 8.672738480684506257e+00 7.210662576811421864e+00 4.553490968376972425e+00 9.429637177232549350e-01 2.073967153004428710e+01 9.677419739642406427e+00 7.252037194253965424e+00 4.627036631160706293e+00 1.013044569398529049e+00 2.147336643031994541e+01 1.005968930358153024e+01 7.245058607320609134e+00 4.602605493540748327e+00 1.044661013333229915e+00 2.097094998217751538e+01 9.293146687678939699e+00 7.176025971596676101e+00 4.567407963257174686e+00 9.683436054243750313e-01 2.277400090201700067e+01 1.011920400022600397e+01 7.208890076690120274e+00 4.559603508644285874e+00 1.033329051385214248e+00 2.357088899296124751e+01 1.039193584798219128e+01 7.198845010313781323e+00 4.520585203195848223e+00
0.000000000000000000e+00 1.660932649667570615e+01 2.226752099464059143e+01 8.006852298308436033e+00 2.376192714461856426e+00 2.115121695289687020e-01 9.513403015511027405e+00 1.977931947859581641e+01 8.933766720395800220e+00 2.362634206558190453e+00 9.811029553155113658e-02 5.442039564142405084e+00 1.757322622947366142e+01 8.910424443750876833e+00 2.220818236701945114e+00 3.149733908965925144e-02 8.672738480684506257e+00 2.322602780511951082e+01 1.077991035602518366e+01 2.986299328114065510e+00 1.482978595222651796e-01 6.457045105856035860e+00 1.975096991196713958e+01 1.048171819751908629e+01 2.698608397674565840e+00 -3.276734642225472005e-02 1.753128336865403814e+00 1.778563767635869297e+01 9.987620967930386229e+00 2.470087885151374341e+00 -1.491310253888477599e-01 1.194210558056149729e+01 2.277226796753300064e+01 1.149107575482086041e+01 3.130143520129625045e+00 8.388909694126406302e-02 3.763385139640426758e+00 1.950235388627106659e+01 1.080506880199976294e+01 2.780254430321992043e+00 -1.281501202329521083e-01 -4.281088531794376983e-01 1.775950853623077919e+01 1.017535624180975518e+01 2.510521650917241665e+00
0.000000000000000000e+00 8.750581926259751953e+00 1.054786841030942668e+01 5.947212207119419780e+00 2.987568661972034967e+00 6.225331848366237875e-01 6.711810056122286205e+00 9.522167613914948703e+00 6.114164079497300897e+00 3.015962202866308228e+00 6.150699721699800504e-01 5.010565219170540097e+00 8.735863506256579925e+00 6.022376320440355535e+00 2.954288124982971997e+00 5.943351962109995057e-01 7.210662576811421864e+00 1.077991035602518366e+01 6.804376304604248915e+00 3.264651521175435001e+00 6.396350351348787378e-01 5.745578483029603056e+00 9.635292665153734504e+00 6.609879267867907693e+00 3.140011336981184176e+00 5.825857841423183192e-01 4.264491077221522097e+00 8.987169374392909305e+00 6.390195148701240946e+00 3.023681742015722040e+00 5.389484472946909355e-01 7.648221173523250371e+00 1.065316022397011331e+01 6.998279395619345422e+00 3.304250707212402993e+00 6.219044293488402708e-01 5.129539229668013789e+00 9.608741731562663091e+00 6.690546324334451178e+00 3.134205679368552655e+00 5.479086888555326773e-01 3.880599351543286613e+00 9.037544882209493480e+00 6.432080356813298039e+00 3.000380578634065820e+00
0.000000000000000000e+00 3.303009830959183546e+00 3.052104043338302652e+00 3.372522194246025506e+00 2.345940564081358648e+00 6.317043375888300449e-01 3.696036966135720192e+00 2.877516532283911133e+00 3.193914640960283879e+00 2.366312855074539367e+00 6.621824507918792069e-01 3.390524532069534303e+00 2.845524692097676223e+00 3.099202692170236695e+00 2.346230245049028440e+00 6.622319230313746807e-01 4.553490968376972425e+00 2.986299328114065510e+00 3.264651521175435001e+00 2.409123486649905832e+00 6.720803045910651585e-01 3.880430413610369555e+00 3.032846451744129812e+00 3.158984282124169152e+00 2.373147305840529242e+00 6.733492091056523243e-01 3.994196254505018917e+00 3.053228163920999272e+00 3.101982636951713168e+00 2.328969201129643452e+00 6.666926100200465388e-01 3.954214884448420619e+00 3.031340039471819736e+00 3.213288966077765263e+00 2.397110663353804405e+00 6.755585770734107154e-01 4.229570860192017889e+00 3.104341969525312717e+00 3.130532900196516977e+00 2.337519404002215584e+00 6.697029423822162819e-01 4.400305666814881889e+00 3.124198479198407874e+00 3.081969823275564568e+00 2.290373275483043258e+00
0.000000000000000000e+00 4.044706001858259237e-01 1.944334269865135578e-01 7.611364522666628218e-01 6.774794598508281362e-01 2.285878295697933993e-01 6.821363561091747796e-01 2.035675646145360673e-01 6.644391198915661212e-01 6.722242168272548613e-01 2.387287215340105628e-01 7.280123732580496831e-01 2.528683255981069578e-01 6.307289672772049549e-01 6.651289159280109331e-01 2.387662998403542736e-01 9.429637177232549350e-01 1.482978595222651796e-01 6.396350351348787378e-01 6.720803045910651585e-01 2.422602621889401731e-01 8.644745032198301038e-01 2.563267763384407538e-01 6.090799613559495507e-01 6.629318710782916568e-01 2.443971040619641322e-01 1.023646650070313191e+00 3.139841658330479457e-01 6.027960286497160425e-01 6.529949989154421042e-01 2.433757558343777050e-01 7.441002086991685971e-01 1.801939184115180781e-01 6.041390193703306544e-01 6.631900177158068788e-01 2.443204870004881957e-01 1.054853484607739089e+00 2.903200627898429587e-01 5.940270130943893223e-01 6.502699425605916739e-01 2.447993893739527083e-01 1.212910268011008208e+00 3.412720849553907976e-01 5.946954077601557254e-01 6.410948327866554664e-01
0.000000000000000000e+00 1.133242269020396087e+01 5.226425571595355812e+00 5.930010788118151410e+00 3.690107765064190026e+00 7.810407148529990851e-01 1.631229806356263623e+01 6.320252547940212295e+00 5.845298264408504529e+00 3.922770037628666273e+00 8.796131646308706920e-01 1.610931549855804334e+01 6.967541465791361688e+00 5.819094627135675601e+00 3.986588856546270598e+00 9.117794593420756044e-01 2.073967153004428710e+01 6.457045105856035860e+00 5.745578483029603056e+00 3.880430413610369555e+00 8.644745032198301038e-01 1.963614085663966691e+01 7.666315962923338390e+00 5.814471056604388899e+00 3.965885928069426747e+00 9.380613135964497307e-01 2.060745228060722312e+01 8.158770203587824454e+00 5.844070582342173914e+00 3.959622907591201280e+00 9.736194766736809836e-01 1.959274910612143472e+01 7.128612658007472902e+00 5.681735349271664681e+00 3.884346866118078889e+00 8.901398100913756606e-01 2.186397094445894851e+01 8.138894839597679010e+00 5.765087888320256759e+00 3.901498437756496518e+00 9.614966823633024351e-01 2.283174367487778156e+01 8.502970918135796197e+00 5.798733697021717148e+00 3.884947651373674482e+00
0.000000000000000000e+00 1.493388612837547669e+01 1.883377578372294181e+01 7.417816955755202279e+00 2.508419972366481510e+00 2.944756780468319457e-01 9.793619381947223701e+00 1.695206876023649656e+01 8.154718863406115403e+00 2.533723201775442746e+00 2.178274433098309482e-01 6.442499230052453285e+00 1.524590377203961822e+01 8.130404379018571603e+00 2.428427960458420465e+00 1.686804082213946843e-01 9.677419739642406427e+00 1.975096991196713958e+01 9.635292665153734504e+00 3.032846451744129812e+00 2.563267763384407538e-01 7.666315962923338390e+00 1.709431314405647839e+01 9.402142416720725038e+00 2.812591784207010726e+00 1.205556411331983324e-01 4.001568223092283993e+00 1.556849299644950335e+01 9.005371654158468075e+00 2.626127041896486158e+00 3.138866955876953163e-02 1.206895295621174746e+01 1.946473492082939671e+01 1.020038135712210625e+01 3.149865736169995323e+00 2.080020550583720762e-01 5.768711123096841753e+00 1.695258367474846395e+01 9.655824010616330000e+00 2.868639770384877163e+00 4.661997461677602067e-02 2.522315002282802254e+00 1.559244759354617571e+01 9.150077529489424322e+00 2.647138870848008807e+00
0.000000000000000000e+00 8.588169801535054049e+00 1.022693424103616167e+01 5.776882094165103787e+00 2.886841317763821024e+00 5.921707522905613752e-01 6.705910124274749862e+00 9.269601240305282985e+00 5.948520837053116850e+00 2.922298183431591312e+00 5.866480478498800055e-01 5.058943867923173521e+00 8.525174119393518879e+00 5.864745240974691853e+00 2.866330482697624138e+00 5.677434276843081884e-01 7.252037194253965424e+00 1.048171819751908629e+01 6.609879267867907693e+00 3.158984282124169152e+00 6.090799613559495507e-01 5.814471056604388899e+00 9.402142416720725038e+00 6.430652252882185671e+00 3.043831017452291565e+00 5.563422790967381681e-01 4.405542198656262620e+00 8.786651853499426679e+00 6.222221224000460182e+00 2.933715595550371091e+00 5.157198647960913318e-01 7.639159160443999674e+00 1.037181009845907020e+01 6.798952619397964803e+00 3.198295002576853729e+00 5.924895325906339716e-01 5.253931642838525207e+00 9.384140482553387841e+00 6.508806893243808567e+00 3.038040196477948207e+00 5.236555125414259493e-01 4.067757375683540566e+00 8.840595461298029534e+00 6.262346726391069929e+00 2.910724178759870995e+00
0.000000000000000000e+00 3.159226374301946638e+00 2.761501180935236999e+00 3.285966720181206835e+00 2.315392166980689392e+00 6.211990591923183258e-01 3.715205282796420150e+00 2.643804463382701364e+00 3.100333547304454207e+00 2.341858953949102151e+00 6.546383554523530490e-01 3.464973557783133540e+00 2.653820820204566999e+00 3.008874634588326380e+00 2.326365835955816141e+00 6.564896855475949033e-01 4.627036631160706293e+00 2.698608397674565840e+00 3.140011336981184176e+00 2.373147305840529242e+00 6.629318710782916568e-01 3.965885928069426747e+00 2.812591784207010726e+00 3.043831017452291565e+00 2.344955005229474310e+00 6.685631303191228447e-01 4.163910694016552227e+00 2.868922864018554453e+00 2.996385118275190607e+00 2.305589495233028252e+00 6.646978292101460850e-01 3.948954862885929895e+00 2.756964398764597757e+00 3.078661333081580853e+00 2.359725267711596963e+00 6.677805490559454160e-01 4.375336607277964696e+00 2.891600511546374541e+00 3.010217831322678173e+00 2.307882366306692301e+00 6.669144249786780332e-01 4.622437949971662796e+00 2.942780039353343202e+00 2.972925316625022241e+00 2.265924635847962332e+00
0.000000000000000000e+00 3.253802486427389007e-01 1.630448105431916289e-02 7.338974997986488225e-01 6.828600309373036303e-01 2.293342647698523862e-01 7.105619872079956822e-01 5.923584806641171013e-02 6.281940473649857415e-01 6.808910638913421298e-01 2.417656419253660094e-01 7.934363917076634465e-01 1.362045241845956378e-01 5.949754873122131693e-01 6.763225954208151869e-01 2.429735884690323588e-01 1.013044569398529049e+00 -3.276734642225472005e-02 5.825857841423183192e-01 6.733492091056523243e-01 2.443971040619641322e-01 9.380613135964497307e-01 1.205556411331983324e-01 5.563422790967381681e-01 6.685631303191228447e-01 2.494136698578782174e-01 1.155219607399743387e+00 2.027653412076448614e-01 5.557441150259024853e-01 6.612575554571853420e-01 2.501551336418524896e-01 7.567553565049249809e-01 7.637500271418844189e-03 5.389978005217399559e-01 6.630479913808985382e-01 2.474113586113573515e-01 1.171006917848071538e+00 1.598394745830879204e-01 5.371546878499755540e-01 6.543901817211055238e-01 2.511120572120958405e-01 1.382479954441323766e+00 2.323054094815067416e-01 5.449189417673493407e-01 6.481449913637525873e-01
0.000000000000000000e+00 8.857799908736444294e+00 6.920363106404674447e-01 5.209051626201084417e+00 3.922478430544004802e+00 9.059504925923426155e-01 1.624245960812032408e+01 2.514957231458016196e+00 4.856249398306998089e+00 4.201472070192872721e+00 1.052938455956526020e+00 1.698145919723786079e+01 3.797882296392244506e+00 4.821129271049119147e+00 4.310464604239337305e+00 1.107405336688709108e+00 2.147336643031994541e+01 1.753128336865403814e+00 4.264491077221522097e+00 3.994196254505018917e+00 1.023646650070313191e+00 2.060745228060722312e+01 4.001568223092283993e+00 4.405542198656262620e+00 4.163910694016552227e+00 1.155219607399743387e+00 2.296443234816717904e+01 5.067995396341255621e+00 4.560514012063777045e+00 4.211008114039417549e+00 1.225201875220709447e+00 1.907776972229826384e+01 2.597858180860897814e+00 3.993573740033122377e+00 3.959146124146529555e+00 1.070305467754412820e+00 2.381358750595759233e+01 4.584583152839496911e+00 4.255062595841212492e+00 4.063126507538579624e+00 1.206174279586614162e+00 2.604807161922968461e+01 5.455340721179772423e+00 4.451617755177315949e+00 4.108477609333551328e+00
0.000000000000000000e+00 1.393582320307694289e+01 1.692307391780041215e+01 7.084524935699225701e+00 2.579456944467921176e+00 3.384765952925165022e-01 9.820037219344495583e+00 1.535641712125309155e+01 7.712266641660176170e+00 2.624063056556297013e+00 2.818620992177489626e-01 6.866855293948872507e+00 1.391975870678995797e+01 7.686032856497599042e+00 2.538180912577462145e+00 2.421908275567495605e-01 1.005968930358153024e+01 1.778563767635869297e+01 8.987169374392909305e+00 3.053228163920999272e+00 3.139841658330479457e-01 8.158770203587824454e+00 1.556849299644950335e+01 8.786651853499426679e+00 2.868922864018554453e+00 2.027653412076448614e-01 5.067995396341255621e+00 1.428344187784214370e+01 8.443344537900930646e+00 2.705521809749872997e+00 1.283300397868812892e-01 1.195267970008901948e+01 1.757803968057606170e+01 9.467393391012784321e+00 3.153963305064415135e+00 2.743579542607941790e-01 6.678027584040340692e+00 1.547646281919810995e+01 8.998979400465758616e+00 2.909971948603907954e+00 1.404255897573211120e-01 3.955207621307972321e+00 1.432779106550096948e+01 8.562045041867607509e+00 2.715151556037186165e+00
0.000000000000000000e+00 8.306135432916557093e+00 9.740986458329825126e+00 5.623550628433081400e+00 2.842784283038220838e+00 5.840800257753349101e-01 6.638301035027293295e+00 8.860733677177570655e+00 5.777363659542890773e+00 2.882912625765788217e+00 5.823835580407503709e-01 5.084494108471575124e+00 8.177644850579790514e+00 5.696562065257976926e+00 2.832285221335036685e+00 5.657280466807131925e-01 7.245058607320609134e+00 9.987620967930386229e+00 6.390195148701240946e+00 3.101982636951713168e+00 6.027960286497160425e-01 5.844070582342173914e+00 9.005371654158468075e+00 6.222221224000460182e+00 2.996385118275190607e+00 5.557441150259024853e-01 4.560514012063777045e+00 8.443344537900930646e+00 6.027809819903973576e+00 2.892938079603912360e+00 5.187605270354401776e-01 7.531241845425387993e+00 9.893953115047368740e+00 6.561741374986333142e+00 3.137771254836688062e+00 5.879977922640369226e-01 5.368393254135612302e+00 8.996307354643528598e+00 6.291623133667767931e+00 2.987893697543336557e+00 5.257214946639425790e-01 4.295194200435339837e+00 8.499824129368105829e+00 6.062282313114463861e+00 2.868116132169978627e+00
0.000000000000000000e+00 3.021019375896152770e+00 2.535058827172716800e+00 3.196321999024390514e+00 2.276865143058352636e+00 6.108739691577189657e-01 3.668873138228043285e+00 2.452733860391106635e+00 3.005571204814731612e+00 2.305884107606740230e+00 6.458332810896069143e-01 3.459848615574021569e+00 2.489660652746100045e+00 2.916529913665025564e+00 2.293169183816604395e+00 6.487580948597418962e-01 4.602605493540748327e+00 2.470087885151374341e+00 3.023681742015722040e+00 2.328969201129643452e+00 6.529949989154421042e-01 3.959622907591201280e+00 2.626127041896486158e+00 2.933715595550371091e+00 2.305589495233028252e+00 6.612575554571853420e-01 4.211008114039417549e+00 2.705521809749872997e+00 2.892938079603912360e+00 2.269643841531121087e+00 6.591509032116712463e-01 3.882830765385317573e+00 2.535301476324778758e+00 2.955383157687464291e+00 2.314201199203216319e+00 6.585920243861158596e-01 4.403346714244848137e+00 2.708545579335726927e+00 2.896546109774026156e+00 2.267611155171932680e+00 6.608187772573345109e-01 4.698147896509794030e+00 2.779984408674324392e+00 2.867128231683253148e+00 2.229439380257360437e+00
0.000000000000000000e+00 2.704972967710690956e-01 -9.878365196355294586e-02 7.077481259763459542e-01 6.788871034708063856e-01 2.276400141862176540e-01 7.190037182054229703e-01 -3.484306213945256858e-02 5.973165559501629751e-01 6.789008745971950587e-01 2.413706351295937247e-01 8.249244893857285987e-01 5.891429727150259560e-02 5.647554251115161073e-01 6.759626388159089005e-01 2.433015869526022334e-01 1.044661013333229915e+00 -1.491310253888477599e-01 5.389484472946909355e-01 6.666926100200465388e-01 2.433757558343777050e-01 9.736194766736809836e-01 3.138866955876953163e-02 5.157198647960913318e-01 6.646978292101460850e-01 2.501551336418524896e-01 1.225201875220709447e+00 1.283300397868812892e-01 5.187605270354401776e-01 6.591509032116712463e-01 2.520056331609444866e-01 7.557662496424288889e-01 -1.036410124894592416e-01 4.906792459681119656e-01 6.555611219385676369e-01 2.469407861949942662e-01 1.231353145982613473e+00 7.370635710584319544e-02 4.941268607639158761e-01 6.497004054553635610e-01 2.526402496493121985e-01 1.474356604028534745e+00 1.590612805387361661e-01 5.063405606120587876e-01 6.454021259620575934e-01
0.000000000000000000e+00 1.464494273917147105e+01 1.045413485474835369e+01 7.007877476584367216e+00 3.627556744929462784e+00 6.948587015362308605e-01 1.719201816504750724e+01 1.079731450238236867e+01 7.207717279518603526e+00 3.816087337919321421e+00 7.443342871532298011e-01 1.595612263199055114e+01 1.077683303181550123e+01 7.188221986801046626e+00 3.831744918743362316e+00 7.531157013145935997e-01 2.097094998217751538e+01 1.194210558056149729e+01 7.648221173523250371e+00 3.954214884448420619e+00 7.441002086991685971e-01 1.959274910612143472e+01 1.206895295621174746e+01 7.639159160443999674e+00 3.948954862885929895e+00 7.567553565049249809e-01 1.907776972229826384e+01 1.195267970008901948e+01 7.531241845425387993e+00 3.882830765385317573e+00 7.557662496424288889e-01 2.120613957625614532e+01 1.246484020136957938e+01 7.810333915160243556e+00 4.000486802668666186e+00 7.475078323769669408e-01 2.087380553671367878e+01 1.245055210262675693e+01 7.700244938836966035e+00 3.921329761200452957e+00 7.506506575299232153e-01 2.048419408249811724e+01 1.227238396915301522e+01 7.555222899459358210e+00 3.835238001715936207e+00
0.000000000000000000e+00 1.652956067957903485e+01 2.174757258571795404e+01 7.957199193149254057e+00 2.428830876388217153e+00 2.386491706051207529e-01 9.893976050262772048e+00 1.940242939559333735e+01 8.858292561421372113e+00 2.425529357772004069e+00 1.321529690223176567e-01 5.947026968398916758e+00 1.729510371218515274e+01 8.836557248002256060e+00 2.290964688565855223e+00 6.877639790780115669e-02 9.293146687678939699e+00 2.277226796753300064e+01 1.065316022397011331e+01 3.031340039471819736e+00 1.801939184115180781e-01 7.128612658007472902e+00 1.946473492082939671e+01 1.037181009845907020e+01 2.756964398764597757e+00 7.637500271418844189e-03 2.597858180860897814e+00 1.757803968057606170e+01 9.893953115047368740e+00 2.535301476324778758e+00 -1.036410124894592416e-01 1.246484020136957938e+01 2.238176667568636447e+01 1.134904659497319557e+01 3.173514449006740623e+00 1.187784588822881487e-01 4.632328831327201968e+00 1.925887824504690116e+01 1.069007832222207277e+01 2.835753203925976518e+00 -8.376015677990342190e-02 5.939711274517255335e-01 1.757977912314720825e+01 1.007970983336122650e+01 2.573501330204316595e+00
0.000000000000000000e+00 9.127642540696703222e+00 1.120560292861227936e+01 6.013645335767058064e+00 2.914128224022326741e+00 5.925664962272275682e-01 6.775212235701621566e+00 1.009064711183562402e+01 6.231304239447360338e+00 2.939144240608421388e+00 5.777465822539271656e-01 4.933395013966133114e+00 9.214445489350545415e+00 6.144528520191551380e+00 2.872305828493434188e+00 5.539434721018496877e-01 7.176025971596676101e+00 1.149107575482086041e+01 6.998279395619345422e+00 3.213288966077765263e+00 6.041390193703306544e-01 5.681735349271664681e+00 1.020038135712210625e+01 6.798952619397964803e+00 3.078661333081580853e+00 5.389978005217399559e-01 3.993573740033122377e+00 9.467393391012784321e+00 6.561741374986333142e+00 2.955383157687464291e+00 4.906792459681119656e-01 7.810333915160243556e+00 1.134904659497319557e+01 7.228938847976143833e+00 3.260984373883509591e+00 5.834644551505965282e-01 4.932564015686929260e+00 1.016404149185525618e+01 6.898250375991416661e+00 3.080047374032148344e+00 5.005633151886734744e-01 3.491908876764213243e+00 9.516403127534870166e+00 6.615703042983711590e+00 2.937708765441806147e+00
0.000000000000000000e+00 3.379437276861741779e+00 3.181617670280055599e+00 3.384551511944882130e+00 2.327643262593491080e+00 6.236166089735755147e-01 3.725246048929469200e+00 2.992945537225677910e+00 3.217687780827744426e+00 2.348623260056596163e+00 6.527842335908329297e-01 3.390609939799308581e+00 2.944298184632642368e+00 3.124258164929695436e+00 2.327852291451828926e+00 6.523104705850286678e-01 4.567407963257174686e+00 3.130143520129625045e+00 3.304250707212402993e+00 2.397110663353804405e+00 6.631900177158068788e-01 3.884346866118078889e+00 3.149865736169995323e+00 3.198295002576853729e+00 2.359725267711596963e+00 6.630479913808985382e-01 3.959146124146529555e+00 3.153963305064415135e+00 3.137771254836688062e+00 2.314201199203216319e+00 6.555611219385676369e-01 4.000486802668666186e+00 3.173514449006740623e+00 3.260984373883509591e+00 2.387444499308622348e+00 6.662782174900298005e-01 4.208682736225116017e+00 3.220210518540733702e+00 3.174043300537246370e+00 2.325980608844628872e+00 6.588491620117393754e-01 4.343367884593149597e+00 3.225209788230994690e+00 3.120547151288659116e+00 2.277069859533674023e+00
