0.000000000000000000e+00 0.000000000000000000e+00 0.000000000000000000e+00 0.000000000000000000e+00 0.000000000000000000e+00 0.000000000000000000e+00 0.000000000000000000e+00 0.000000000000000000e+00 0.000000000000000000e+00 0.000000000000000000e+00 0.000000000000000000e+00 0.000000000000000000e+00 0.000000000000000000e+00 0.000000000000000000e+00 0.000000000000000000e+00 0.000000000000000000e+00 0.000000000000000000e+00 0.000000000000000000e+00 0.000000000000000000e+00 0.000000000000000000e+00 0.000000000000000000e+00 0.000000000000000000e+00 0.000000000000000000e+00 0.000000000000000000e+00 0.000000000000000000e+00 0.000000000000000000e+00 0.000000000000000000e+00 0.000000000000000000e+00 0.000000000000000000e+00 0.000000000000000000e+00 0.000000000000000000e+00 0.000000000000000000e+00 0.000000000000000000e+00 0.000000000000000000e+00 0.000000000000000000e+00 0.000000000000000000e+00 0.000000000000000000e+00 0.000000000000000000e+00 0.000000000000000000e+00 0.000000000000000000e+00 0.000000000000000000e+00 0.000000000000000000e+00 0.000000000000000000e+00 0.000000000000000000e+00 0.000000000000000000e+00
0.000000000000000000e+00 0.000000000000000000e+00 0.000000000000000000e+00 0.000000000000000000e+00 0.000000000000000000e+00 0.000000000000000000e+00 0.000000000000000000e+00 0.000000000000000000e+00 0.000000000000000000e+00 0.000000000000000000e+00 0.000000000000000000e+00 0.000000000000000000e+00 0.000000000000000000e+00 0.000000000000000000e+00 0.000000000000000000e+00 0.000000000000000000e+00 0.000000000000000000e+00 0.000000000000000000e+00 0.000000000000000000e+00 0.000000000000000000e+00 0.000000000000000000e+00 0.000000000000000000e+00 0.000000000000000000e+00 0.000000000000000000e+00 0.000000000000000000e+00 0.000000000000000000e+00 0.000000000000000000e+00 0.000000000000000000e+00 0.000000000000000000e+00 0.000000000000000000e+00 0.000000000000000000e+00 0.000000000000000000e+00 0.000000000000000000e+00 0.000000000000000000e+00 0.000000000000000000e+00 0.000000000000000000e+00 0.000000000000000000e+00 0.000000000000000000e+00 0.000000000000000000e+00 0.000000000000000000e+00 0.000000000000000000e+00 0.000000000000000000e+00 0.000000000000000000e+00 0.000000000000000000e+00 0.000000000000000000e+00
0.000000000000000000e+00 0.000000000000000000e+00 9.837059816987538952e+00 2.186187198306884483e+01 1.668959568491599654e+01 1.154023300397678575e+01 -2.343834250650945195e-01 1.417134615326301095e+01 1.800850083748211006e+01 1.537943520288522059e+01 1.136710014314867401e+01 -7.036469470010042748e-01 1.092057285406737854e+01 1.659874202958490130e+01 1.497116438836625107e+01 1.118087663497424700e+01 -5.253624506035434738e-01 1.251262725110145979e+01 1.654583542111123151e+01 1.464826460746106385e+01 1.124573595026578055e+01 -1.077932504128300550e+00 8.088252311908956216e+00 1.396935496337008331e+01 1.367424610963338694e+01 1.081053943045262145e+01 -2.635592294192615537e+00 6.519537111530218532e+00 1.322619074885182933e+01 1.347288332804187583e+01 1.068865494022645812e+01 -1.656212501673887560e+00 8.292859076282857345e+00 1.354221324899762280e+01 1.330544050449143612e+01 1.075148558308635849e+01 -2.162618886642381000e+00 5.664604264572389525e+00 1.195975148479353756e+01 1.267109295088936527e+01 1.042311632752394424e+01 -3.106478340592039977e+00 4.787264921378858951e+00 1.155575502197105209e+01 1.260366118579251449e+01
0.000000000000000000e+00 0.000000000000000000e+00 2.186187198306884483e+01 5.442682536780716163e+01 4.195798930513173275e+01 2.993230040396702663e+01 -6.146818219073291623e+00 3.233976499450022146e+01 4.365770657397080612e+01 3.806454240851643789e+01 2.916743701513995290e+01 -7.841884205196325119e+00 2.348051634798745013e+01 3.960906952242564927e+01 3.676139932546908540e+01 2.851380766999944782e+01 -6.359104420705508964e+00 2.902763137771767887e+01 4.053855163222645075e+01 3.659054861051221508e+01 2.908919329706949242e+01 -7.549194392121656882e+00 1.722738653409999188e+01 3.347496671475868624e+01 3.377246619496583691e+01 2.771843116819463049e+01 -1.193301166820553050e+01 1.285665140437998488e+01 3.129492184482863237e+01 3.308209947006191953e+01 2.728259893552319681e+01 -9.080935149566503384e+00 1.842966133036488685e+01 3.290499678497285174e+01 3.317474064937721323e+01 2.778535447137404546e+01 -9.804453425514326526e+00 1.133120861892464504e+01 2.851687474206728368e+01 3.130828268099606504e+01 2.674726810337371319e+01 -1.259405823132755486e+01 8.796722826728965217e+00 2.726144936215171910e+01 3.098627229080343426e+01
0.000000000000000000e+00 0.000000000000000000e+00 1.668959568491599654e+01 4.195798930513173275e+01 3.326079056186512872e+01 2.519653714697658842e+01 -4.327856232072603504e+00 2.459593434301239867e+01 3.355759948178776142e+01 3.006011273267026951e+01 2.439430201216677219e+01 -5.664436462417183904e+00 1.794609989814261652e+01 3.045498144709846144e+01 2.902277171753129892e+01 2.385219333029673905e+01 -4.550550831965489706e+00 2.199917153992966234e+01 3.103640410997681442e+01 2.874236585116557308e+01 2.409852677484121486e+01 -5.529529943090503608e+00 1.313901261616945249e+01 2.565082927739408802e+01 2.652690805154221820e+01 2.298505896382921065e+01 -8.793197373657141824e+00 9.888560111247903350e+00 2.401503399067692968e+01 2.600973689871224792e+01 2.266477627670431971e+01 -6.670082823623864066e+00 1.398449820470873384e+01 2.514621720502166724e+01 2.596571827506429386e+01 2.288953772806106457e+01 -7.245157038311994313e+00 8.689228997283819922e+00 2.183562309069777641e+01 2.453731224416923951e+01 2.209585591531016391e+01 -9.316963358006116636e+00 6.818288641364578240e+00 2.091570374736551230e+01 2.431922755578471040e+01
0.000000000000000000e+00 0.000000000000000000e+00 1.154023300397678575e+01 2.993230040396702663e+01 2.519653714697658842e+01 2.165088043136956486e+01 -2.446008755441824611e+00 1.703750471385341214e+01 2.377195926940833459e+01 2.256220694418881578e+01 2.067407229486119036e+01 -3.421495238604671751e+00 1.255552006867616655e+01 2.158264983057287623e+01 2.175848693991055427e+01 2.020555144945564763e+01 -2.678704197933922337e+00 1.514786583902920292e+01 2.181923910249940590e+01 2.135103616756824252e+01 2.007689717975578958e+01 -3.427777743429962776e+00 9.174286046299130248e+00 1.806330012101188487e+01 1.968816249765097126e+01 1.916299580609021547e+01 -5.592434359945540834e+00 7.028861184594219047e+00 1.696154252087455561e+01 1.933723331870727691e+01 1.895255941996656190e+01 -4.197682928175832551e+00 9.671610057333689170e+00 1.761763113439712569e+01 1.914290622237328421e+01 1.886019688744381284e+01 -4.616049466457976536e+00 6.152439636930590261e+00 1.536021855095379252e+01 1.813124641212545640e+01 1.829068406248619638e+01 -5.985082792560530329e+00 4.937245056483328121e+00 1.477208604856365604e+01 1.801904710919884067e+01
0.000000000000000000e+00 0.000000000000000000e+00 -2.343834250650945195e-01 -6.146818219073291623e+00 -4.327856232072603504e+00 -2.446008755441824611e+00 8.925218823995239248e+00 -1.252222851274550353e-01 -3.678630152024297217e+00 -3.424543814270357256e+00 -2.312345361770024255e+00 9.986408432898373988e+00 2.023003014287307000e+00 -2.571441472639987236e+00 -2.986746436064199539e+00 -2.078961693254667065e+00 8.279351076772538676e+00 -6.434404202779121507e-01 -3.967659300494118746e+00 -3.807937136120351340e+00 -2.838771947045502397e+00 8.399056620294837572e+00 1.907316794762296208e+00 -2.345948359490850788e+00 -3.091999903354604395e+00 -2.447826503350497784e+00 9.556396443450966061e+00 3.096828335471719207e+00 -1.663930590745261950e+00 -2.785562476462324799e+00 -2.232795014697391611e+00 8.584058079340296743e+00 8.998299081091228890e-01 -2.878480095395972160e+00 -3.473430554884452182e+00 -2.870041939678047438e+00 7.993864017785022646e+00 2.553424070001411916e+00 -1.781594948755720331e+00 -2.933867434846967992e+00 -2.508283438729464354e+00 8.870780746122212790e+00 3.345732848767700052e+00 -1.300197841191593762e+00 -2.692973696545725826e+00
0.000000000000000000e+00 0.000000000000000000e+00 1.417134615326301095e+01 3.233976499450022146e+01 2.459593434301239867e+01 1.703750471385341214e+01 -1.252222851274550353e-01 2.111694383346339876e+01 2.659247807246482154e+01 2.260394625552532943e+01 1.671915021469829554e+01 -7.185554783475155416e-01 1.626099883372076249e+01 2.448707865103303050e+01 2.197769737669601753e+01 1.642190793357710632e+01 -5.249579420125493057e-01 1.875277753062664843e+01 2.451826987318616347e+01 2.158334645450618794e+01 1.656562438992417441e+01 -1.208230059813385715e+00 1.214119639783165816e+01 2.067914974317490362e+01 2.011230631662145996e+01 1.588710168191302152e+01 -3.583530298965070138e+00 9.786566932544822350e+00 1.956254000758574918e+01 1.979707879704204743e+01 1.569273731332728694e+01 -2.134358657911679558e+00 1.250167458202794180e+01 2.010189680105987975e+01 1.961233575559799647e+01 1.582476891541554842e+01 -2.868447405754327661e+00 8.558444879973052366e+00 1.773272528979509488e+01 1.864680508123743508e+01 1.531302606790787735e+01 -4.319136472465756604e+00 7.232321386646529682e+00 1.711490519032981794e+01 1.853086541487984107e+01
0.000000000000000000e+00 0.000000000000000000e+00 1.800850083748211006e+01 4.365770657397080612e+01 3.355759948178776142e+01 2.377195926940833459e+01 -3.678630152024297217e+00 2.659247807246482154e+01 3.527981540471450472e+01 3.056822263973797860e+01 2.321404847588255649e+01 -4.916764779741804148e+00 1.965114964782286222e+01 3.215042580327098420e+01 2.958709041174046916e+01 2.272942150831205765e+01 -3.950181985889409386e+00 2.377911680906064618e+01 3.267798722463727046e+01 2.931572722827871758e+01 2.309332427042406266e+01 -4.934706061140738953e+00 1.448483300778565308e+01 2.715477564009058042e+01 2.714277717137644075e+01 2.205276162993110489e+01 -8.353449637379213755e+00 1.107981840634031379e+01 2.547833194095594322e+01 2.663101596822285089e+01 2.173311576914497678e+01 -6.143839104174186438e+00 1.530986174751724782e+01 2.659747369628535552e+01 2.659608269374667344e+01 2.205417501728682694e+01 -6.847982451934774950e+00 9.737262182304817770e+00 2.317562726944714058e+01 2.516185505889058405e+01 2.126920728251697668e+01 -9.002658559627731094e+00 7.779079166245721488e+00 2.222178644058969965e+01 2.493772361868249021e+01
0.000000000000000000e+00 0.000000000000000000e+00 1.537943520288522059e+01 3.806454240851643789e+01 3.006011273267026951e+01 2.256220694418881578e+01 -3.424543814270357256e+00 2.260394625552532943e+01 3.056822263973797860e+01 2.723880477140930978e+01 2.188435447815864521e+01 -4.588182130524838698e+00 1.663430507442867423e+01 2.780367860401661417e+01 2.633159898478920979e+01 2.141634675189778392e+01 -3.667946481424584793e+00 2.017928770980295639e+01 2.824061506215796769e+01 2.602380749259222625e+01 2.160827937501456830e+01 -4.575103922204180940e+00 1.220512762781899951e+01 2.341304997985473690e+01 2.405966090688268366e+01 2.063332512822950449e+01 -7.497175439901171856e+00 9.294308765849027765e+00 2.195761907540957480e+01 2.360924642745234792e+01 2.035646359123556692e+01 -5.597817802371881868e+00 1.291427293577262247e+01 2.291376906993813023e+01 2.352599282943556247e+01 2.053358575817603082e+01 -6.175972906007955565e+00 8.155179492880717973e+00 1.994909436690847926e+01 2.225935253565747729e+01 1.983703360681043648e+01 -8.021841669225349136e+00 6.486366908475697635e+00 1.913524690944271001e+01 2.207529562489325414e+01
0.000000000000000000e+00 0.000000000000000000e+00 1.136710014314867401e+01 2.916743701513995290e+01 2.439430201216677219e+01 2.067407229486119036e+01 -2.312345361770024255e+00 1.671915021469829554e+01 2.321404847588255649e+01 2.188435447815864521e+01 1.977901392050126717e+01 -3.250658487563013566e+00 1.234838507358962190e+01 2.109250320870873452e+01 2.111681715515600644e+01 1.933818471683264661e+01 -2.546169379224759055e+00 1.485709435870729145e+01 2.130931029350069394e+01 2.072048465618496138e+01 1.923053311511091223e+01 -3.282374079037947645e+00 9.026143138202893823e+00 1.765819786023241633e+01 1.912092615097147430e+01 1.836311948057183585e+01 -5.391531370308975113e+00 6.932126843197887744e+00 1.658702485040236141e+01 1.878292876727483218e+01 1.816084743945951274e+01 -4.030413416073476363e+00 9.500912213660324568e+00 1.721769869195859570e+01 1.859406334413557005e+01 1.808551094730969311e+01 -4.453481374836919748e+00 6.063416365711194800e+00 1.502020134821682085e+01 1.761644593413845783e+01 1.753868994914353863e+01 -5.784558727713325688e+00 4.877783581784226996e+00 1.444754121948001568e+01 1.750740785833416879e+01
0.000000000000000000e+00 0.000000000000000000e+00 -7.036469470010042748e-01 -7.841884205196325119e+00 -5.664436462417183904e+00 -3.421495238604671751e+00 9.986408432898373988e+00 -7.185554783475155416e-01 -4.916764779741804148e+00 -4.588182130524838698e+00 -3.250658487563013566e+00 1.128301520449157280e+01 1.809209182876113431e+00 -3.625836574510575172e+00 -4.085041982080634959e+00 -2.983489021019720688e+00 9.305310535463897637e+00 -1.194268999008191168e+00 -5.140241038739003621e+00 -4.949716784150300697e+00 -3.798327965063384326e+00 9.549329293293295606e+00 1.828427937835146233e+00 -3.227101129487123021e+00 -4.111059682399314852e+00 -3.344394455843874958e+00 1.089838110574684116e+01 3.209619811444779369e+00 -2.442430978416703979e+00 -3.766587493734381731e+00 -3.104775469492253137e+00 9.765269499585127022e+00 7.131566812054953575e-01 -3.781451258154478356e+00 -4.497910107007051295e+00 -3.789011121592091857e+00 9.131140181202384909e+00 2.651332353418084598e+00 -2.499877378597234578e+00 -3.875070086390670188e+00 -3.377566471413948612e+00 1.014142816667369829e+01 3.560971804907797633e+00 -1.953799894872216836e+00 -3.611005685619765870e+00
0.000000000000000000e+00 0.000000000000000000e+00 1.092057285406737854e+01 2.348051634798745013e+01 1.794609989814261652e+01 1.255552006867616655e+01 2.023003014287307000e+00 1.626099883372076249e+01 1.965114964782286222e+01 1.663430507442867423e+01 1.234838507358962190e+01 1.809209182876113431e+00 1.303570357630684917e+01 1.829852097875393824e+01 1.626053771007279991e+01 1.217827458991858869e+01 1.559444053067383207e+00 1.430210659067509660e+01 1.797043426608279049e+01 1.574587452580729696e+01 1.209757434051207703e+01 1.046180937401573141e+00 9.821741667005019494e+00 1.540514208110442240e+01 1.478852750831773655e+01 1.167280426386156833e+01 -5.013121602413306288e-01 8.295460857014132827e+00 1.471158151081663412e+01 1.462227230297957981e+01 1.157693544573998068e+01 3.876399663399024420e-01 9.851396181492990678e+00 1.482376430439450665e+01 1.430406429887214870e+01 1.151819941078150222e+01 -3.248016443679526688e-01 7.213759646748945542e+00 1.326504046078678201e+01 1.369357035663574962e+01 1.121430164357862935e+01 -1.229371378801669135e+00 6.384814912231843387e+00 1.290743350921402666e+01 1.366502198936524870e+01
0.000000000000000000e+00 0.000000000000000000e+00 1.659874202958490130e+01 3.960906952242564927e+01 3.045498144709846144e+01 2.158264983057287623e+01 -2.571441472639987236e+00 2.448707865103303050e+01 3.215042580327098420e+01 2.780367860401661417e+01 2.109250320870873452e+01 -3.625836574510575172e+00 1.829852097875393824e+01 2.938174869750557505e+01 2.694776238641214405e+01 2.067272660676105644e+01 -2.881773030156154380e+00 2.183914112974200350e+01 2.972229541889905846e+01 2.661198435279482410e+01 2.093161538848432457e+01 -3.794219769753187865e+00 1.352299698642024772e+01 2.479902998180698859e+01 2.468727789781889470e+01 2.001712276038736960e+01 -6.830666713019128089e+00 1.050140567194507213e+01 2.332386107176245460e+01 2.424840459751448307e+01 1.974547755676811533e+01 -4.879582270506618080e+00 1.418375994976831578e+01 2.422959822338853186e+01 2.414424958876282190e+01 1.997706662798472266e+01 -5.588741714835189889e+00 9.211254837422352182e+00 2.118770710755488196e+01 2.288004082584717125e+01 1.929277136474753718e+01 -7.489292721983150436e+00 7.484582905701241629e+00 2.035715779969882178e+01 2.269882926808720924e+01
0.000000000000000000e+00 0.000000000000000000e+00 1.497116438836625107e+01 3.676139932546908540e+01 2.902277171753129892e+01 2.175848693991055427e+01 -2.986746436064199539e+00 2.197769737669601753e+01 2.958709041174046916e+01 2.633159898478920979e+01 2.111681715515600644e+01 -4.085041982080634959e+00 1.626053771007279991e+01 2.694776238641214405e+01 2.547307877995477909e+01 2.067584829382670719e+01 -3.248952809336024927e+00 1.959424540998169206e+01 2.730803691303627900e+01 2.513412694019299920e+01 2.082840604354804981e+01 -4.138660527325095373e+00 1.194542661665906991e+01 2.268355927240473235e+01 2.326094600682567304e+01 1.990302396378554661e+01 -6.931442613322653656e+00 9.164292274732680710e+00 2.129780184065480597e+01 2.283811554696224633e+01 1.964478982106163230e+01 -5.117941330279752066e+00 1.259194124839267914e+01 2.217282921473203317e+01 2.272410970635796446e+01 1.978828253549988503e+01 -5.708241698524425090e+00 8.033528977760312273e+00 1.933706903740162630e+01 2.151866247286427836e+01 1.912967306996963046e+01 -7.466945877899207495e+00 6.443972292418627568e+00 1.856646098264790723e+01 2.135122617571097337e+01
0.000000000000000000e+00 0.000000000000000000e+00 1.118087663497424700e+01 2.851380766999944782e+01 2.385219333029673905e+01 2.020555144945564763e+01 -2.078961693254667065e+00 1.642190793357710632e+01 2.272942150831205765e+01 2.141634675189778392e+01 1.933818471683264661e+01 -2.983489021019720688e+00 1.217827458991858869e+01 2.067272660676105644e+01 2.067584829382670719e+01 1.891393100162410690e+01 -2.323713797841985063e+00 1.457692584829171878e+01 2.084785998944624197e+01 2.026266834967773534e+01 1.878739329799640956e+01 -3.053012493409698269e+00 8.908959963506843494e+00 1.730041545311037510e+01 1.871215483383133105e+01 1.794913185961111779e+01 -5.096727407438712554e+00 6.880204119509751415e+00 1.626489078412557987e+01 1.838886596380363869e+01 1.775712235185209664e+01 -3.778632306995117762e+00 9.350259441773900448e+00 1.685268311492277959e+01 1.818362669702487722e+01 1.766560568293435196e+01 -4.210218667974780615e+00 6.013236326420017264e+00 1.472069192429914253e+01 1.723826461565405666e+01 1.713970781976292912e+01 -5.496731168496863162e+00 4.867663599035684463e+00 1.417014062256109419e+01 1.713789324298700478e+01
0.000000000000000000e+00 0.000000000000000000e+00 -5.253624506035434738e-01 -6.359104420705508964e+00 -4.550550831965489706e+00 -2.678704197933922337e+00 8.279351076772538676e+00 -5.249579420125493057e-01 -3.950181985889409386e+00 -3.667946481424584793e+00 -2.546169379224759055e+00 9.305310535463897637e+00 1.559444053067383207e+00 -2.881773030156154380e+00 -3.248952809336024927e+00 -2.323713797841985063e+00 7.703341370574746882e+00 -9.418578499425453998e-01 -4.161760396273837870e+00 -3.991161119153243231e+00 -3.023719402546491963e+00 7.860071219833601575e+00 1.550361126045933569e+00 -2.582207265128210416e+00 -3.296789086071990837e+00 -2.647578044630694460e+00 8.974456183840318957e+00 2.695436682603788103e+00 -1.929525610188995710e+00 -3.007361282789477563e+00 -2.445044373418310268e+00 8.046446582606575859e+00 6.185317725173793413e-01 -3.056259728518242902e+00 -3.633268188125490017e+00 -3.032776624011708666e+00 7.515759219050886841e+00 2.223950591581071556e+00 -1.994547102705552577e+00 -3.114674185199099110e+00 -2.688111185586147922e+00 8.351210943868302650e+00 2.980525798018245354e+00 -1.538572170219106416e+00 -2.890705303509966573e+00
0.000000000000000000e+00 0.000000000000000000e+00 1.251262725110145979e+01 2.902763137771767887e+01 2.199917153992966234e+01 1.514786583902920292e+01 -6.434404202779121507e-01 1.875277753062664843e+01 2.377911680906064618e+01 2.017928770980295639e+01 1.485709435870729145e+01 -1.194268999008191168e+00 1.430210659067509660e+01 2.183914112974200350e+01 1.959424540998169206e+01 1.457692584829171878e+01 -9.418578499425453998e-01 1.671758472507103122e+01 2.198844824221993122e+01 1.932369504526738169e+01 1.477178617070477351e+01 -1.510711164923276728e+00 1.068119786041253505e+01 1.847772111413603469e+01 1.797227490852515075e+01 1.414258322947189583e+01 -3.705049348617779348e+00 8.508019991667771009e+00 1.743916501201907820e+01 1.766929666894604622e+01 1.395353098317461260e+01 -2.356779698267145395e+00 1.108123847974029452e+01 1.801713894301938268e+01 1.756953795375758531e+01 1.412660165948978630e+01 -2.969309021432626317e+00 7.465480321894880866e+00 1.584009362806971133e+01 1.667444312535516815e+01 1.364546163376674848e+01 -4.323192918072349400e+00 6.230405962169412781e+00 1.525547629549785178e+01 1.655137315556223143e+01
0.000000000000000000e+00 0.000000000000000000e+00 1.654583542111123151e+01 4.053855163222645075e+01 3.103640410997681442e+01 2.181923910249940590e+01 -3.967659300494118746e+00 2.451826987318616347e+01 3.267798722463727046e+01 2.824061506215796769e+01 2.130931029350069394e+01 -5.140241038739003621e+00 1.797043426608279049e+01 2.972229541889905846e+01 2.730803691303627900e+01 2.084785998944624197e+01 -4.161760396273837870e+00 2.198844824221993122e+01 3.033752121799293278e+01 2.714804155993697776e+01 2.126511147731394757e+01 -5.038508428932190419e+00 1.324144804259053210e+01 2.514248856027203161e+01 2.510145035710656103e+01 2.028188292878594368e+01 -8.280558210856149515e+00 1.001323993411803670e+01 2.354749809350943579e+01 2.460504610637222456e+01 1.996905842449730528e+01 -6.176747331354786930e+00 1.408533295108465744e+01 2.468447630084932243e+01 2.464554230553850900e+01 2.033303362433081318e+01 -6.787163096317645028e+00 8.823974137973049636e+00 2.145320680910029409e+01 2.328461175295406704e+01 1.958153867541895110e+01 -8.842203832307903966e+00 6.956600633754872476e+00 2.053495287321901230e+01 2.305548472666554716e+01
0.000000000000000000e+00 0.000000000000000000e+00 1.464826460746106385e+01 3.659054861051221508e+01 2.874236585116557308e+01 2.135103616756824252e+01 -3.807937136120351340e+00 2.158334645450618794e+01 2.931572722827871758e+01 2.602380749259222625e+01 2.072048465618496138e+01 -4.949716784150300697e+00 1.574587452580729696e+01 2.661198435279482410e+01 2.513412694019299920e+01 2.026266834967773534e+01 -3.991161119153243231e+00 1.932369504526738169e+01 2.714804155993697776e+01 2.492695570342572964e+01 2.052990518045102064e+01 -4.832962800897947275e+00 1.154370759935246582e+01 2.244426206710108929e+01 2.301524778984081721e+01 1.958110309379203784e+01 -7.705167920294318407e+00 8.681345326485271130e+00 2.100848307118818070e+01 2.256237324249160636e+01 1.929954848970768211e+01 -5.831057811083157461e+00 1.229606099326113444e+01 2.201916029004267727e+01 2.255294632730224436e+01 1.953862421538643801e+01 -6.347903638530600468e+00 7.636203806720056164e+00 1.911745806194404196e+01 2.130872233436223340e+01 1.884845282775814468e+01 -8.171921199413901604e+00 5.985002901604071113e+00 1.830390486329457289e+01 2.111133993216942173e+01
0.000000000000000000e+00 0.000000000000000000e+00 1.124573595026578055e+01 2.908919329706949242e+01 2.409852677484121486e+01 2.007689717975578958e+01 -2.838771947045502397e+00 1.656562438992417441e+01 2.309332427042406266e+01 2.160827937501456830e+01 1.923053311511091223e+01 -3.798327965063384326e+00 1.209757434051207703e+01 2.093161538848432457e+01 2.082840604354804981e+01 1.878739329799640956e+01 -3.023719402546491963e+00 1.477178617070477351e+01 2.126511147731394757e+01 2.052990518045102064e+01 1.878206807829095837e+01 -3.729878045474259718e+00 8.826770852404841605e+00 1.755799115332202476e+01 1.891532818084581180e+01 1.791228876158146477e+01 -5.900254584542724778e+00 6.667681294151816651e+00 1.645095266299177084e+01 1.855744256175933060e+01 1.769339445139716105e+01 -4.493612362799288107e+00 9.370126760217750927e+00 1.717375036362257035e+01 1.844638645019009715e+01 1.770351139889637437e+01 -4.876544981683808011e+00 5.846042401441406966e+00 1.492662699038548446e+01 1.744471463324631699e+01 1.713727962466753496e+01 -6.254595093860886301e+00 4.612707333558121903e+00 1.432215194954704529e+01 1.731338674636570119e+01
0.000000000000000000e+00 0.000000000000000000e+00 -1.077932504128300550e+00 -7.549194392121656882e+00 -5.529529943090503608e+00 -3.427777743429962776e+00 8.399056620294837572e+00 -1.208230059813385715e+00 -4.934706061140738953e+00 -4.575103922204180940e+00 -3.282374079037947645e+00 9.549329293293295606e+00 1.046180937401573141e+00 -3.794219769753187865e+00 -4.138660527325095373e+00 -3.053012493409698269e+00 7.860071219833601575e+00 -1.510711164923276728e+00 -5.038508428932190419e+00 -4.832962800897947275e+00 -3.729878045474259718e+00 8.145205240724619600e+00 1.208360674385783096e+00 -3.327147121285479958e+00 -4.091359151701404961e+00 -3.334588936729675268e+00 9.336130276727500288e+00 2.428269142200224717e+00 -2.640431970125213912e+00 -3.796435128098411660e+00 -3.130330576707065937e+00 8.335527674996304981e+00 2.778870987228901912e-01 -3.761586503240551771e+00 -4.390210969413520736e+00 -3.699594471046465660e+00 7.843098342558955771e+00 2.007658963843833355e+00 -2.623471444652736739e+00 -3.844296503139010834e+00 -3.343732697384500074e+00 8.723783862996011607e+00 2.802621519763524471e+00 -2.151805390942374441e+00 -3.622774411680345530e+00
0.000000000000000000e+00 0.000000000000000000e+00 8.088252311908956216e+00 1.722738653409999188e+01 1.313901261616945249e+01 9.174286046299130248e+00 1.907316794762296208e+00 1.214119639783165816e+01 1.448483300778565308e+01 1.220512762781899951e+01 9.026143138202893823e+00 1.828427937835146233e+00 9.821741667005019494e+00 1.352299698642024772e+01 1.194542661665906991e+01 8.908959963506843494e+00 1.550361126045933569e+00 1.068119786041253505e+01 1.324144804259053210e+01 1.154370759935246582e+01 8.826770852404841605e+00 1.208360674385783096e+00 7.441741807180490831e+00 1.139695787721380604e+01 1.086144670548878821e+01 8.526032276630525431e+00 9.289670356413839980e-02 6.347543560792289874e+00 1.090602429655092820e+01 1.074875992767897692e+01 8.462518511076160266e+00 7.199086064970460219e-01 7.434128883018848555e+00 1.095297055397491626e+01 1.049467586976220268e+01 8.399716427295597754e+00 1.615504281344899151e-01 5.528489313544519668e+00 9.833767485355062732e+00 1.006053834375772560e+01 8.186674802004647589e+00 -4.858996214160170024e-01 4.937760847976768730e+00 9.583567204807172502e+00 1.004681526018759108e+01
0.000000000000000000e+00 0.000000000000000000e+00 1.396935496337008331e+01 3.347496671475868624e+01 2.565082927739408802e+01 1.806330012101188487e+01 -2.345948359490850788e+00 2.067914974317490362e+01 2.715477564009058042e+01 2.341304997985473690e+01 1.765819786023241633e+01 -3.227101129487123021e+00 1.540514208110442240e+01 2.479902998180698859e+01 2.268355927240473235e+01 1.730041545311037510e+01 -2.582207265128210416e+00 1.847772111413603469e+01 2.514248856027203161e+01 2.244426206710108929e+01 1.755799115332202476e+01 -3.327147121285479958e+00 1.139695787721380604e+01 2.095907391411935095e+01 2.080984127139393891e+01 1.678059691554459221e+01 -5.925893208627818431e+00 8.813289002660781080e+00 1.969728093661962731e+01 2.043035095160859882e+01 1.654435794185094366e+01 -4.252143897859594901e+00 1.198891694193077484e+01 2.050508568122434738e+01 2.037703541311251954e+01 1.677203864173597125e+01 -4.843512383578469027e+00 7.745727785421825828e+00 1.791268869350290771e+01 1.929747859224333340e+01 1.618473617740525938e+01 -6.475725791912982032e+00 6.263986257845524541e+00 1.719635303730956366e+01 1.913483665309369286e+01
0.000000000000000000e+00 0.000000000000000000e+00 1.367424610963338694e+01 3.377246619496583691e+01 2.652690805154221820e+01 1.968816249765097126e+01 -3.091999903354604395e+00 2.011230631662145996e+01 2.714277717137644075e+01 2.405966090688268366e+01 1.912092615097147430e+01 -4.111059682399314852e+00 1.478852750831773655e+01 2.468727789781889470e+01 2.326094600682567304e+01 1.871215483383133105e+01 -3.296789086071990837e+00 1.797227490852515075e+01 2.510145035710656103e+01 2.301524778984081721e+01 1.891532818084581180e+01 -4.091359151701404961e+00 1.086144670548878821e+01 2.080984127139393891e+01 2.128111237453346760e+01 1.805991024964816205e+01 -6.703454216869278781e+00 8.259374773730451480e+00 1.951072964090818118e+01 2.087886298702374432e+01 1.781188055953971627e+01 -5.000990698961565784e+00 1.150544602150980111e+01 2.038026601861227505e+01 2.082627242602995210e+01 1.799602239494978662e+01 -5.521009459341208903e+00 7.254759231619982707e+00 1.773824662204511426e+01 1.970095616493838975e+01 1.737713476014064184e+01 -7.172847507904841713e+00 5.759983021237734313e+00 1.700756643879314112e+01 1.953223456083903287e+01
0.000000000000000000e+00 0.000000000000000000e+00 1.081053943045262145e+01 2.771843116819463049e+01 2.298505896382921065e+01 1.916299580609021547e+01 -2.447826503350497784e+00 1.588710168191302152e+01 2.205276162993110489e+01 2.063332512822950449e+01 1.836311948057183585e+01 -3.344394455843874958e+00 1.167280426386156833e+01 2.001712276038736960e+01 1.990302396378554661e+01 1.794913185961111779e+01 -2.647578044630694460e+00 1.414258322947189583e+01 2.028188292878594368e+01 1.958110309379203784e+01 1.791228876158146477e+01 -3.334588936729675268e+00 8.526032276630525431e+00 1.678059691554459221e+01 1.805991024964816205e+01 1.709557113050413335e+01 -5.375422539121895049e+00 6.495826826764283801e+00 1.574246941281812440e+01 1.772883433791935914e+01 1.689489920988821225e+01 -4.053841575916026230e+00 9.010704835103469534e+00 1.638978156092316851e+01 1.759306015562289360e+01 1.687794564185106694e+01 -4.444084253813084473e+00 5.687730777359290002e+00 1.427210545291997867e+01 1.665289530307158827e+01 1.635014965049347779e+01 -5.735276262589822593e+00 4.532424091441471958e+00 1.370963423232539746e+01 1.653670695573085681e+01
0.000000000000000000e+00 0.000000000000000000e+00 -2.635592294192615537e+00 -1.193301166820553050e+01 -8.793197373657141824e+00 -5.592434359945540834e+00 9.556396443450966061e+00 -3.583530298965070138e+00 -8.353449637379213755e+00 -7.497175439901171856e+00 -5.391531370308975113e+00 1.089838110574684116e+01 -5.013121602413306288e-01 -6.830666713019128089e+00 -6.931442613322653656e+00 -5.096727407438712554e+00 8.974456183840318957e+00 -3.705049348617779348e+00 -8.280558210856149515e+00 -7.705167920294318407e+00 -5.900254584542724778e+00 9.336130276727500288e+00 9.289670356413839980e-02 -5.925893208627818431e+00 -6.703454216869278781e+00 -5.375422539121895049e+00 1.095350468676503652e+01 1.736554189990094921e+00 -5.022175846875021499e+00 -6.330451642952136027e+00 -5.119219301201421324e+00 9.663344676170392944e+00 -1.018483682615184405e+00 -6.375797560069689673e+00 -7.005882427888386665e+00 -5.795791394022875131e+00 9.175435139129788809e+00 1.375707574715370862e+00 -4.825765466563789907e+00 -6.278138088952099238e+00 -5.332276334278697405e+00 1.033965065163719821e+01 2.427126383497751672e+00 -4.218506038480433595e+00 -6.009014335442225629e+00
0.000000000000000000e+00 0.000000000000000000e+00 6.519537111530218532e+00 1.285665140437998488e+01 9.888560111247903350e+00 7.028861184594219047e+00 3.096828335471719207e+00 9.786566932544822350e+00 1.107981840634031379e+01 9.294308765849027765e+00 6.932126843197887744e+00 3.209619811444779369e+00 8.295460857014132827e+00 1.050140567194507213e+01 9.164292274732680710e+00 6.880204119509751415e+00 2.695436682603788103e+00 8.508019991667771009e+00 1.001323993411803670e+01 8.681345326485271130e+00 6.667681294151816651e+00 2.428269142200224717e+00 6.347543560792289874e+00 8.813289002660781080e+00 8.259374773730451480e+00 6.495826826764283801e+00 1.736554189990094921e+00 5.677875076068966465e+00 8.540337549445375487e+00 8.225278202528823357e+00 6.484797520625967593e+00 2.075987613291129463e+00 6.158999961309076454e+00 8.353395144857572063e+00 7.887947477744946312e+00 6.311570042677345782e+00 1.517860956041910958e+00 4.918367830401493279e+00 7.647016336407998160e+00 7.635912311233790994e+00 6.206405092768602749e+00 1.151799463575532423e+00 4.584633150547913871e+00 7.532918136006828469e+00 7.670373017511138869e+00
0.000000000000000000e+00 0.000000000000000000e+00 1.322619074885182933e+01 3.129492184482863237e+01 2.401503399067692968e+01 1.696154252087455561e+01 -1.663930590745261950e+00 1.956254000758574918e+01 2.547833194095594322e+01 2.195761907540957480e+01 1.658702485040236141e+01 -2.442430978416703979e+00 1.471158151081663412e+01 2.332386107176245460e+01 2.129780184065480597e+01 1.626489078412557987e+01 -1.929525610188995710e+00 1.743916501201907820e+01 2.354749809350943579e+01 2.100848307118818070e+01 1.645095266299177084e+01 -2.640431970125213912e+00 1.090602429655092820e+01 1.969728093661962731e+01 1.951072964090818118e+01 1.574246941281812440e+01 -5.022175846875021499e+00 8.540337549445375487e+00 1.854997188690510157e+01 1.917366310588324652e+01 1.553458880897816918e+01 -3.496203839650244838e+00 1.139778664427926813e+01 1.922769839820794147e+01 1.907093353552706816e+01 1.570167995030225505e+01 -4.096393858087754580e+00 7.493249481418332358e+00 1.684866041905941358e+01 1.808703880769082417e+01 1.517174399082137803e+01 -5.583234837714567966e+00 6.144508639378710058e+00 1.620408213776513051e+01 1.795096985612458695e+01
0.000000000000000000e+00 0.000000000000000000e+00 1.347288332804187583e+01 3.308209947006191953e+01 2.600973689871224792e+01 1.933723331870727691e+01 -2.785562476462324799e+00 1.979707879704204743e+01 2.663101596822285089e+01 2.360924642745234792e+01 1.878292876727483218e+01 -3.766587493734381731e+00 1.462227230297957981e+01 2.424840459751448307e+01 2.283811554696224633e+01 1.838886596380363869e+01 -3.007361282789477563e+00 1.766929666894604622e+01 2.460504610637222456e+01 2.256237324249160636e+01 1.855744256175933060e+01 -3.796435128098411660e+00 1.074875992767897692e+01 2.043035095160859882e+01 2.087886298702374432e+01 1.772883433791935914e+01 -6.330451642952136027e+00 8.225278202528823357e+00 1.917366310588324652e+01 2.049406165669200774e+01 1.749291248320928815e+01 -4.680847675021802878e+00 1.134942911059818194e+01 1.998672106933124581e+01 2.041437875414747083e+01 1.764780529837233658e+01 -5.212390828469679604e+00 7.218338387127490208e+00 1.742083384442592120e+01 1.932511275609173040e+01 1.705176719705991317e+01 -6.810719478970390206e+00 5.772717844314091629e+00 1.671780274065362448e+01 1.916831522099328922e+01
0.000000000000000000e+00 0.000000000000000000e+00 1.068865494022645812e+01 2.728259893552319681e+01 2.266477627670431971e+01 1.895255941996656190e+01 -2.232795014697391611e+00 1.569273731332728694e+01 2.173311576914497678e+01 2.035646359123556692e+01 1.816084743945951274e+01 -3.104775469492253137e+00 1.157693544573998068e+01 1.974547755676811533e+01 1.964478982106163230e+01 1.775712235185209664e+01 -2.445044373418310268e+00 1.395353098317461260e+01 1.996905842449730528e+01 1.929954848970768211e+01 1.769339445139716105e+01 -3.130330576707065937e+00 8.462518511076160266e+00 1.654435794185094366e+01 1.781188055953971627e+01 1.689489920988821225e+01 -5.119219301201421324e+00 6.484797520625967593e+00 1.553458880897816918e+01 1.749291248320928815e+01 1.670304551149604677e+01 -3.832498231812683454e+00 8.917079928614214168e+00 1.614242037133985619e+01 1.733655517632328724e+01 1.666334771165557527e+01 -4.231966229828054260e+00 5.673580006658411001e+00 1.407511106415064006e+01 1.642061151350161552e+01 1.615153044503711044e+01 -5.487397880700879860e+00 4.551354725149233005e+00 1.353146111373815330e+01 1.631300492626288090e+01
0.000000000000000000e+00 0.000000000000000000e+00 -1.656212501673887560e+00 -9.080935149566503384e+00 -6.670082823623864066e+00 -4.197682928175832551e+00 8.584058079340296743e+00 -2.134358657911679558e+00 -6.143839104174186438e+00 -5.597817802371881868e+00 -4.030413416073476363e+00 9.765269499585127022e+00 3.876399663399024420e-01 -4.879582270506618080e+00 -5.117941330279752066e+00 -3.778632306995117762e+00 8.046446582606575859e+00 -2.356779698267145395e+00 -6.176747331354786930e+00 -5.831057811083157461e+00 -4.493612362799288107e+00 8.335527674996304981e+00 7.199086064970460219e-01 -4.252143897859594901e+00 -5.000990698961565784e+00 -4.053841575916026230e+00 9.663344676170392944e+00 2.075987613291129463e+00 -3.496203839650244838e+00 -4.680847675021802878e+00 -3.832498231812683454e+00 8.589383133318250430e+00 -2.563104431441696196e-01 -4.682864920442595391e+00 -5.295887142876935627e+00 -4.434207561521867902e+00 8.101706983113578175e+00 1.693936834702089334e+00 -3.409224530178896817e+00 -4.689189367927466101e+00 -4.042243971183096640e+00 9.068544438948974218e+00 2.569875985173552202e+00 -2.895593274832167996e+00 -4.453056490584375915e+00
0.000000000000000000e+00 0.000000000000000000e+00 8.292859076282857345e+00 1.842966133036488685e+01 1.398449820470873384e+01 9.671610057333689170e+00 8.998299081091228890e-01 1.250167458202794180e+01 1.530986174751724782e+01 1.291427293577262247e+01 9.500912213660324568e+00 7.131566812054953575e-01 9.851396181492990678e+00 1.418375994976831578e+01 1.259194124839267914e+01 9.350259441773900448e+00 6.185317725173793413e-01 1.108123847974029452e+01 1.408533295108465744e+01 1.229606099326113444e+01 9.370126760217750927e+00 2.778870987228901912e-01 7.434128883018848555e+00 1.198891694193077484e+01 1.150544602150980111e+01 9.010704835103469534e+00 -1.018483682615184405e+00 6.158999961309076454e+00 1.139778664427926813e+01 1.134942911059818194e+01 8.917079928614214168e+00 -2.563104431441696196e-01 7.558721307549230772e+00 1.160838108995765694e+01 1.118502684429010863e+01 8.939750967641378665e+00 -7.569814919000072972e-01 5.390327546893890265e+00 1.032002331204800072e+01 1.066955435190881651e+01 8.673472367700787444e+00 -1.535984935509307148e+00 4.681510114097074293e+00 1.000032824676269883e+01 1.062283145143492291e+01
0.000000000000000000e+00 0.000000000000000000e+00 1.354221324899762280e+01 3.290499678497285174e+01 2.514621720502166724e+01 1.761763113439712569e+01 -2.878480095395972160e+00 2.010189680105987975e+01 2.659747369628535552e+01 2.291376906993813023e+01 1.721769869195859570e+01 -3.781451258154478356e+00 1.482376430439450665e+01 2.422959822338853186e+01 2.217282921473203317e+01 1.685268311492277959e+01 -3.056259728518242902e+00 1.801713894301938268e+01 2.468447630084932243e+01 2.201916029004267727e+01 1.717375036362257035e+01 -3.761586503240551771e+00 1.095297055397491626e+01 2.050508568122434738e+01 2.038026601861227505e+01 1.638978156092316851e+01 -6.375797560069689673e+00 8.353395144857572063e+00 1.922769839820794147e+01 1.998672106933124581e+01 1.614242037133985619e+01 -4.682864920442595391e+00 1.160838108995765694e+01 2.011389190584139541e+01 1.999949721176303186e+01 1.642274630088578391e+01 -5.216097961329626109e+00 7.361122445030122918e+00 1.751421657353623473e+01 1.890936575881084991e+01 1.582332242917704690e+01 -6.869315512408515012e+00 5.860331582356256952e+00 1.678005618623634376e+01 1.873027342982067367e+01
0.000000000000000000e+00 0.000000000000000000e+00 1.330544050449143612e+01 3.317474064937721323e+01 2.596571827506429386e+01 1.914290622237328421e+01 -3.473430554884452182e+00 1.961233575559799647e+01 2.659608269374667344e+01 2.352599282943556247e+01 1.859406334413557005e+01 -4.497910107007051295e+00 1.430406429887214870e+01 2.414424958876282190e+01 2.272410970635796446e+01 1.818362669702487722e+01 -3.633268188125490017e+00 1.756953795375758531e+01 2.464554230553850900e+01 2.255294632730224436e+01 1.844638645019009715e+01 -4.390210969413520736e+00 1.049467586976220268e+01 2.037703541311251954e+01 2.082627242602995210e+01 1.759306015562289360e+01 -7.005882427888386665e+00 7.887947477744946312e+00 1.907093353552706816e+01 2.041437875414747083e+01 1.733655517632328724e+01 -5.295887142876935627e+00 1.118502684429010863e+01 1.999949721176303186e+01 2.041874118569277030e+01 1.757008710750387692e+01 -5.771320490840896156e+00 6.943219846191728273e+00 1.736216211213124438e+01 1.929035926785041610e+01 1.694428615761714951e+01 -7.433384168001483161e+00 5.437727685448975556e+00 1.661945920874270044e+01 1.910818338196319388e+01
