0.000000000000000000e+00 0.000000000000000000e+00 0.000000000000000000e+00 0.000000000000000000e+00 0.000000000000000000e+00 0.000000000000000000e+00 0.000000000000000000e+00 0.000000000000000000e+00 0.000000000000000000e+00 0.000000000000000000e+00 0.000000000000000000e+00 0.000000000000000000e+00 0.000000000000000000e+00 0.000000000000000000e+00 0.000000000000000000e+00 0.000000000000000000e+00 0.000000000000000000e+00 0.000000000000000000e+00 0.000000000000000000e+00 0.000000000000000000e+00 0.000000000000000000e+00 0.000000000000000000e+00 0.000000000000000000e+00 0.000000000000000000e+00 0.000000000000000000e+00 0.000000000000000000e+00 0.000000000000000000e+00 0.000000000000000000e+00 0.000000000000000000e+00 0.000000000000000000e+00 0.000000000000000000e+00 0.000000000000000000e+00 0.000000000000000000e+00 0.000000000000000000e+00 0.000000000000000000e+00 0.000000000000000000e+00 0.000000000000000000e+00 0.000000000000000000e+00 0.000000000000000000e+00 0.000000000000000000e+00 0.000000000000000000e+00 0.000000000000000000e+00 0.000000000000000000e+00 0.000000000000000000e+00 0.000000000000000000e+00
0.000000000000000000e+00 5.201285870893978647e+00 5.960990946981851835e+00 2.680443957704890856e+00 1.306761961199026434e+00 1.859656433386633889e-01 4.105794190548609279e+00 5.591448801236966304e+00 2.964557017909370096e+00 1.351176513933192602e+00 1.595129004092005476e-01 3.533765263590566530e+00 5.341542203904933395e+00 3.065868311202136542e+00 1.355097798191479797e+00 1.436507184514185242e-01 3.367417686256662712e+00 5.208380452380024117e+00 2.971567898151491249e+00 1.390111225551773133e+00 1.641584920458403207e-01 2.748982456010232056e+00 4.614511486236214211e+00 2.994317751775458447e+00 1.363369792612300957e+00 9.242749267415845127e-02 2.272054693434144124e+00 4.446868374079504527e+00 3.005047754384306824e+00 1.349052143321200159e+00 3.859649460369853069e-02 3.105189737584558962e+00 4.665532920281509455e+00 2.962844032422371043e+00 1.386469513432398548e+00 1.324187250186949216e-01 2.151896503377645153e+00 4.196288694910214723e+00 2.927960713541865267e+00 1.350890120749511869e+00 3.498668724957008230e-02 1.808167363180345211e+00 4.099775847442142407e+00 2.923561054650207769e+00 1.329171102682561445e+00
0.000000000000000000e+00 5.960990946981851835e+00 9.595204897339288053e+00 3.195806727546662618e+00 9.735225404544428640e-01 -2.998446160435320751e-01 2.899256054266825977e+00 8.457906104148399606e+00 3.714664638247832773e+00 9.477095915142206284e-01 -4.683395536490554401e-01 1.478900678230363752e+00 7.665176804849302528e+00 3.840529437645405775e+00 8.851543751444604924e-01 -5.555819944585550507e-01 1.737853062534613136e+00 8.122497570503545816e+00 4.009182850992671021e+00 1.183613783560306443e+00 -3.967934931911469287e-01 9.777689306650168000e-01 6.674157980970358395e+00 3.979866541264410529e+00 1.051969995190273233e+00 -6.540828932532604112e-01 -3.326357431805054832e-01 6.137189571310349478e+00 3.916969786876916437e+00 9.675236361913189809e-01 -8.392730746553588306e-01 2.148349777241286063e+00 7.110973946342239671e+00 4.095252788574196501e+00 1.216519154475493858e+00 -4.811678406384762297e-01 5.454793487925031076e-02 5.960377150581826378e+00 3.944098258564872506e+00 1.078077762550806451e+00 -8.050190964378959313e-01 -9.608186087645272933e-01 5.589641145858571747e+00 3.847441772244560632e+00 9.780582250904883423e-01
0.000000000000000000e+00 2.680443957704890856e+00 3.195806727546662618e+00 2.434102815699743072e+00 1.891196151917854618e+00 9.655317346054398397e-01 2.423237789950119403e+00 2.963936818004138107e+00 2.468423787002981040e+00 1.919533985113365038e+00 1.010412330966165451e+00 2.211678033282495903e+00 2.900119858891349711e+00 2.502523144974952984e+00 1.939542170258615528e+00 1.026544030416858932e+00 2.096213225449622630e+00 2.616842323667280645e+00 2.311294546708964504e+00 1.838433979965195419e+00 9.885264295242214283e-01 1.623723083474545525e+00 2.423304486173933459e+00 2.300747696658950403e+00 1.844020512033205383e+00 1.003596077121531538e+00 1.565523673307783747e+00 2.415514317298226743e+00 2.328682123092309375e+00 1.860779059342680508e+00 1.010067828765101039e+00 1.615760460238083285e+00 2.336680970937527579e+00 2.216367574996944700e+00 1.794864212648994872e+00 9.839739904882601751e-01 1.373566080757821162e+00 2.213258802570448935e+00 2.209465655706547516e+00 1.801260812890630225e+00 9.924546223339323348e-01 1.361546256518052722e+00 2.234726602350391111e+00 2.241843442521743945e+00 1.818954202061573211e+00
0.000000000000000000e+00 1.306761961199026434e+00 9.735225404544428640e-01 1.891196151917854618e+00 1.948542235152968649e+00 1.306500176338749597e+00 1.772025069333291736e+00 9.833795518033836558e-01 1.766964028891135463e+00 1.968478028654634393e+00 1.395376768908408671e+00 1.913185468834565084e+00 1.109237617844936574e+00 1.762324251587094492e+00 2.000977649899651656e+00 1.433679518820805576e+00 1.726924662563416479e+00 6.981336199139148713e-01 1.515488979777539269e+00 1.813143871658637662e+00 1.351788691049614410e+00 1.425653614305216754e+00 8.531562210587541051e-01 1.499637157174066093e+00 1.845568145702664253e+00 1.430690452293635895e+00 1.696070512583230938e+00 9.796790496372158596e-01 1.543183755983402516e+00 1.884147348982732506e+00 1.483436493659298971e+00 1.124948145341081895e+00 6.530447387835511819e-01 1.381224490774661140e+00 1.749649105953902550e+00 1.365834655377674567e+00 1.400434875930124834e+00 8.112517091322249962e-01 1.405918003679462069e+00 1.788043995689699184e+00 1.454673562766430672e+00 1.646172580223596693e+00 9.277157740872656877e-01 1.464765777366926258e+00 1.832941335646723013e+00
0.000000000000000000e+00 1.859656433386633889e-01 -2.998446160435320751e-01 9.655317346054398397e-01 1.306500176338749597e+00 1.098134806769356375e+00 7.059339314693727774e-01 -2.242147456235324410e-01 8.068944451351512948e-01 1.297193906079193493e+00 1.161982720525185364e+00 9.295912425870632712e-01 -8.420715161302291807e-02 7.814025366627831426e-01 1.315637591483153512e+00 1.190615871131919468e+00 7.941998827813505635e-01 -3.648763022349480467e-01 6.181602504543504129e-01 1.171112242832870187e+00 1.126515279055093632e+00 6.983841181240423301e-01 -1.466988280094742580e-01 5.964847765576335448e-01 1.193013197198580233e+00 1.192438256289146903e+00 9.811070068939989897e-01 -2.346033830469233111e-02 6.257120776763547276e-01 1.222723667560569938e+00 1.238544761242007963e+00 4.157702428672095385e-01 -3.030646407502484707e-01 5.160809451976544615e-01 1.118597960848408457e+00 1.138542450033164233e+00 7.762777454052597337e-01 -1.057925831250423748e-01 5.371166195227510265e-01 1.149452125458983121e+00 1.216642675747777957e+00 1.017847752663218364e+00 -2.530740667516563798e-03 5.810931612921887979e-01 1.186235801482998342e+00
0.000000000000000000e+00 4.105794190548609279e+00 2.899256054266825977e+00 2.423237789950119403e+00 1.772025069333291736e+00 7.059339314693727774e-01 5.056955531148379812e+00 3.158424222163148887e+00 2.511213078654495945e+00 1.889502310280468667e+00 8.091559070505319751e-01 5.199237699061382223e+00 3.366042830341443803e+00 2.589459676994025905e+00 1.953449513064766885e+00 8.558812449164777680e-01 4.700199241158123264e+00 2.723489651117524168e+00 2.265067790090696143e+00 1.760456923772199866e+00 7.633724974619379156e-01 4.156229787617879978e+00 2.864858257023222166e+00 2.329530612715572158e+00 1.828285732922029894e+00 8.526129894644138840e-01 4.410909673663115704e+00 3.015343394994670412e+00 2.402216173130528265e+00 1.874952021281351966e+00 9.101756378480987397e-01 3.782757472816310695e+00 2.581580265746929115e+00 2.170629027961600954e+00 1.728700965819152779e+00 7.819173376767472039e-01 3.841179581795968190e+00 2.704252609071790214e+00 2.234398511784056129e+00 1.784240847285876841e+00 8.782294679494634382e-01 4.082527108548162253e+00 2.844066458376630635e+00 2.308999853273018932e+00 1.829763138147566970e+00
0.000000000000000000e+00 5.591448801236966304e+00 8.457906104148399606e+00 2.963936818004138107e+00 9.833795518033836558e-01 -2.242147456235324410e-01 3.158424222163148887e+00 7.564692989953084812e+00 3.425812096564871290e+00 9.844632543820639459e-01 -3.520002349293045452e-01 1.977019456274900167e+00 6.932707395251714644e+00 3.547429609845394793e+00 9.427192141230049671e-01 -4.187013686976694959e-01 2.129785602744675543e+00 7.223419397216259696e+00 3.643817885373751508e+00 1.168245036232775869e+00 -2.982237281446443733e-01 1.409759047259831810e+00 6.029800988393149375e+00 3.635096072496426078e+00 1.070116444512415832e+00 -5.015785008276707480e-01 3.426207886453226936e-01 5.599774224250580801e+00 3.594032664178466785e+00 1.006134395296777839e+00 -6.489231791945426764e-01 2.340699907185142425e+00 6.356054759869384618e+00 3.709193806654059511e+00 1.195068375146262074e+00 -3.662202655117026140e-01 5.884651047301479032e-01 5.406855551885798583e+00 3.595211001089738012e+00 1.088281169097853551e+00 -6.244392042587213476e-01 -2.330123323090461107e-01 5.115047598905323234e+00 3.524989835781473069e+00 1.010517961296676370e+00
0.000000000000000000e+00 2.964557017909370096e+00 3.714664638247832773e+00 2.468423787002981040e+00 1.766964028891135463e+00 8.068944451351512948e-01 2.511213078654495945e+00 3.425812096564871290e+00 2.553126951877168427e+00 1.797649006434842933e+00 8.356962661597795439e-01 2.202051273566009826e+00 3.308370125603932621e+00 2.598638514365665841e+00 1.813282926643190462e+00 8.442887716415057309e-01 2.113909475808685379e+00 3.077553613675519717e+00 2.433835823022562295e+00 1.743808249449768200e+00 8.208505784307137398e-01 1.612227543861548096e+00 2.788381421854543962e+00 2.427176028975233990e+00 1.741630289354189287e+00 8.156500211054473759e-01 1.457066118604779081e+00 2.740162744998295263e+00 2.449377399752016071e+00 1.751101350540108292e+00 8.077099946625442284e-01 1.692713325731376228e+00 2.740384511553183078e+00 2.357202615943045476e+00 1.709179262774455754e+00 8.105029907490313157e-01 1.305233259641148225e+00 2.537604727406131744e+00 2.342042408829425160e+00 1.706000741941229082e+00 7.940151953320108147e-01 1.215124274204304022e+00 2.529070242799876134e+00 2.364894802212190950e+00 1.714611165295780726e+00
0.000000000000000000e+00 1.351176513933192602e+00 9.477095915142206284e-01 1.919533985113365038e+00 1.968478028654634393e+00 1.297193906079193493e+00 1.889502310280468667e+00 9.844632543820639459e-01 1.797649006434842933e+00 1.997109446374949471e+00 1.392763649768603562e+00 2.047954346027895056e+00 1.127850859807911110e+00 1.795974635370874983e+00 2.033972572631481235e+00 1.434292184613995769e+00 1.846619082191375716e+00 6.863466560250364168e-01 1.534281959634756554e+00 1.835384574744441943e+00 1.346791730110464380e+00 1.530950970678117251e+00 8.652410873687533810e-01 1.523504137040897044e+00 1.873779215564068013e+00 1.433074051012468431e+00 1.827761973320801037e+00 1.003999427942549483e+00 1.571037478723761316e+00 1.915504258980954111e+00 1.490690674942262373e+00 1.200820689347396053e+00 6.487534205091302075e-01 1.397231772521168480e+00 1.772052546218800595e+00 1.363172530983316699e+00 1.508138456127394944e+00 8.263897763243480687e-01 1.427584595654822541e+00 1.815329818743134815e+00 1.460462124813722395e+00 1.775799824336682597e+00 9.527143676973952591e-01 1.490608968457645345e+00 1.863240732581934456e+00
0.000000000000000000e+00 1.595129004092005476e-01 -4.683395536490554401e-01 1.010412330966165451e+00 1.395376768908408671e+00 1.161982720525185364e+00 8.091559070505319751e-01 -3.520002349293045452e-01 8.356962661597795439e-01 1.392763649768603562e+00 1.238146449481408728e+00 1.081150535444870275e+00 -1.781824572462134548e-01 8.090763493555341856e-01 1.416788647239648036e+00 1.272592052986591948e+00 9.215865262639590938e-01 -5.073010552827317277e-01 6.209353737018928898e-01 1.249997392351775982e+00 1.197591135667604334e+00 8.180980257134568001e-01 -2.360881858845697567e-01 6.021712416478004481e-01 1.279872234010133392e+00 1.277597713159563497e+00 1.157791131538450591e+00 -8.766665568077824933e-02 6.373395236658606633e-01 1.315191577476596985e+00 1.333368817978598964e+00 4.783130204641763417e-01 -4.215785544618529945e-01 5.086365192067215935e-01 1.193656915509148986e+00 1.213639305456964745e+00 9.155161154905673282e-01 -1.801744986099901025e-01 5.375219847078552826e-01 1.232258753837659482e+00 1.308416032238589599e+00 1.204025052775139493e+00 -5.724561256667809461e-02 5.890201108995537504e-01 1.275228717912728182e+00
0.000000000000000000e+00 3.533765263590566530e+00 1.478900678230363752e+00 2.211678033282495903e+00 1.913185468834565084e+00 9.295912425870632712e-01 5.199237699061382223e+00 1.977019456274900167e+00 2.202051273566009826e+00 2.047954346027895056e+00 1.081150535444870275e+00 5.644401197413085214e+00 2.365213362099898298e+00 2.264774289029498178e+00 2.132468299700185366e+00 1.151883770489697811e+00 5.022499049163904772e+00 1.540412435018390980e+00 1.856352557991179486e+00 1.848948993634617288e+00 1.012960649064144292e+00 4.557509726386181903e+00 1.981171906355372769e+00 1.931942274831096595e+00 1.950469602803919233e+00 1.165284100841070591e+00 5.106034049416521725e+00 2.258560546066765262e+00 2.027441604778779993e+00 2.020745908438361216e+00 1.267450187373621251e+00 3.902531782884520073e+00 1.571542514562405124e+00 1.725916683429562504e+00 1.802297778885787238e+00 1.049595444498166996e+00 4.381851840520361030e+00 1.935915820404919163e+00 1.826532596124252450e+00 1.892229911996289093e+00 1.223010531587750860e+00 4.857149379244786402e+00 2.169040081101117234e+00 1.931565334540569889e+00 1.964719855675394200e+00
0.000000000000000000e+00 5.341542203904933395e+00 7.665176804849302528e+00 2.900119858891349711e+00 1.109237617844936574e+00 -8.420715161302291807e-02 3.366042830341443803e+00 6.932707395251714644e+00 3.308370125603932621e+00 1.127850859807911110e+00 -1.781824572462134548e-01 2.365213362099898298e+00 6.418863520913257403e+00 3.424286420361196459e+00 1.101860986390480912e+00 -2.282887093099536246e-01 2.436061345402886325e+00 6.573497507882911428e+00 3.456574749730118690e+00 1.264682916953797642e+00 -1.394105084226338886e-01 1.737146113426680127e+00 5.568925467634318061e+00 3.458729656917634454e+00 1.191049881040920910e+00 -3.002730215011755188e-01 8.592705666551025967e-01 5.221721231684523623e+00 3.434771707617792824e+00 1.143563733983242292e+00 -4.179217511862461376e-01 2.482247360344494336e+00 5.807156809270485276e+00 3.497588607926735094e+00 1.282374319796364626e+00 -1.950940810038633566e-01 9.939886700959514876e-01 5.010802113493737941e+00 3.409824312633305432e+00 1.199633377804131262e+00 -4.019461340656594328e-01 3.248721155261330984e-01 4.781246755674651183e+00 3.361297506174576899e+00 1.140215866972136283e+00
0.000000000000000000e+00 3.065868311202136542e+00 3.840529437645405775e+00 2.502523144974952984e+00 1.762324251587094492e+00 7.814025366627831426e-01 2.589459676994025905e+00 3.547429609845394793e+00 2.598638514365665841e+00 1.795974635370874983e+00 8.090763493555341856e-01 2.264774289029498178e+00 3.424286420361196459e+00 2.647959449594516457e+00 1.812193777798754235e+00 8.172191930085905831e-01 2.175939319449053055e+00 3.192272424417321286e+00 2.482023355516167928e+00 1.744662688846133181e+00 7.943330985104661845e-01 1.661711407170079591e+00 2.889567697885197628e+00 2.477966778369597112e+00 1.742716316388067010e+00 7.872910537540789289e-01 1.494210931501664286e+00 2.836942483960724015e+00 2.500673992684188995e+00 1.751891169584461228e+00 7.779739402929811698e-01 1.751481032503889645e+00 2.843611904429552695e+00 2.407594972682757906e+00 1.711288157181547476e+00 7.832023856038849985e-01 1.341869931767301738e+00 2.629678031824832285e+00 2.392695137907366654e+00 1.707743990389190447e+00 7.642415935363005008e-01 1.242229444779362924e+00 2.618347581570469096e+00 2.415331063670928646e+00 1.715693445643501791e+00
0.000000000000000000e+00 1.355097798191479797e+00 8.851543751444604924e-01 1.939542170258615528e+00 2.000977649899651656e+00 1.315637591483153512e+00 1.953449513064766885e+00 9.427192141230049671e-01 1.813282926643190462e+00 2.033972572631481235e+00 1.416788647239648036e+00 2.132468299700185366e+00 1.101860986390480912e+00 1.812193777798754235e+00 2.073839477831372236e+00 1.461051061658673156e+00 1.919246628688219047e+00 6.366637950621866215e-01 1.538336555455551258e+00 1.864927547723689072e+00 1.368167953676331372e+00 1.598339696003284516e+00 8.392489128095941275e-01 1.530051295871143413e+00 1.907531941224854144e+00 1.460939734919066257e+00 1.920564872274723944e+00 9.894679754372962543e-01 1.580678420250841709e+00 1.951992581769248281e+00 1.523015767348852023e+00 1.242027617954043706e+00 6.089935548180165359e-01 1.397342950340967782e+00 1.800299681731418300e+00 1.386256845031972995e+00 1.582761321394123843e+00 8.061787027896240021e-01 1.431898961483142330e+00 1.847466364710754982e+00 1.491202670144351705e+00 1.871333789789133561e+00 9.415254257449626740e-01 1.498556367970850900e+00 1.898275616514277564e+00
0.000000000000000000e+00 1.436507184514185242e-01 -5.555819944585550507e-01 1.026544030416858932e+00 1.433679518820805576e+00 1.190615871131919468e+00 8.558812449164777680e-01 -4.187013686976694959e-01 8.442887716415057309e-01 1.434292184613995769e+00 1.272592052986591948e+00 1.151883770489697811e+00 -2.282887093099536246e-01 8.172191930085905831e-01 1.461051061658673156e+00 1.309871762870983058e+00 9.808247160905270157e-01 -5.802526729651548143e-01 6.172979861998980633e-01 1.283498973411214550e+00 1.229260305895008232e+00 8.749614331520609856e-01 -2.828838762911413673e-01 6.001715603029328383e-01 1.317304893435687241e+00 1.316125018192728424e+00 1.242243396003370082e+00 -1.222271549355919973e-01 6.382470407376495958e-01 1.355378500655044505e+00 1.376658264056658254e+00 5.076532667755965234e-01 -4.822897482217281540e-01 5.003771034235583448e-01 1.225374941863531575e+00 1.247104492265981524e+00 9.823419949673102280e-01 -2.192401168895067864e-01 5.332101009329114349e-01 1.267798018782685610e+00 1.350049518421573280e+00 1.293480740060599876e+00 -8.682249720643933633e-02 5.883420873023592623e-01 1.313799263544503049e+00
0.000000000000000000e+00 3.367417686256662712e+00 1.737853062534613136e+00 2.096213225449622630e+00 1.726924662563416479e+00 7.941998827813505635e-01 4.700199241158123264e+00 2.129785602744675543e+00 2.113909475808685379e+00 1.846619082191375716e+00 9.215865262639590938e-01 5.022499049163904772e+00 2.436061345402886325e+00 2.175939319449053055e+00 1.919246628688219047e+00 9.808247160905270157e-01 4.498299351664426737e+00 1.733101014039628796e+00 1.824130046183408238e+00 1.682272198282444675e+00 8.638499966770468719e-01 4.043687649579916332e+00 2.057082531043476603e+00 1.891491020156915503e+00 1.767100589266638710e+00 9.882719324833693086e-01 4.464455691107247048e+00 2.276554994494469408e+00 1.973269424116695259e+00 1.825672445437653613e+00 1.071252525296340963e+00 3.522618399755495844e+00 1.717171187819009237e+00 1.715134188192280140e+00 1.643611847963126094e+00 8.926998265041709013e-01 3.847603228741210746e+00 1.986468331994070136e+00 1.798213764424519079e+00 1.717424978555356141e+00 1.033024782887821846e+00 4.218153603792524464e+00 2.174439093455899030e+00 1.886538559509805868e+00 1.777110700292138912e+00
0.000000000000000000e+00 5.208380452380024117e+00 8.122497570503545816e+00 2.616842323667280645e+00 6.981336199139148713e-01 -3.648763022349480467e-01 2.723489651117524168e+00 7.223419397216259696e+00 3.077553613675519717e+00 6.863466560250364168e-01 -5.073010552827317277e-01 1.540412435018390980e+00 6.573497507882911428e+00 3.192272424417321286e+00 6.366637950621866215e-01 -5.802526729651548143e-01 1.733101014039628796e+00 6.948309510080974860e+00 3.336917165847069988e+00 8.923869962134046707e-01 -4.474263052713515210e-01 1.086021120411956531e+00 5.743097704526165970e+00 3.324384353179711038e+00 7.860438602550582354e-01 -6.626474604222244436e-01 -1.750275334001508143e-02 5.294765485551162776e+00 3.273940163675782333e+00 7.153443681529915166e-01 -8.174086562584766957e-01 2.064352043858405317e+00 6.106211529176983177e+00 3.421658808473505786e+00 9.265495157966785467e-01 -5.179397348377297039e-01 2.873365082324417785e-01 5.142253375665988280e+00 3.300942718542338561e+00 8.122015930518619031e-01 -7.887595168520451505e-01 -5.689686286440678309e-01 4.831798465950085664e+00 3.219950242391047102e+00 7.274633999638339121e-01
0.000000000000000000e+00 2.971567898151491249e+00 4.009182850992671021e+00 2.311294546708964504e+00 1.515488979777539269e+00 6.181602504543504129e-01 2.265067790090696143e+00 3.643817885373751508e+00 2.433835823022562295e+00 1.534281959634756554e+00 6.209353737018928898e-01 1.856352557991179486e+00 3.456574749730118690e+00 2.482023355516167928e+00 1.538336555455551258e+00 6.172979861998980633e-01 1.824130046183408238e+00 3.336917165847069988e+00 2.376403879994132051e+00 1.520206853389320711e+00 6.181087485908042245e-01 1.342259600054501067e+00 2.940070985056697506e+00 2.365515120119177972e+00 1.502013205983770971e+00 5.836794057083017906e-01 1.065318486685466803e+00 2.838029934252487507e+00 2.374360793109983714e+00 1.499070835853665296e+00 5.556269599618365307e-01 1.545253449442620219e+00 2.956694742298131118e+00 2.326152741496642307e+00 1.496626103488499115e+00 6.002065838972681089e-01 9.960099226747692880e-01 2.662663043061976875e+00 2.295049869449079072e+00 1.477134895533964709e+00 5.491402621386541894e-01 8.049309460048096332e-01 2.611135471227099991e+00 2.300695219691080595e+00 1.471814406131172870e+00
0.000000000000000000e+00 1.390111225551773133e+00 1.183613783560306443e+00 1.838433979965195419e+00 1.813143871658637662e+00 1.171112242832870187e+00 1.760456923772199866e+00 1.168245036232775869e+00 1.743808249449768200e+00 1.835384574744441943e+00 1.249997392351775982e+00 1.848948993634617288e+00 1.264682916953797642e+00 1.744662688846133181e+00 1.864927547723689072e+00 1.283498973411214550e+00 1.682272198282444675e+00 8.923869962134046707e-01 1.520206853389320711e+00 1.700209767544715200e+00 1.212671532928724982e+00 1.372266471665811727e+00 9.971453421991315347e-01 1.506879787468044407e+00 1.728299449206533556e+00 1.279580302883157605e+00 1.587812508680769064e+00 1.100006391048858223e+00 1.545808582146727339e+00 1.761806746683098224e+00 1.323678022936821908e+00 1.122515586898364726e+00 8.221358103454091681e-01 1.400024987087137074e+00 1.644441101649092740e+00 1.224434781861889920e+00 1.319321944261176105e+00 9.373559053174767008e-01 1.419806701407178906e+00 1.676970638020377047e+00 1.298586504132441588e+00 1.520068242662516278e+00 1.035387481190217285e+00 1.471640351305913752e+00 1.715559726461179046e+00
0.000000000000000000e+00 1.641584920458403207e-01 -3.967934931911469287e-01 9.885264295242214283e-01 1.351788691049614410e+00 1.126515279055093632e+00 7.633724974619379156e-01 -2.982237281446443733e-01 8.208505784307137398e-01 1.346791730110464380e+00 1.197591135667604334e+00 1.012960649064144292e+00 -1.394105084226338886e-01 7.943330985104661845e-01 1.368167953676331372e+00 1.229260305895008232e+00 8.638499966770468719e-01 -4.474263052713515210e-01 6.181087485908042245e-01 1.212671532928724982e+00 1.161219295152147613e+00 7.608443720104913766e-01 -1.997853044091911501e-01 5.976534214011657298e-01 1.238901994526521166e+00 1.234788074346691022e+00 1.075718836033546788e+00 -6.263073541011664191e-02 6.298056224365146116e-01 1.271342883721000572e+00 1.285884151089876193e+00 4.454937472138361665e-01 -3.724936114847969826e-01 5.104012369658791348e-01 1.158661371175456756e+00 1.176441464839595996e+00 8.487846699629283398e-01 -1.507319311437327058e-01 5.354331174978047558e-01 1.193521509696884975e+00 1.263432788759378145e+00 1.116977267034821697e+00 -3.660660415782535787e-02 5.832416913976173900e-01 1.233288360518467464e+00
0.000000000000000000e+00 2.748982456010232056e+00 9.777689306650168000e-01 1.623723083474545525e+00 1.425653614305216754e+00 6.983841181240423301e-01 4.156229787617879978e+00 1.409759047259831810e+00 1.612227543861548096e+00 1.530950970678117251e+00 8.180980257134568001e-01 4.557509726386181903e+00 1.737146113426680127e+00 1.661711407170079591e+00 1.598339696003284516e+00 8.749614331520609856e-01 4.043687649579916332e+00 1.086021120411956531e+00 1.342259600054501067e+00 1.372266471665811727e+00 7.608443720104913766e-01 3.722003694740849689e+00 1.467670770640612465e+00 1.405955456226499312e+00 1.454290654840337593e+00 8.844758834419654825e-01 4.176705005128096282e+00 1.697727206923779431e+00 1.482699417679690823e+00 1.510924006658408425e+00 9.682266158018976165e-01 3.185954650967708801e+00 1.139005029209437359e+00 1.243703170741315756e+00 1.335923125423196467e+00 7.894718247023407853e-01 3.596610179982291822e+00 1.450471133575504945e+00 1.327331888705095553e+00 1.408944090249560688e+00 9.312859330439892114e-01 3.985841075340200490e+00 1.640731888668566674e+00 1.411330421061822715e+00 1.467526682299327589e+00
0.000000000000000000e+00 4.614511486236214211e+00 6.674157980970358395e+00 2.423304486173933459e+00 8.531562210587541051e-01 -1.466988280094742580e-01 2.864858257023222166e+00 6.029800988393149375e+00 2.788381421854543962e+00 8.652410873687533810e-01 -2.360881858845697567e-01 1.981171906355372769e+00 5.568925467634318061e+00 2.889567697885197628e+00 8.392489128095941275e-01 -2.828838762911413673e-01 2.057082531043476603e+00 5.743097704526165970e+00 2.940070985056697506e+00 9.971453421991315347e-01 -1.997853044091911501e-01 1.467670770640612465e+00 4.849565393562370375e+00 2.942253914231780065e+00 9.288758556814769030e-01 -3.469396414845286603e-01 6.718459022289479110e-01 4.534205731067959100e+00 2.917305026592256656e+00 8.839781910167134882e-01 -4.539222214268068822e-01 2.149170773097360598e+00 5.076895508525482548e+00 2.987041656902397424e+00 1.016812620354070607e+00 -2.503627279859951815e-01 8.134090900152527448e-01 4.364992749396524374e+00 2.907183809997953894e+00 9.404102462651386940e-01 -4.384527212898136073e-01 2.033933655436691579e-01 4.153261285542383163e+00 2.859448338273022472e+00 8.846990463509387670e-01
0.000000000000000000e+00 2.994317751775458447e+00 3.979866541264410529e+00 2.300747696658950403e+00 1.499637157174066093e+00 5.964847765576335448e-01 2.329530612715572158e+00 3.635096072496426078e+00 2.427176028975233990e+00 1.523504137040897044e+00 6.021712416478004481e-01 1.931942274831096595e+00 3.458729656917634454e+00 2.477966778369597112e+00 1.530051295871143413e+00 6.001715603029328383e-01 1.891491020156915503e+00 3.324384353179711038e+00 2.365515120119177972e+00 1.506879787468044407e+00 5.976534214011657298e-01 1.405955456226499312e+00 2.942253914231780065e+00 2.359027999212423232e+00 1.492250753190533130e+00 5.670723432548168130e-01 1.142659449129198590e+00 2.846920876257326150e+00 2.370291943574681426e+00 1.491023848810717922e+00 5.416839749637024637e-01 1.593770765847239312e+00 2.950610897236072727e+00 2.315796517191938797e+00 1.484063031511603015e+00 5.807312799247225099e-01 1.061490390837096953e+00 2.667791554337781257e+00 2.288687994689863725e+00 1.467422453814340555e+00 5.342063131960385070e-01 8.813123228468840997e-01 2.621399144094923361e+00 2.296551754130049083e+00 1.463677630307511413e+00
0.000000000000000000e+00 1.363369792612300957e+00 1.051969995190273233e+00 1.844020512033205383e+00 1.845568145702664253e+00 1.193013197198580233e+00 1.828285732922029894e+00 1.070116444512415832e+00 1.741630289354189287e+00 1.873779215564068013e+00 1.279872234010133392e+00 1.950469602803919233e+00 1.191049881040920910e+00 1.742716316388067010e+00 1.907531941224854144e+00 1.317304893435687241e+00 1.767100589266638710e+00 7.860438602550582354e-01 1.502013205983770971e+00 1.728299449206533556e+00 1.238901994526521166e+00 1.454290654840337593e+00 9.288758556814769030e-01 1.492250753190533130e+00 1.762552276951348862e+00 1.315431217853977319e+00 1.709236356322680450e+00 1.049211010601178939e+00 1.535470377191936242e+00 1.799973809652641643e+00 1.366170699567334390e+00 1.164764379331537647e+00 7.339609630402498253e-01 1.376632713664327046e+00 1.670910132612331456e+00 1.253347303015514891e+00 1.415270680676099069e+00 8.802622224865251921e-01 1.402688675208258795e+00 1.709168849565661619e+00 1.338949595014017113e+00 1.648063973698059348e+00 9.917534095890363499e-01 1.459637575185594782e+00 1.751935358944776588e+00
0.000000000000000000e+00 9.242749267415845127e-02 -6.540828932532604112e-01 1.003596077121531538e+00 1.430690452293635895e+00 1.192438256289146903e+00 8.526129894644138840e-01 -5.015785008276707480e-01 8.156500211054473759e-01 1.433074051012468431e+00 1.277597713159563497e+00 1.165284100841070591e+00 -3.002730215011755188e-01 7.872910537540789289e-01 1.460939734919066257e+00 1.316125018192728424e+00 9.882719324833693086e-01 -6.626474604222244436e-01 5.836794057083017906e-01 1.279580302883157605e+00 1.234788074346691022e+00 8.844758834419654825e-01 -3.469396414845286603e-01 5.670723432548168130e-01 1.315431217853977319e+00 1.325326226218112247e+00 1.269672408751828296e+00 -1.788683936394800389e-01 6.061196566741308134e-01 1.354538046785802807e+00 1.388229922692664209e+00 4.997633496959610344e-01 -5.537310194723953360e-01 4.650937392118718039e-01 1.221415477690128926e+00 1.254681162612271361e+00 1.000344580390310600e+00 -2.760220910688815366e-01 4.999287151077604907e-01 1.265682034477215279e+00 1.361998857749255665e+00 1.325866625040463598e+00 -1.382179519468924311e-01 5.564750916651656221e-01 1.312832996414469822e+00
0.000000000000000000e+00 2.272054693434144124e+00 -3.326357431805054832e-01 1.565523673307783747e+00 1.696070512583230938e+00 9.811070068939989897e-01 4.410909673663115704e+00 3.426207886453226936e-01 1.457066118604779081e+00 1.827761973320801037e+00 1.157791131538450591e+00 5.106034049416521725e+00 8.592705666551025967e-01 1.494210931501664286e+00 1.920564872274723944e+00 1.242243396003370082e+00 4.464455691107247048e+00 -1.750275334001508143e-02 1.065318486685466803e+00 1.587812508680769064e+00 1.075718836033546788e+00 4.176705005128096282e+00 6.718459022289479110e-01 1.142659449129198590e+00 1.709236356322680450e+00 1.269672408751828296e+00 4.947481690628913853e+00 1.038366930051553449e+00 1.247154130644284820e+00 1.793323861325971436e+00 1.402385325003358663e+00 3.332210824161189855e+00 1.973650784485300458e-01 9.209268396753936825e-01 1.533823747639971646e+00 1.124740935615175630e+00 4.188039278442619029e+00 7.606400365773942074e-01 1.045792913320067630e+00 1.646245588979691643e+00 1.351338947760208020e+00 4.832269357964939616e+00 1.054191428093619320e+00 1.166006734320959914e+00 1.735664432398035029e+00
0.000000000000000000e+00 4.446868374079504527e+00 6.137189571310349478e+00 2.415514317298226743e+00 9.796790496372158596e-01 -2.346033830469233111e-02 3.015343394994670412e+00 5.599774224250580801e+00 2.740162744998295263e+00 1.003999427942549483e+00 -8.766665568077824933e-02 2.258560546066765262e+00 5.221721231684523623e+00 2.836942483960724015e+00 9.894679754372962543e-01 -1.222271549355919973e-01 2.276554994494469408e+00 5.294765485551162776e+00 2.838029934252487507e+00 1.100006391048858223e+00 -6.263073541011664191e-02 1.697727206923779431e+00 4.534205731067959100e+00 2.846920876257326150e+00 1.049211010601178939e+00 -1.788683936394800389e-01 1.038366930051553449e+00 4.278403510019663791e+00 2.834557891145863096e+00 1.016502367451196154e+00 -2.643094717678730610e-01 2.245222369180432054e+00 4.697119200350902801e+00 2.864948826859196718e+00 1.111854837261524231e+00 -1.044393281132255658e-01 1.099442475516086093e+00 4.093935458765096236e+00 2.803457701978965044e+00 1.052821235528773602e+00 -2.553062281670644973e-01 5.997854659685822876e-01 3.927439268440179543e+00 2.771881142191011005e+00 1.010736644690556574e+00
0.000000000000000000e+00 3.005047754384306824e+00 3.916969786876916437e+00 2.328682123092309375e+00 1.543183755983402516e+00 6.257120776763547276e-01 2.402216173130528265e+00 3.594032664178466785e+00 2.449377399752016071e+00 1.571037478723761316e+00 6.373395236658606633e-01 2.027441604778779993e+00 3.434771707617792824e+00 2.500673992684188995e+00 1.580678420250841709e+00 6.382470407376495958e-01 1.973269424116695259e+00 3.273940163675782333e+00 2.374360793109983714e+00 1.545808582146727339e+00 6.298056224365146116e-01 1.482699417679690823e+00 2.917305026592256656e+00 2.370291943574681426e+00 1.535470377191936242e+00 6.061196566741308134e-01 1.247154130644284820e+00 2.834557891145863096e+00 2.385012796504412336e+00 1.537241865775569538e+00 5.854988080782634885e-01 1.642059004553060975e+00 2.910427711791185867e+00 2.319779354323898701e+00 1.521070021996453914e+00 6.145820483312710580e-01 1.146086072388886379e+00 2.648767357863306859e+00 2.297151676929257480e+00 1.508546553177164240e+00 5.762187835473330244e-01 9.887760488107145695e-01 2.612369675440583627e+00 2.309125609244135902e+00 1.508045968819968330e+00
0.000000000000000000e+00 1.349052143321200159e+00 9.675236361913189809e-01 1.860779059342680508e+00 1.884147348982732506e+00 1.222723667560569938e+00 1.874952021281351966e+00 1.006134395296777839e+00 1.751101350540108292e+00 1.915504258980954111e+00 1.315191577476596985e+00 2.020745908438361216e+00 1.143563733983242292e+00 1.751891169584461228e+00 1.951992581769248281e+00 1.355378500655044505e+00 1.825672445437653613e+00 7.153443681529915166e-01 1.499070835853665296e+00 1.761806746683098224e+00 1.271342883721000572e+00 1.510924006658408425e+00 8.839781910167134882e-01 1.491023848810717922e+00 1.799973809652641643e+00 1.354538046785802807e+00 1.793323861325971436e+00 1.016502367451196154e+00 1.537241865775569538e+00 1.840191752647210910e+00 1.409919961048298864e+00 1.193966212871539589e+00 6.750663542235413317e-01 1.368989948982336502e+00 1.702511050742392618e+00 1.287441717475604097e+00 1.481818285031155868e+00 8.427606349572742683e-01 1.399060016056973499e+00 1.744619809761922768e+00 1.380999078479873132e+00 1.737083549528087190e+00 9.637572063342481066e-01 1.459730631615735241e+00 1.790466173786111836e+00
0.000000000000000000e+00 3.859649460369853069e-02 -8.392730746553588306e-01 1.010067828765101039e+00 1.483436493659298971e+00 1.238544761242007963e+00 9.101756378480987397e-01 -6.489231791945426764e-01 8.077099946625442284e-01 1.490690674942262373e+00 1.333368817978598964e+00 1.267450187373621251e+00 -4.179217511862461376e-01 7.779739402929811698e-01 1.523015767348852023e+00 1.376658264056658254e+00 1.071252525296340963e+00 -8.174086562584766957e-01 5.556269599618365307e-01 1.323678022936821908e+00 1.285884151089876193e+00 9.682266158018976165e-01 -4.539222214268068822e-01 5.416839749637024637e-01 1.366170699567334390e+00 1.388229922692664209e+00 1.402385325003358663e+00 -2.643094717678730610e-01 5.854988080782634885e-01 1.409919961048298864e+00 1.459396306120086306e+00 5.354568745230970928e-01 -6.842050527912374447e-01 4.295965646623078338e-01 1.262576984098585875e+00 1.308916820271952330e+00 1.104119895078049307e+00 -3.672958711572698598e-01 4.712649442047573967e-01 1.313379914744180699e+00 1.430425971524323714e+00 1.469491877318599427e+00 -2.130531557731068781e-01 5.338602363518120120e-01 1.365690223192390196e+00
0.000000000000000000e+00 3.105189737584558962e+00 2.148349777241286063e+00 1.615760460238083285e+00 1.124948145341081895e+00 4.157702428672095385e-01 3.782757472816310695e+00 2.340699907185142425e+00 1.692713325731376228e+00 1.200820689347396053e+00 4.783130204641763417e-01 3.902531782884520073e+00 2.482247360344494336e+00 1.751481032503889645e+00 1.242027617954043706e+00 5.076532667755965234e-01 3.522618399755495844e+00 2.064352043858405317e+00 1.545253449442620219e+00 1.122515586898364726e+00 4.454937472138361665e-01 3.185954650967708801e+00 2.149170773097360598e+00 1.593770765847239312e+00 1.164764379331537647e+00 4.997633496959610344e-01 3.332210824161189855e+00 2.245222369180432054e+00 1.642059004553060975e+00 1.193966212871539589e+00 5.354568745230970928e-01 2.954912384566509509e+00 1.967401243506116781e+00 1.492588151366344151e+00 1.103325846078687444e+00 4.539384428541398675e-01 2.938930665450337987e+00 2.035715192078078051e+00 1.534952115508597892e+00 1.137087074170040957e+00 5.125279736205409220e-01 3.078410405915237735e+00 2.123781416537786626e+00 1.582427031918429927e+00 1.165132122365158729e+00
0.000000000000000000e+00 4.665532920281509455e+00 7.110973946342239671e+00 2.336680970937527579e+00 6.530447387835511819e-01 -3.030646407502484707e-01 2.581580265746929115e+00 6.356054759869384618e+00 2.740384511553183078e+00 6.487534205091302075e-01 -4.215785544618529945e-01 1.571542514562405124e+00 5.807156809270485276e+00 2.843611904429552695e+00 6.089935548180165359e-01 -4.822897482217281540e-01 1.717171187819009237e+00 6.106211529176983177e+00 2.956694742298131118e+00 8.221358103454091681e-01 -3.724936114847969826e-01 1.139005029209437359e+00 5.076895508525482548e+00 2.950610897236072727e+00 7.339609630402498253e-01 -5.537310194723953360e-01 1.973650784485300458e-01 4.697119200350902801e+00 2.910427711791185867e+00 6.750663542235413317e-01 -6.842050527912374447e-01 1.967401243506116781e+00 5.378875677053862603e+00 3.028505381372032623e+00 8.512653632299345130e-01 -4.325802025612953683e-01 4.365964671880699921e-01 4.554757899073800687e+00 2.928230145889914038e+00 7.553764408019788545e-01 -6.612208557884876603e-01 -2.928676299626993829e-01 4.292782656934397423e+00 2.861410557459189707e+00 6.842216724172446307e-01
0.000000000000000000e+00 2.962844032422371043e+00 4.095252788574196501e+00 2.216367574996944700e+00 1.381224490774661140e+00 5.160809451976544615e-01 2.170629027961600954e+00 3.709193806654059511e+00 2.357202615943045476e+00 1.397231772521168480e+00 5.086365192067215935e-01 1.725916683429562504e+00 3.497588607926735094e+00 2.407594972682757906e+00 1.397342950340967782e+00 5.003771034235583448e-01 1.715134188192280140e+00 3.421658808473505786e+00 2.326152741496642307e+00 1.400024987087137074e+00 5.104012369658791348e-01 1.243703170741315756e+00 2.987041656902397424e+00 2.315796517191938797e+00 1.376632713664327046e+00 4.650937392118718039e-01 9.209268396753936825e-01 2.864948826859196718e+00 2.319779354323898701e+00 1.368989948982336502e+00 4.295965646623078338e-01 1.492588151366344151e+00 3.028505381372032623e+00 2.288630496088758459e+00 1.382106249094650741e+00 4.897721679809318163e-01 8.832337288412600573e-01 2.701420987607778379e+00 2.252668824406603321e+00 1.356890921465225386e+00 4.259092311602695191e-01 6.536392542330009547e-01 2.633497988550952407e+00 2.251615497441036506e+00 1.346120563617409394e+00
0.000000000000000000e+00 1.386469513432398548e+00 1.216519154475493858e+00 1.794864212648994872e+00 1.749649105953902550e+00 1.118597960848408457e+00 1.728700965819152779e+00 1.195068375146262074e+00 1.709179262774455754e+00 1.772052546218800595e+00 1.193656915509148986e+00 1.802297778885787238e+00 1.282374319796364626e+00 1.711288157181547476e+00 1.800299681731418300e+00 1.225374941863531575e+00 1.643611847963126094e+00 9.265495157966785467e-01 1.496626103488499115e+00 1.644441101649092740e+00 1.158661371175456756e+00 1.335923125423196467e+00 1.016812620354070607e+00 1.484063031511603015e+00 1.670910132612331456e+00 1.221415477690128926e+00 1.533823747639971646e+00 1.111854837261524231e+00 1.521070021996453914e+00 1.702511050742392618e+00 1.262576984098585875e+00 1.103325846078687444e+00 8.512653632299345130e-01 1.382106249094650741e+00 1.591642402172133153e+00 1.169713027716952514e+00 1.276615930831648038e+00 9.536112457988655811e-01 1.400216662667834733e+00 1.622075382452781600e+00 1.238901763919634469e+00 1.462519601062257646e+00 1.045221417512637752e+00 1.449307218499023886e+00 1.658356809357490969e+00
