0.000000000000000000e+00 0.000000000000000000e+00 0.000000000000000000e+00 0.000000000000000000e+00 0.000000000000000000e+00 0.000000000000000000e+00 0.000000000000000000e+00 0.000000000000000000e+00 0.000000000000000000e+00 0.000000000000000000e+00 0.000000000000000000e+00 0.000000000000000000e+00 0.000000000000000000e+00 0.000000000000000000e+00 0.000000000000000000e+00 0.000000000000000000e+00 0.000000000000000000e+00 0.000000000000000000e+00 0.000000000000000000e+00 0.000000000000000000e+00 0.000000000000000000e+00 0.000000000000000000e+00 0.000000000000000000e+00 0.000000000000000000e+00 0.000000000000000000e+00 0.000000000000000000e+00 0.000000000000000000e+00 0.000000000000000000e+00 0.000000000000000000e+00 0.000000000000000000e+00 0.000000000000000000e+00 0.000000000000000000e+00 0.000000000000000000e+00 0.000000000000000000e+00 0.000000000000000000e+00 0.000000000000000000e+00 0.000000000000000000e+00 0.000000000000000000e+00 0.000000000000000000e+00 0.000000000000000000e+00 0.000000000000000000e+00 0.000000000000000000e+00 0.000000000000000000e+00 0.000000000000000000e+00 0.000000000000000000e+00
0.000000000000000000e+00 0.000000000000000000e+00 0.000000000000000000e+00 0.000000000000000000e+00 0.000000000000000000e+00 0.000000000000000000e+00 0.000000000000000000e+00 0.000000000000000000e+00 0.000000000000000000e+00 0.000000000000000000e+00 0.000000000000000000e+00 0.000000000000000000e+00 0.000000000000000000e+00 0.000000000000000000e+00 0.000000000000000000e+00 0.000000000000000000e+00 0.000000000000000000e+00 0.000000000000000000e+00 0.000000000000000000e+00 0.000000000000000000e+00 0.000000000000000000e+00 0.000000000000000000e+00 0.000000000000000000e+00 0.000000000000000000e+00 0.000000000000000000e+00 0.000000000000000000e+00 0.000000000000000000e+00 0.000000000000000000e+00 0.000000000000000000e+00 0.000000000000000000e+00 0.000000000000000000e+00 0.000000000000000000e+00 0.000000000000000000e+00 0.000000000000000000e+00 0.000000000000000000e+00 0.000000000000000000e+00 0.000000000000000000e+00 0.000000000000000000e+00 0.000000000000000000e+00 0.000000000000000000e+00 0.000000000000000000e+00 0.000000000000000000e+00 0.000000000000000000e+00 0.000000000000000000e+00 0.000000000000000000e+00
0.000000000000000000e+00 0.000000000000000000e+00 9.438430559778934636e+00 2.028612361446661794e+01 1.543801350537579253e+01 1.043783793564659668e+01 -6.840455675361821475e-02 1.337460972243259860e+01 1.692966191637910356e+01 1.435006471294184749e+01 1.034800591617987919e+01 -2.424576646262722457e-01 1.039679665949812559e+01 1.568555904460211181e+01 1.402148911445008395e+01 1.022097564335847508e+01 -2.470353838095893095e-01 1.191131033839097242e+01 1.565022158293739096e+01 1.370594224909649661e+01 1.019309074447082608e+01 -6.587948293532954747e-01 7.861920626775151355e+00 1.334437865378257548e+01 1.287506291688053217e+01 9.851799828110653579e+00 -2.128036244568208613e+00 6.402536390053130688e+00 1.267365494749341437e+01 1.271538603278364654e+01 9.772987858378035853e+00 -1.073687617146435347e+00 8.079983908895970401e+00 1.297035697025261491e+01 1.253717678583482886e+01 9.752070531138647524e+00 -1.766396628811544467e+00 5.650257738675214192e+00 1.153633319829381776e+01 1.199174488247933290e+01 9.496426814209012690e+00 -2.683594328242332239e+00 4.822761853853203995e+00 1.116214281282922194e+01 1.194530417931480315e+01
0.000000000000000000e+00 0.000000000000000000e+00 2.028612361446661794e+01 5.054731755615265598e+01 3.895435143780131426e+01 2.695561893742869941e+01 -6.906852424487773590e+00 2.976082064612140954e+01 4.103464401371712000e+01 3.567101378884964902e+01 2.644598889893453375e+01 -7.528232434797030415e+00 2.148170353653689091e+01 3.735087924531209325e+01 3.461225551165922099e+01 2.600424228903193580e+01 -6.431428863282996566e+00 2.746792917554572000e+01 3.870344570908016379e+01 3.452834792939142261e+01 2.611016418107589487e+01 -6.991248121327169329e+00 1.654401180947783345e+01 3.227871895581358785e+01 3.212056521325188641e+01 2.504513468775772367e+01 -1.137636528731124486e+01 1.229900377196205596e+01 3.022167164838392495e+01 3.156143088647757722e+01 2.478811008824221673e+01 -7.940328589877974963e+00 1.809493217013254451e+01 3.205335791725405414e+01 3.165619922192915681e+01 2.486544900587174922e+01 -9.314059920408640281e+00 1.135060615717011068e+01 2.797548321349910694e+01 3.003832609612477000e+01 2.409052745245232785e+01 -1.227209181414794692e+01 8.797409344435340728e+00 2.673406291751160779e+01 2.978327512568412416e+01
0.000000000000000000e+00 0.000000000000000000e+00 1.543801350537579253e+01 3.895435143780131426e+01 3.098697993408439544e+01 2.295182519801357657e+01 -4.867820508754110875e+00 2.264145537105595452e+01 3.156065901504885574e+01 2.826360717812173462e+01 2.234753057051684166e+01 -5.308568287621429960e+00 1.644409860819904523e+01 2.875002242030542732e+01 2.742256987556461212e+01 2.197626809516607693e+01 -4.528126164979632939e+00 2.088440972894400716e+01 2.969282770523058801e+01 2.721352747253841287e+01 2.182069885945465160e+01 -4.997695583337369740e+00 1.270334645333913670e+01 2.481823308238384485e+01 2.532548303198221973e+01 2.095179205323131555e+01 -8.284143567489714144e+00 9.535310997163541913e+00 2.327803082211208263e+01 2.491562911772779287e+01 2.077975409557692643e+01 -5.666829289958089433e+00 1.384437784242814828e+01 2.460234324697451669e+01 2.487220716404154786e+01 2.064096897336838055e+01 -6.797089736225750300e+00 8.806197133197775528e+00 2.153509580216605102e+01 2.364312158178614354e+01 2.006256610698385856e+01 -9.022018468148099046e+00 6.905217330781415974e+00 2.062273846390787924e+01 2.348061405576296679e+01
0.000000000000000000e+00 0.000000000000000000e+00 1.043783793564659668e+01 2.695561893742869941e+01 2.295182519801357657e+01 1.958024223694551225e+01 -2.502510140457641086e+00 1.531897469152370306e+01 2.176337364236697525e+01 2.075220795533725848e+01 1.877865802161422337e+01 -2.781451488727289423e+00 1.132275360345605719e+01 1.987680465599856205e+01 2.012500562768957479e+01 1.845488862258933338e+01 -2.341510720515957100e+00 1.406370355721389309e+01 2.032876301943595365e+01 1.974987595625521664e+01 1.799551771695561442e+01 -2.743350721440685813e+00 8.777495718745557340e+00 1.708748781690645657e+01 1.838739798202405851e+01 1.729543881571727937e+01 -4.843573453748349245e+00 6.763915797773027094e+00 1.610212979559559798e+01 1.813451245844496995e+01 1.720816322721953640e+01 -3.128325822211638574e+00 9.450831726226958551e+00 1.684738089982730358e+01 1.791961772820896215e+01 1.681839875421769293e+01 -3.987468788792161156e+00 6.230370317809389213e+00 1.485261566509110409e+01 1.709517733100326353e+01 1.643428270874715125e+01 -5.416392123896976329e+00 5.035791719944964662e+00 1.429713670862642338e+01 1.703550778251383235e+01
0.000000000000000000e+00 0.000000000000000000e+00 -6.840455675361821475e-02 -6.906852424487773590e+00 -4.867820508754110875e+00 -2.502510140457641086e+00 1.105759870162734870e+01 3.257690806368045422e-01 -4.283533715900646577e+00 -3.995223978841937473e+00 -2.422538043544287589e+00 1.197162939313976970e+01 2.800118825975161041e+00 -3.030597952250632332e+00 -3.571373673991521613e+00 -2.230491707808121227e+00 9.999989238518205426e+00 -6.548071324482759303e-01 -4.863050676502241210e+00 -4.529063178605906792e+00 -2.877464691912788641e+00 9.938512065767616477e+00 2.218484203533175769e+00 -3.047968452921156146e+00 -3.815900592872701669e+00 -2.525958771903219269e+00 1.140318159859278779e+01 3.654767777941882123e+00 -2.245096181749550279e+00 -3.506789539023578595e+00 -2.353260617117155284e+00 9.925032364655537620e+00 8.520732525610553720e-01 -3.800827258821555699e+00 -4.286188720011729458e+00 -2.880460838714557159e+00 9.506395013749921574e+00 2.787580404974887127e+00 -2.541004460518660135e+00 -3.728548251285771276e+00 -2.560676225365209113e+00 1.066810660353526430e+01 3.779076742196252336e+00 -1.956170787308693093e+00 -3.477079015964718245e+00
0.000000000000000000e+00 0.000000000000000000e+00 1.337460972243259860e+01 2.976082064612140954e+01 2.264145537105595452e+01 1.531897469152370306e+01 3.257690806368045422e-01 1.986630006359017742e+01 2.483539554711049036e+01 2.099416589887079709e+01 1.512380864231328736e+01 3.173654871437748271e-01 1.547636927745370450e+01 2.301635918785342838e+01 2.050520985142424735e+01 1.493579554635517148e+01 1.629876077103484255e-01 1.791057499257465224e+01 2.311560165845661530e+01 2.010788269432208963e+01 1.483834649935779026e+01 -2.245647335185944893e-01 1.193330227310980085e+01 1.974674041254715462e+01 1.887683729392028198e+01 1.432487721154360472e+01 -2.488688275373531322e+00 9.747318361648364515e+00 1.875639633200185941e+01 1.864085541036471128e+01 1.422119083368479053e+01 -8.823478081521692884e-01 1.235400136854522124e+01 1.928263481620732733e+01 1.841991921588537195e+01 1.413790428945237032e+01 -1.956054967575690196e+00 8.724432015738301516e+00 1.716725683352029819e+01 1.760897280666030440e+01 1.376666981594818751e+01 -3.398787837897248032e+00 7.464399928129494377e+00 1.659982720131704426e+01 1.753741985806943759e+01
0.000000000000000000e+00 0.000000000000000000e+00 1.692966191637910356e+01 4.103464401371712000e+01 3.156065901504885574e+01 2.176337364236697525e+01 -4.283533715900646577e+00 2.483539554711049036e+01 3.353843045269041312e+01 2.899492898215910230e+01 2.138210622225835422e+01 -4.698831146428909200e+00 1.828084490369709059e+01 3.066291745133176505e+01 2.818562561447900094e+01 2.104965192099820825e+01 -4.033824381680600091e+00 2.277811327627161475e+01 3.152059633045363896e+01 2.798430155459795188e+01 2.106466969236706888e+01 -4.537287484434363805e+00 1.407664808904194054e+01 2.644303332501766235e+01 2.609862427523638573e+01 2.024110180018485039e+01 -7.985890750662976600e+00 1.074023665708853237e+01 2.484775970404946577e+01 2.568015035865451523e+01 2.005184392491721113e+01 -5.314108463012482630e+00 1.517470769814719489e+01 2.614598096879507949e+01 2.565122480449642239e+01 2.005685349213801771e+01 -6.525091196608537203e+00 9.826874275701365846e+00 2.293412110754668021e+01 2.439097127902164175e+01 1.946092941342478611e+01 -8.828310835127814116e+00 7.838638514921060896e+00 2.198299255810620778e+01 2.421441490956604525e+01
0.000000000000000000e+00 0.000000000000000000e+00 1.435006471294184749e+01 3.567101378884964902e+01 2.826360717812173462e+01 2.075220795533725848e+01 -3.995223978841937473e+00 2.099416589887079709e+01 2.899492898215910230e+01 2.583430583525347046e+01 2.023886262769135413e+01 -4.372366460633157814e+00 1.537365554592036254e+01 2.646131251396373329e+01 2.508861965912314318e+01 1.991424187214828123e+01 -3.738065908851672337e+00 1.930335288810220362e+01 2.723560012125515684e+01 2.485428199913141611e+01 1.976644374382188829e+01 -4.193435771742592522e+00 1.186446583389032838e+01 2.281680616739390643e+01 2.315859572463583760e+01 1.899478538634472002e+01 -7.161079996701810835e+00 9.001045786849090291e+00 2.143084695678551554e+01 2.279588207389249277e+01 1.884299853320707285e+01 -4.807804011483424844e+00 1.284734917303210544e+01 2.257609431169908021e+01 2.272295887101873291e+01 1.871226544333975994e+01 -5.877845985085710545e+00 8.276108933611943996e+00 1.979938019718088782e+01 2.161817016208080133e+01 1.819538918369707758e+01 -7.876983492444178836e+00 6.565256839826860258e+00 1.898273211469993882e+01 2.147855556355050410e+01
0.000000000000000000e+00 0.000000000000000000e+00 1.034800591617987919e+01 2.644598889893453375e+01 2.234753057051684166e+01 1.877865802161422337e+01 -2.422538043544287589e+00 1.512380864231328736e+01 2.138210622225835422e+01 2.023886262769135413e+01 1.804617387319807520e+01 -2.697936580827933195e+00 1.119172736436963866e+01 1.953494207511181813e+01 1.963367806382652248e+01 1.773960476035632183e+01 -2.277930998308954180e+00 1.386533716584720821e+01 1.996911058411434325e+01 1.927586225367569739e+01 1.732628605061681171e+01 -2.678681374028836437e+00 8.659343745762177136e+00 1.678690556395448397e+01 1.795272083329908597e+01 1.665657516689948636e+01 -4.739171500931949943e+00 6.678557489788160773e+00 1.581850321354889211e+01 1.770424295812606630e+01 1.656860384917983353e+01 -3.063598677827293226e+00 9.309385437118216089e+00 1.654576464096182775e+01 1.750269634032852295e+01 1.621795581480359871e+01 -3.906890181028704223e+00 6.137968624607990087e+00 1.458478722194765709e+01 1.669633295159166053e+01 1.584256340944915920e+01 -5.303598052667381602e+00 4.964159458503640820e+00 1.403796968504147635e+01 1.663452099269043671e+01
0.000000000000000000e+00 0.000000000000000000e+00 -2.424576646262722457e-01 -7.528232434797030415e+00 -5.308568287621429960e+00 -2.781451488727289423e+00 1.197162939313976970e+01 3.173654871437748271e-01 -4.698831146428909200e+00 -4.372366460633157814e+00 -2.697936580827933195e+00 1.316777332034539860e+01 2.987431155785500891e+00 -3.357886940484543281e+00 -3.920760699141310646e+00 -2.491287241402564412e+00 1.090535107525494318e+01 -6.256591130790184474e-01 -5.228223121976586896e+00 -4.892954159621034194e+00 -3.178578064946076420e+00 1.100660565818824921e+01 2.476115869453321849e+00 -3.274806474963651848e+00 -4.128766194169755543e+00 -2.802100439302300128e+00 1.254925765821860750e+01 4.000859452214784895e+00 -2.423629051006082946e+00 -3.802215097502237739e+00 -2.615905926005395621e+00 1.098919330630381097e+01 1.059210135138472175e+00 -4.028166621534609249e+00 -4.598956773922514785e+00 -3.177907253599345339e+00 1.048793362775176874e+01 3.118564634505542887e+00 -2.683848542594358122e+00 -4.006344249070020069e+00 -2.835318081371174692e+00 1.170281322543957359e+01 4.160640086456662168e+00 -2.069439662212270381e+00 -3.744147847274631236e+00
0.000000000000000000e+00 0.000000000000000000e+00 1.039679665949812559e+01 2.148170353653689091e+01 1.644409860819904523e+01 1.132275360345605719e+01 2.800118825975161041e+00 1.547636927745370450e+01 1.828084490369709059e+01 1.537365554592036254e+01 1.119172736436963866e+01 2.987431155785500891e+00 1.265619078059061309e+01 1.716864561051846749e+01 1.509721510768202002e+01 1.109248077170615865e+01 2.425591147535034686e+00 1.371408534049259309e+01 1.679197406677740290e+01 1.454522050452838045e+01 1.085401461894374897e+01 2.094604830585724997e+00 9.759931381789618499e+00 1.460998052476610809e+01 1.376166996325861902e+01 1.054084900152973248e+01 6.912526548742691235e-01 8.407901690587461729e+00 1.403515142063946541e+01 1.365493195480704891e+01 1.050287722873364338e+01 1.591823961685877808e+00 9.757081292229020875e+00 1.406107316518002115e+01 1.328576398978350248e+01 1.030562776544178583e+01 6.648758744510938623e-01 7.405909590689280897e+00 1.272200077187470413e+01 1.279247516492922188e+01 1.009591174824704396e+01 -1.761889558841021053e-01 6.667080231879085161e+00 1.242393718081942566e+01 1.280000162799753838e+01
0.000000000000000000e+00 0.000000000000000000e+00 1.568555904460211181e+01 3.735087924531209325e+01 2.875002242030542732e+01 1.987680465599856205e+01 -3.030597952250632332e+00 2.301635918785342838e+01 3.066291745133176505e+01 2.646131251396373329e+01 1.953494207511181813e+01 -3.357886940484543281e+00 1.716864561051846749e+01 2.812175375913449571e+01 2.575454965424135523e+01 1.924681683661058074e+01 -2.892274834229439762e+00 2.101565453623241453e+01 2.873557224991185421e+01 2.547101767859394172e+01 1.919532884457056454e+01 -3.382757871905885505e+00 1.321773379355564870e+01 2.420760503986715761e+01 2.379539918267949261e+01 1.846834381806494818e+01 -6.442893887779473694e+00 1.025944507003745798e+01 2.280787977519379339e+01 2.343923761121865823e+01 1.831062854865395195e+01 -4.093905036887782067e+00 1.410883120644375843e+01 2.385771551386677913e+01 2.333310611734842155e+01 1.826179443982806561e+01 -5.250192106907698886e+00 9.334652803218327577e+00 2.100357326151771886e+01 2.222152758617214019e+01 1.774224146065752095e+01 -7.278749972553340442e+00 7.584986903123340340e+00 2.017863465241496002e+01 2.208367562424485442e+01
0.000000000000000000e+00 0.000000000000000000e+00 1.402148911445008395e+01 3.461225551165922099e+01 2.742256987556461212e+01 2.012500562768957479e+01 -3.571373673991521613e+00 2.050520985142424735e+01 2.818562561447900094e+01 2.508861965912314318e+01 1.963367806382652248e+01 -3.920760699141310646e+00 1.509721510768202002e+01 2.575454965424135523e+01 2.437890250521462576e+01 1.932621230667903589e+01 -3.352338723665826414e+00 1.881915467769369599e+01 2.644310447204965087e+01 2.411077923935377854e+01 1.915600412176638301e+01 -3.808524588194497351e+00 1.165023700422029052e+01 2.218905995634599293e+01 2.248381527113376777e+01 1.841862693378483939e+01 -6.658020960423614909e+00 8.902216558733947238e+00 2.086342758776132200e+01 2.214229490705650250e+01 1.827790821689320921e+01 -4.402435153554376868e+00 1.256441699099141829e+01 2.192557778300916738e+01 2.203919026745336041e+01 1.812900835752625284e+01 -5.461924999476316600e+00 8.166335239038982508e+00 1.925710669405221509e+01 2.098216130570581939e+01 1.763784228333148363e+01 -7.376808896511300340e+00 6.529246667633473500e+00 1.848015713456657849e+01 2.085607500386935342e+01
0.000000000000000000e+00 0.000000000000000000e+00 1.022097564335847508e+01 2.600424228903193580e+01 2.197626809516607693e+01 1.845488862258933338e+01 -2.230491707808121227e+00 1.493579554635517148e+01 2.104965192099820825e+01 1.991424187214828123e+01 1.773960476035632183e+01 -2.491287241402564412e+00 1.109248077170615865e+01 1.924681683661058074e+01 1.932621230667903589e+01 1.744283534004605940e+01 -2.102367997722428328e+00 1.367783707218934985e+01 1.964368273504923224e+01 1.895359027131383911e+01 1.702046664199925630e+01 -2.502268991321223268e+00 8.583763054146093197e+00 1.653150530181425282e+01 1.766179579161388702e+01 1.636871091983968185e+01 -4.514313052066700749e+00 6.650883152950500588e+00 1.558877138328232093e+01 1.742288986018655095e+01 1.628623837147925713e+01 -2.879342771158701630e+00 9.204240465606934762e+00 1.628022111720106224e+01 1.720812594270758566e+01 1.592820271578734825e+01 -3.720149679707283941e+00 6.104199101774061553e+00 1.436488637464254481e+01 1.642286525305227940e+01 1.556519918620611342e+01 -5.081915680160149051e+00 4.961023656823726924e+00 1.383487666114901415e+01 1.636696665423461994e+01
0.000000000000000000e+00 0.000000000000000000e+00 -2.470353838095893095e-01 -6.431428863282996566e+00 -4.528126164979632939e+00 -2.341510720515957100e+00 9.999989238518205426e+00 1.629876077103484255e-01 -4.033824381680600091e+00 -3.738065908851672337e+00 -2.277930998308954180e+00 1.090535107525494318e+01 2.425591147535034686e+00 -2.892274834229439762e+00 -3.352338723665826414e+00 -2.102367997722428328e+00 9.086689501895435228e+00 -6.542015574275018563e-01 -4.508590674577280133e+00 -4.202217268452919541e+00 -2.702656594996274642e+00 9.103877390777201484e+00 1.981611207875394465e+00 -2.846553809837026883e+00 -3.550953324497753361e+00 -2.382621482248612477e+00 1.042103518764661807e+01 3.283510946008437070e+00 -2.118112065089763352e+00 -3.269658224238690902e+00 -2.222193257811615474e+00 9.097336941366204854e+00 7.731487388867079869e-01 -3.501400579606513297e+00 -3.964963597758713654e+00 -2.712995257321799691e+00 8.709752483698784076e+00 2.534708802696382435e+00 -2.353071441627613059e+00 -3.456875703681128176e+00 -2.419002836372250442e+00 9.745861942351234930e+00 3.427294937216113002e+00 -1.825782454148570322e+00 -3.229268311656542156e+00
0.000000000000000000e+00 0.000000000000000000e+00 1.191131033839097242e+01 2.746792917554572000e+01 2.088440972894400716e+01 1.406370355721389309e+01 -6.548071324482759303e-01 1.791057499257465224e+01 2.277811327627161475e+01 1.930335288810220362e+01 1.386533716584720821e+01 -6.256591130790184474e-01 1.371408534049259309e+01 2.101565453623241453e+01 1.881915467769369599e+01 1.367783707218934985e+01 -6.542015574275018563e-01 1.632809116779483816e+01 2.135529835326126502e+01 1.858830392690740396e+01 1.363760179827416508e+01 -9.052595562628198422e-01 1.065970830119432478e+01 1.814721875455355971e+01 1.740674477168370515e+01 1.313844668633697488e+01 -3.126841774394920836e+00 8.531481165118686150e+00 1.717025019072913850e+01 1.716210568850453555e+01 1.303238636790794835e+01 -1.502455499943481598e+00 1.121385422621744254e+01 1.784291887589394676e+01 1.706162746769103222e+01 1.299363993998123590e+01 -2.474043836993780499e+00 7.731218935087388111e+00 1.580766564509983851e+01 1.627236637366863548e+01 1.263001590516176087e+01 -3.922438128340713259e+00 6.478773368209314931e+00 1.522965999124377490e+01 1.618016832717517417e+01
0.000000000000000000e+00 0.000000000000000000e+00 1.565022158293739096e+01 3.870344570908016379e+01 2.969282770523058801e+01 2.032876301943595365e+01 -4.863050676502241210e+00 2.311560165845661530e+01 3.152059633045363896e+01 2.723560012125515684e+01 1.996911058411434325e+01 -5.228223121976586896e+00 1.679197406677740290e+01 2.873557224991185421e+01 2.644310447204965087e+01 1.964368273504923224e+01 -4.508590674577280133e+00 2.135529835326126502e+01 2.976701182952180957e+01 2.639074647694441822e+01 1.973078179110337160e+01 -4.903228926000479326e+00 1.299213959379278904e+01 2.488871292808679314e+01 2.457308029877916056e+01 1.893344531240608930e+01 -8.276696375971932085e+00 9.739496779204444010e+00 2.332550330697947061e+01 2.415100040447261165e+01 1.874138315147451905e+01 -5.632851998516252401e+00 1.417013103766867310e+01 2.471939290679578249e+01 2.422969454354150187e+01 1.880432131633137516e+01 -6.764582925989467199e+00 8.994424999492792949e+00 2.161182056952007358e+01 2.300185238956420974e+01 1.821951207269946238e+01 -9.039033144100512729e+00 7.035685197948912339e+00 2.066298778458235219e+01 2.280750310292386374e+01
0.000000000000000000e+00 0.000000000000000000e+00 1.370594224909649661e+01 3.452834792939142261e+01 2.721352747253841287e+01 1.974987595625521664e+01 -4.529063178605906792e+00 2.010788269432208963e+01 2.798430155459795188e+01 2.485428199913141611e+01 1.927586225367569739e+01 -4.892954159621034194e+00 1.454522050452838045e+01 2.547101767859394172e+01 2.411077923935377854e+01 1.895359027131383911e+01 -4.202217268452919541e+00 1.858830392690740396e+01 2.639074647694441822e+01 2.400448079440138116e+01 1.890287576182181084e+01 -4.595301255794622897e+00 1.124903138482816622e+01 2.203471453032546989e+01 2.233463404942046893e+01 1.814310998387681551e+01 -7.557218894958635858e+00 8.391444294893625866e+00 2.064321263457136624e+01 2.195840221044178620e+01 1.798012037506142491e+01 -5.194256678211403688e+00 1.230315400387192248e+01 2.188480293390647446e+01 2.198276868043128474e+01 1.792934064661784177e+01 -6.211683560739245991e+00 7.768295887089531782e+00 1.912946001941791607e+01 2.087987266161211153e+01 1.740645551169599514e+01 -8.218763775546424455e+00 6.046837656753588419e+00 1.829567855946090305e+01 2.071833251196588321e+01
0.000000000000000000e+00 0.000000000000000000e+00 1.019309074447082608e+01 2.611016418107589487e+01 2.182069885945465160e+01 1.799551771695561442e+01 -2.877464691912788641e+00 1.483834649935779026e+01 2.106466969236706888e+01 1.976644374382188829e+01 1.732628605061681171e+01 -3.178578064946076420e+00 1.085401461894374897e+01 1.919532884457056454e+01 1.915600412176638301e+01 1.702046664199925630e+01 -2.702656594996274642e+00 1.363760179827416508e+01 1.973078179110337160e+01 1.890287576182181084e+01 1.673034352035433869e+01 -3.084308457075863874e+00 8.375957143649126024e+00 1.652284600655911007e+01 1.758045486339487340e+01 1.606613102411124316e+01 -5.172182359008703934e+00 6.356627745672307483e+00 1.552755663194527180e+01 1.731273763788155406e+01 1.595979243725225771e+01 -3.479290009537268080e+00 9.074136701958924078e+00 1.633401181301802296e+01 1.719530407391498983e+01 1.571247584403974606e+01 -4.278717551816948017e+00 5.856190384334279742e+00 1.434298190595104927e+01 1.637244582619226207e+01 1.531922901061336084e+01 -5.695049144394983109e+00 4.652496796841147919e+00 1.377008088678692843e+01 1.628677493395326437e+01
0.000000000000000000e+00 0.000000000000000000e+00 -6.587948293532954747e-01 -6.991248121327169329e+00 -4.997695583337369740e+00 -2.743350721440685813e+00 9.938512065767616477e+00 -2.245647335185944893e-01 -4.537287484434363805e+00 -4.193435771742592522e+00 -2.678681374028836437e+00 1.100660565818824921e+01 2.094604830585724997e+00 -3.382757871905885505e+00 -3.808524588194497351e+00 -2.502268991321223268e+00 9.103877390777201484e+00 -9.052595562628198422e-01 -4.903228926000479326e+00 -4.595301255794622897e+00 -3.084308457075863874e+00 9.294935653073121529e+00 1.813956524773603141e+00 -3.202609584455930136e+00 -3.934597149080235834e+00 -2.761062114756338559e+00 1.061453557436433570e+01 3.125476614404749665e+00 -2.474199184288603526e+00 -3.657571896475237505e+00 -2.600950265014636109e+00 9.279658356285885645e+00 6.555304684035233587e-01 -3.798313675379603627e+00 -4.307877619019821580e+00 -3.078294985188310573e+00 8.913548300176760364e+00 2.444380795012974783e+00 -2.634849145945026727e+00 -3.798202828354362737e+00 -2.783191115899230184e+00 9.938261203710245795e+00 3.331485070677494331e+00 -2.114293776674492253e+00 -3.578653088371201552e+00
0.000000000000000000e+00 0.000000000000000000e+00 7.861920626775151355e+00 1.654401180947783345e+01 1.270334645333913670e+01 8.777495718745557340e+00 2.218484203533175769e+00 1.193330227310980085e+01 1.407664808904194054e+01 1.186446583389032838e+01 8.659343745762177136e+00 2.476115869453321849e+00 9.759931381789618499e+00 1.321773379355564870e+01 1.165023700422029052e+01 8.583763054146093197e+00 1.981611207875394465e+00 1.065970830119432478e+01 1.299213959379278904e+01 1.124903138482816622e+01 8.375957143649126024e+00 1.813956524773603141e+00 7.613767275596252659e+00 1.131447638704184122e+01 1.064337781649520842e+01 8.132737431458256339e+00 6.969088205640298073e-01 6.555547624735722501e+00 1.086632827509658306e+01 1.056108537811820902e+01 8.108993819787887247e+00 1.428976279251102710e+00 7.654332068751225293e+00 1.092819756170129075e+01 1.029160033715243472e+01 7.934815031934004281e+00 6.755806198537700480e-01 5.824028146896731428e+00 9.891432553433245900e+00 9.909280169275614725e+00 7.776888828434369572e+00 -8.059850787210028414e-03 5.236118667989246411e+00 9.653664949444753063e+00 9.914042118298402428e+00
0.000000000000000000e+00 0.000000000000000000e+00 1.334437865378257548e+01 3.227871895581358785e+01 2.481823308238384485e+01 1.708748781690645657e+01 -3.047968452921156146e+00 1.974674041254715462e+01 2.644303332501766235e+01 2.281680616739390643e+01 1.678690556395448397e+01 -3.274806474963651848e+00 1.460998052476610809e+01 2.420760503986715761e+01 2.218905995634599293e+01 1.653150530181425282e+01 -2.846553809837026883e+00 1.814721875455355971e+01 2.488871292808679314e+01 2.203471453032546989e+01 1.652284600655911007e+01 -3.202609584455930136e+00 1.131447638704184122e+01 2.092973920618808492e+01 2.056426740493927596e+01 1.588239216569982126e+01 -5.932044623602639177e+00 8.689135605517099847e+00 1.968525372929424222e+01 2.024045336254485861e+01 1.573999567198167426e+01 -3.812135852614707776e+00 1.218019525444236884e+01 2.070454586183625523e+01 2.021726162530552173e+01 1.572537753753538503e+01 -4.831119873108416840e+00 7.968287537333156756e+00 1.819214485101656464e+01 1.923334847678085069e+01 1.526442083545287609e+01 -6.656672286646272418e+00 6.400208135410988319e+00 1.744616021822589502e+01 1.909727991219052967e+01
0.000000000000000000e+00 0.000000000000000000e+00 1.287506291688053217e+01 3.212056521325188641e+01 2.532548303198221973e+01 1.838739798202405851e+01 -3.815900592872701669e+00 1.887683729392028198e+01 2.609862427523638573e+01 2.315859572463583760e+01 1.795272083329908597e+01 -4.128766194169755543e+00 1.376166996325861902e+01 2.379539918267949261e+01 2.248381527113376777e+01 1.766179579161388702e+01 -3.550953324497753361e+00 1.740674477168370515e+01 2.457308029877916056e+01 2.233463404942046893e+01 1.758045486339487340e+01 -3.934597149080235834e+00 1.064337781649520842e+01 2.056426740493927596e+01 2.080391853348874776e+01 1.688717610310391493e+01 -6.651561958566375665e+00 8.023846574334807968e+00 1.929404280529678317e+01 2.046680758681423740e+01 1.674371141910550165e+01 -4.487590370096312675e+00 1.157391119959183357e+01 2.038794448864968345e+01 2.044952627192395056e+01 1.666834818711955180e+01 -5.465624595564438692e+00 7.403303148323164606e+00 1.785774872856750406e+01 1.944214513086743779e+01 1.619469712718166221e+01 -7.301069571337814423e+00 5.830953288440879234e+00 1.710150623126861547e+01 1.930349028315264093e+01
0.000000000000000000e+00 0.000000000000000000e+00 9.851799828110653579e+00 2.504513468775772367e+01 2.095179205323131555e+01 1.729543881571727937e+01 -2.525958771903219269e+00 1.432487721154360472e+01 2.024110180018485039e+01 1.899478538634472002e+01 1.665657516689948636e+01 -2.802100439302300128e+00 1.054084900152973248e+01 1.846834381806494818e+01 1.841862693378483939e+01 1.636871091983968185e+01 -2.382621482248612477e+00 1.313844668633697488e+01 1.893344531240608930e+01 1.814310998387681551e+01 1.606613102411124316e+01 -2.761062114756338559e+00 8.132737431458256339e+00 1.588239216569982126e+01 1.688717610310391493e+01 1.543720788970350455e+01 -4.738928123678770810e+00 6.220369295186946701e+00 1.494252929228492910e+01 1.663825209732053878e+01 1.534069892256307099e+01 -3.137000605541722109e+00 8.771359767022758547e+00 1.567819417050734643e+01 1.649975205638122588e+01 1.508344454945951441e+01 -3.921262974038096871e+00 5.715597240658045308e+00 1.378878447798930473e+01 1.572161448982786069e+01 1.471455702202593230e+01 -5.259324469461525986e+00 4.579400463254105880e+00 1.325151760151729263e+01 1.564683407808006166e+01
0.000000000000000000e+00 0.000000000000000000e+00 -2.128036244568208613e+00 -1.137636528731124486e+01 -8.284143567489714144e+00 -4.843573453748349245e+00 1.140318159859278779e+01 -2.488688275373531322e+00 -7.985890750662976600e+00 -7.161079996701810835e+00 -4.739171500931949943e+00 1.254925765821860750e+01 6.912526548742691235e-01 -6.442893887779473694e+00 -6.658020960423614909e+00 -4.514313052066700749e+00 1.042103518764661807e+01 -3.126841774394920836e+00 -8.276696375971932085e+00 -7.557218894958635858e+00 -5.172182359008703934e+00 1.061453557436433570e+01 6.969088205640298073e-01 -5.932044623602639177e+00 -6.651561958566375665e+00 -4.738928123678770810e+00 1.242902142748175010e+01 2.477461273867420655e+00 -4.971121805224827384e+00 -6.301683178573105337e+00 -4.544144296139972283e+00 1.067861689022731042e+01 -7.269999515474809826e-01 -6.604653222257415024e+00 -7.052584151537615753e+00 -5.081554727885849054e+00 1.040419114362240194e+01 1.772682606525633586e+00 -5.013764691316072941e+00 -6.367225338930089684e+00 -4.698908868328580901e+00 1.178051097194374819e+01 2.958966611096784050e+00 -4.338395690129608795e+00 -6.101067741898625663e+00
0.000000000000000000e+00 0.000000000000000000e+00 6.402536390053130688e+00 1.229900377196205596e+01 9.535310997163541913e+00 6.763915797773027094e+00 3.654767777941882123e+00 9.747318361648364515e+00 1.074023665708853237e+01 9.001045786849090291e+00 6.678557489788160773e+00 4.000859452214784895e+00 8.407901690587461729e+00 1.025944507003745798e+01 8.902216558733947238e+00 6.650883152950500588e+00 3.283510946008437070e+00 8.531481165118686150e+00 9.739496779204444010e+00 8.391444294893625866e+00 6.356627745672307483e+00 3.125476614404749665e+00 6.555547624735722501e+00 8.689135605517099847e+00 8.023846574334807968e+00 6.220369295186946701e+00 2.477461273867420655e+00 5.948513172276379102e+00 8.466880971998644867e+00 8.013661768721551226e+00 6.232904337116649707e+00 2.819219504766242945e+00 6.347429553198793428e+00 8.234031604788571101e+00 7.645014761006502901e+00 5.989139057324641691e+00 2.143432411495159950e+00 5.202073571324154599e+00 7.612213305960303877e+00 7.434005447652151766e+00 5.918539888642389890e+00 1.791060212630016801e+00 4.900361911932690440e+00 7.523927441971373753e+00 7.485286580759014541e+00
0.000000000000000000e+00 0.000000000000000000e+00 1.267365494749341437e+01 3.022167164838392495e+01 2.327803082211208263e+01 1.610212979559559798e+01 -2.245096181749550279e+00 1.875639633200185941e+01 2.484775970404946577e+01 2.143084695678551554e+01 1.581850321354889211e+01 -2.423629051006082946e+00 1.403515142063946541e+01 2.280787977519379339e+01 2.086342758776132200e+01 1.558877138328232093e+01 -2.118112065089763352e+00 1.717025019072913850e+01 2.332550330697947061e+01 2.064321263457136624e+01 1.552755663194527180e+01 -2.474199184288603526e+00 1.086632827509658306e+01 1.968525372929424222e+01 1.929404280529678317e+01 1.494252929228492910e+01 -4.971121805224827384e+00 8.466880971998644867e+00 1.855782888338421088e+01 1.900894481496184341e+01 1.482025060849178644e+01 -3.046173838479549367e+00 1.159989914066463612e+01 1.941712847700992839e+01 1.892702725388350515e+01 1.476295556345775495e+01 -4.036129831544528201e+00 7.727609333012010140e+00 1.711529410859303368e+01 1.803128991488135568e+01 1.434805987872493205e+01 -5.696093640554591886e+00 6.303891003945623517e+00 1.644687133489310682e+01 1.792110649037709180e+01
0.000000000000000000e+00 0.000000000000000000e+00 1.271538603278364654e+01 3.156143088647757722e+01 2.491562911772779287e+01 1.813451245844496995e+01 -3.506789539023578595e+00 1.864085541036471128e+01 2.568015035865451523e+01 2.279588207389249277e+01 1.770424295812606630e+01 -3.802215097502237739e+00 1.365493195480704891e+01 2.343923761121865823e+01 2.214229490705650250e+01 1.742288986018655095e+01 -3.269658224238690902e+00 1.716210568850453555e+01 2.415100040447261165e+01 2.195840221044178620e+01 1.731273763788155406e+01 -3.657571896475237505e+00 1.056108537811820902e+01 2.024045336254485861e+01 2.046680758681423740e+01 1.663825209732053878e+01 -6.301683178573105337e+00 8.013661768721551226e+00 1.900894481496184341e+01 2.014448702367944577e+01 1.650337491921468569e+01 -4.198253692279346083e+00 1.144373199505418448e+01 2.004230209410670582e+01 2.009769314120058326e+01 1.640429893056588284e+01 -5.174619496572087307e+00 7.379312141927895752e+00 1.757868903783114334e+01 1.911998846554257625e+01 1.594759204335667846e+01 -6.957647245016866044e+00 5.854085049402645957e+00 1.684923358244573421e+01 1.899243262776209207e+01
0.000000000000000000e+00 0.000000000000000000e+00 9.772987858378035853e+00 2.478811008824221673e+01 2.077975409557692643e+01 1.720816322721953640e+01 -2.353260617117155284e+00 1.422119083368479053e+01 2.005184392491721113e+01 1.884299853320707285e+01 1.656860384917983353e+01 -2.615905926005395621e+00 1.050287722873364338e+01 1.831062854865395195e+01 1.827790821689320921e+01 1.628623837147925713e+01 -2.222193257811615474e+00 1.303238636790794835e+01 1.874138315147451905e+01 1.798012037506142491e+01 1.595979243725225771e+01 -2.600950265014636109e+00 8.108993819787887247e+00 1.573999567198167426e+01 1.674371141910550165e+01 1.534069892256307099e+01 -4.544144296139972283e+00 6.232904337116649707e+00 1.482025060849178644e+01 1.650337491921468569e+01 1.525027765869567453e+01 -2.969615097319319830e+00 8.724280133283338401e+00 1.552424996858741046e+01 1.634593595348420081e+01 1.497305843050319041e+01 -3.757500443824395742e+00 5.721889497492391286e+00 1.366881119931201027e+01 1.558346969010141336e+01 1.461444437937316287e+01 -5.071153351471066273e+00 4.609211203875053897e+00 1.314567223712759159e+01 1.551561066929620836e+01
0.000000000000000000e+00 0.000000000000000000e+00 -1.073687617146435347e+00 -7.940328589877974963e+00 -5.666829289958089433e+00 -3.128325822211638574e+00 9.925032364655537620e+00 -8.823478081521692884e-01 -5.314108463012482630e+00 -4.807804011483424844e+00 -3.063598677827293226e+00 1.098919330630381097e+01 1.591823961685877808e+00 -4.093905036887782067e+00 -4.402435153554376868e+00 -2.879342771158701630e+00 9.097336941366204854e+00 -1.502455499943481598e+00 -5.632851998516252401e+00 -5.194256678211403688e+00 -3.479290009537268080e+00 9.279658356285885645e+00 1.428976279251102710e+00 -3.812135852614707776e+00 -4.487590370096312675e+00 -3.137000605541722109e+00 1.067861689022731042e+01 2.819219504766242945e+00 -3.046173838479549367e+00 -4.198253692279346083e+00 -2.969615097319319830e+00 9.306886540523050755e+00 2.522505747057048331e-01 -4.399224407489844779e+00 -4.855952232900820675e+00 -3.461919669939459876e+00 8.952560465230080311e+00 2.172490909179194407e+00 -3.158544408829826899e+00 -4.313850841405308500e+00 -3.149806257864341763e+00 1.002481582319290077e+01 3.105665573695432169e+00 -2.615222618199799065e+00 -4.087371882125602873e+00
0.000000000000000000e+00 0.000000000000000000e+00 8.079983908895970401e+00 1.809493217013254451e+01 1.384437784242814828e+01 9.450831726226958551e+00 8.520732525610553720e-01 1.235400136854522124e+01 1.517470769814719489e+01 1.284734917303210544e+01 9.309385437118216089e+00 1.059210135138472175e+00 9.757081292229020875e+00 1.410883120644375843e+01 1.256441699099141829e+01 9.204240465606934762e+00 7.731487388867079869e-01 1.121385422621744254e+01 1.417013103766867310e+01 1.230315400387192248e+01 9.074136701958924078e+00 6.555304684035233587e-01 7.654332068751225293e+00 1.218019525444236884e+01 1.157391119959183357e+01 8.771359767022758547e+00 -7.269999515474809826e-01 6.347429553198793428e+00 1.159989914066463612e+01 1.144373199505418448e+01 8.724280133283338401e+00 2.522505747057048331e-01 7.907959640924711486e+00 1.190709837467034227e+01 1.128770019331549967e+01 8.612025885662889735e+00 -4.951777869410012300e-01 5.727873732348084168e+00 1.065290641927087734e+01 1.081057816688121775e+01 8.404011594274823693e+00 -1.383360125067122137e+00 4.969452932304497139e+00 1.031928357953334974e+01 1.077791630612108165e+01
0.000000000000000000e+00 0.000000000000000000e+00 1.297035697025261491e+01 3.205335791725405414e+01 2.460234324697451669e+01 1.684738089982730358e+01 -3.800827258821555699e+00 1.928263481620732733e+01 2.614598096879507949e+01 2.257609431169908021e+01 1.654576464096182775e+01 -4.028166621534609249e+00 1.406107316518002115e+01 2.385771551386677913e+01 2.192557778300916738e+01 1.628022111720106224e+01 -3.501400579606513297e+00 1.784291887589394676e+01 2.471939290679578249e+01 2.188480293390647446e+01 1.633401181301802296e+01 -3.798313675379603627e+00 1.092819756170129075e+01 2.070454586183625523e+01 2.038794448864968345e+01 1.567819417050734643e+01 -6.604653222257415024e+00 8.234031604788571101e+00 1.941712847700992839e+01 2.004230209410670582e+01 1.552424996858741046e+01 -4.399224407489844779e+00 1.190709837467034227e+01 2.057207185304458008e+01 2.010681060591500113e+01 1.555993116142486521e+01 -5.387401681865435776e+00 7.618044759916419828e+00 1.800870002851081964e+01 1.909515690575720726e+01 1.508148045675507021e+01 -7.282076049639671034e+00 5.992637427386976690e+00 1.722433856977225375e+01 1.893643303782242526e+01
0.000000000000000000e+00 0.000000000000000000e+00 1.253717678583482886e+01 3.165619922192915681e+01 2.487220716404154786e+01 1.791961772820896215e+01 -4.286188720011729458e+00 1.841991921588537195e+01 2.565122480449642239e+01 2.272295887101873291e+01 1.750269634032852295e+01 -4.598956773922514785e+00 1.328576398978350248e+01 2.333310611734842155e+01 2.203919026745336041e+01 1.720812594270758566e+01 -3.964963597758713654e+00 1.706162746769103222e+01 2.422969454354150187e+01 2.198276868043128474e+01 1.719530407391498983e+01 -4.307877619019821580e+00 1.029160033715243472e+01 2.021726162530552173e+01 2.044952627192395056e+01 1.649975205638122588e+01 -7.052584151537615753e+00 7.645014761006502901e+00 1.892702725388350515e+01 2.009769314120058326e+01 1.634593595348420081e+01 -4.855952232900820675e+00 1.128770019331549967e+01 2.010681060591500113e+01 2.015212108704137961e+01 1.632691897777414525e+01 -5.801591898918219137e+00 7.094843765935405777e+00 1.756141774590452087e+01 1.913279735283899186e+01 1.584219724109697225e+01 -7.664827765992059838e+00 5.495773187435747609e+00 1.678326837566280361e+01 1.897615104406778741e+01
