0.000000000000000000e+00 0.000000000000000000e+00 0.000000000000000000e+00 0.000000000000000000e+00 0.000000000000000000e+00 0.000000000000000000e+00 0.000000000000000000e+00 0.000000000000000000e+00 0.000000000000000000e+00 0.000000000000000000e+00 0.000000000000000000e+00 0.000000000000000000e+00 0.000000000000000000e+00 0.000000000000000000e+00 0.000000000000000000e+00 0.000000000000000000e+00 0.000000000000000000e+00 0.000000000000000000e+00 0.000000000000000000e+00 0.000000000000000000e+00 0.000000000000000000e+00 0.000000000000000000e+00 0.000000000000000000e+00 0.000000000000000000e+00 0.000000000000000000e+00 0.000000000000000000e+00 0.000000000000000000e+00 0.000000000000000000e+00 0.000000000000000000e+00 0.000000000000000000e+00 0.000000000000000000e+00 0.000000000000000000e+00 0.000000000000000000e+00 0.000000000000000000e+00 0.000000000000000000e+00 0.000000000000000000e+00 0.000000000000000000e+00 0.000000000000000000e+00 0.000000000000000000e+00 0.000000000000000000e+00 0.000000000000000000e+00 0.000000000000000000e+00 0.000000000000000000e+00 0.000000000000000000e+00 0.000000000000000000e+00
0.000000000000000000e+00 0.000000000000000000e+00 0.000000000000000000e+00 0.000000000000000000e+00 0.000000000000000000e+00 0.000000000000000000e+00 0.000000000000000000e+00 0.000000000000000000e+00 0.000000000000000000e+00 0.000000000000000000e+00 0.000000000000000000e+00 0.000000000000000000e+00 0.000000000000000000e+00 0.000000000000000000e+00 0.000000000000000000e+00 0.000000000000000000e+00 0.000000000000000000e+00 0.000000000000000000e+00 0.000000000000000000e+00 0.000000000000000000e+00 0.000000000000000000e+00 0.000000000000000000e+00 0.000000000000000000e+00 0.000000000000000000e+00 0.000000000000000000e+00 0.000000000000000000e+00 0.000000000000000000e+00 0.000000000000000000e+00 0.000000000000000000e+00 0.000000000000000000e+00 0.000000000000000000e+00 0.000000000000000000e+00 0.000000000000000000e+00 0.000000000000000000e+00 0.000000000000000000e+00 0.000000000000000000e+00 0.000000000000000000e+00 0.000000000000000000e+00 0.000000000000000000e+00 0.000000000000000000e+00 0.000000000000000000e+00 0.000000000000000000e+00 0.000000000000000000e+00 0.000000000000000000e+00 0.000000000000000000e+00
0.000000000000000000e+00 0.000000000000000000e+00 9.975192624383570461e+00 1.422846430691137520e+01 8.576595872004817878e+00 2.718994080485499509e+00 -1.251580256290963089e-01 1.338988405756286149e+01 1.318363669912036862e+01 8.569406816051985842e+00 2.870550764174746305e+00 -3.447071815767623337e-01 1.066148418268002551e+01 1.229259148611313179e+01 8.358511927293504229e+00 2.840076071178812001e+00 -6.053521223065020385e-01 1.578632719026886733e+01 1.512157667564955688e+01 9.593753010515955637e+00 3.152100044768858744e+00 -1.397360055634737863e+00 1.155534883997972351e+01 1.363066643377452536e+01 9.188120871137881451e+00 3.059867530405627978e+00 -4.302248551887863037e+00 9.403972692282144052e+00 1.274060593895631577e+01 8.851342956980708720e+00 2.957619029943698852e+00 -2.798172153582958455e+00 1.384433543936093791e+01 1.508185134693270513e+01 9.907742105271768907e+00 3.260682287178949146e+00 -4.756255985155445565e+00 1.023542553138999978e+01 1.361510067103223953e+01 9.351279840249189235e+00 3.075312572304635950e+00 -6.848591470248134527e+00 8.558455973727296495e+00 1.276284598117299396e+01 8.961886960833268745e+00
0.000000000000000000e+00 0.000000000000000000e+00 1.422846430691137520e+01 2.352851567185375714e+01 1.436206750140621935e+01 4.659984544397416606e+00 -8.386703752984661975e+00 1.977324996205079088e+01 2.120679639834443009e+01 1.413675751880503029e+01 4.868619451421744238e+00 -7.103050277084349773e+00 1.461922300174183320e+01 1.942592610101780437e+01 1.369311273819249486e+01 4.795338603982535197e+00 -1.045908835343303878e+01 2.415933267932708262e+01 2.481782236632593097e+01 1.603957625166863821e+01 5.358474405242263039e+00 -9.841251114920213539e+00 1.613736762069085273e+01 2.188126768509486197e+01 1.521240832127274167e+01 5.162355078353554561e+00 -1.526361701311529551e+01 1.198855096498607509e+01 2.016248896279122249e+01 1.458054502992331969e+01 4.978468279292946441e+00 -1.373322123088669677e+01 2.057576695558140401e+01 2.473510255718665718e+01 1.660241133097978050e+01 5.517539004016926540e+00 -1.664383786040427538e+01 1.364564769102102737e+01 2.191129863031742886e+01 1.554539837845152128e+01 5.177412909453069645e+00 -2.078454139957982605e+01 1.036076586080452877e+01 2.028627809592653719e+01 1.482900997066542814e+01
0.000000000000000000e+00 0.000000000000000000e+00 8.576595872004817878e+00 1.436206750140621935e+01 9.049087869560205277e+00 3.142801592999010296e+00 -4.681771901746041742e+00 1.191521991286836091e+01 1.291918236529110686e+01 8.872101747912481073e+00 3.258668087690876902e+00 -3.967289076624523680e+00 8.864009513791033967e+00 1.184359803616110618e+01 8.593003792456293866e+00 3.209915413805196405e+00 -5.832697445036973072e+00 1.454942362846577630e+01 1.508100096235795817e+01 1.001305265014831392e+01 3.547029355051468880e+00 -5.572241957526071765e+00 9.814644483887292381e+00 1.332574862226340251e+01 9.500295227926098818e+00 3.420662648178154353e+00 -8.803717894564028867e+00 7.362006395087188793e+00 1.230088809883897127e+01 9.117032450040650104e+00 3.305653288415716595e+00 -7.763161842214906017e+00 1.246915677754226159e+01 1.503769335982013367e+01 1.033216407935755399e+01 3.627803504585345173e+00 -9.620596968660972692e+00 8.385482784458009320e+00 1.335985972742034456e+01 9.691600705638933277e+00 3.415211020020864741e+00 -1.210291912876668263e+01 6.441380881714522388e+00 1.239505082776733147e+01 9.260058343873625475e+00
0.000000000000000000e+00 0.000000000000000000e+00 2.718994080485499509e+00 4.659984544397416606e+00 3.142801592999010296e+00 1.257164126531340909e+00 -1.128562780139983790e+00 3.780085334325098856e+00 4.177239407095034274e+00 3.054480934100429756e+00 1.283953581573969105e+00 -9.746801253370175333e-01 2.861846792233462722e+00 3.839425311891179859e+00 2.956970859650641881e+00 1.263936497426330741e+00 -1.414233965159096496e+00 4.594068539689749819e+00 4.841319505007459334e+00 3.407377215094261391e+00 1.371622671323720732e+00 -1.434219697005128635e+00 3.179810499188622241e+00 4.302027259368705003e+00 3.234251757031477492e+00 1.324020892504645719e+00 -2.413562634023951770e+00 2.448689410678066558e+00 3.989768842138309068e+00 3.111441999572671868e+00 1.283587846540108268e+00 -2.009484553590458411e+00 3.991240105364922464e+00 4.828489915107819108e+00 3.490437704039021316e+00 1.386029591869672783e+00 -2.646369587717113170e+00 2.781811586985814877e+00 4.320482155763748722e+00 3.285780062039326932e+00 1.311764877486238268e+00 -3.406988753728027675e+00 2.202640244618460308e+00 4.029259423296346121e+00 3.150166715966234321e+00
0.000000000000000000e+00 0.000000000000000000e+00 -1.251580256290963089e-01 -8.386703752984661975e+00 -4.681771901746041742e+00 -1.128562780139983790e+00 3.502568677888411486e+01 5.646219080706353921e-01 -5.774857811407019703e+00 -4.130381789054516695e+00 -1.163406092368594713e+00 2.946590893421952728e+01 4.971034106506200700e+00 -4.111723833559512542e+00 -3.685719538493500647e+00 -1.072976961269482832e+00 4.242292441561158967e+01 -1.502405365005383686e+00 -8.134625146608154722e+00 -5.488329530721549609e+00 -1.540480731465210473e+00 3.649485786279306154e+01 5.644986545633088326e+00 -5.389908162778811018e+00 -4.714401397615660905e+00 -1.358205448852540353e+00 3.991119043595129057e+01 9.293327790797860644e+00 -3.907287071687910007e+00 -4.226116701579268664e+00 -1.232926150285251321e+00 4.477963838443763223e+01 2.527497383651489127e+00 -7.651261119548678380e+00 -5.864059892126523899e+00 -1.667346224292125312e+00 4.431441437041345921e+01 8.742129020517827698e+00 -5.191712776962125631e+00 -5.033622072101587186e+00 -1.435608007077259218e+00 4.713287230077702361e+01 1.161014061356944538e+01 -3.872209866159642910e+00 -4.516156394233565408e+00
0.000000000000000000e+00 0.000000000000000000e+00 1.338988405756286149e+01 1.977324996205079088e+01 1.191521991286836091e+01 3.780085334325098856e+00 5.646219080706353921e-01 1.884025957546278462e+01 1.832028456975563202e+01 1.187598713579447463e+01 3.974147021927018741e+00 4.274135664372070154e-01 1.503354470106169138e+01 1.708654546124891738e+01 1.157905823931398004e+01 3.931336079419235574e+00 3.783360140564661078e-01 2.248564144026626721e+01 2.115709224709235770e+01 1.333276337745807183e+01 4.346641314648900689e+00 -4.512049852472552192e-01 1.661457513660620577e+01 1.910681694986890733e+01 1.276088412209928613e+01 4.214559085465845456e+00 -4.766078278836066495e+00 1.356184097220084617e+01 1.786124790329125744e+01 1.229191785407789617e+01 4.076852787560607538e+00 -2.178263878786993235e+00 2.005134250259490969e+01 2.123945145405241419e+01 1.378912973165314426e+01 4.477863808331460582e+00 -4.989215248127730540e+00 1.497093758025825494e+01 1.919235035517919385e+01 1.300759146883075701e+01 4.223107407143730896e+00 -8.216420235518535620e+00 1.254783203165327876e+01 1.797950428057511019e+01 1.246356091408283540e+01
0.000000000000000000e+00 0.000000000000000000e+00 1.318363669912036862e+01 2.120679639834443009e+01 1.291918236529110686e+01 4.177239407095034274e+00 -5.774857811407019703e+00 1.832028456975563202e+01 1.924398949743654086e+01 1.275805252714396865e+01 4.370433147159123344e+00 -4.922318236270304403e+00 1.381273934106244461e+01 1.770607732802737999e+01 1.238020801346606348e+01 4.309709266122960791e+00 -7.283352477575452788e+00 2.224358294751938558e+01 2.244070237065745488e+01 1.443309743310788029e+01 4.799701087964939106e+00 -7.091202301647490991e+00 1.524470746133114751e+01 1.990194130052576682e+01 1.372335792229322138e+01 4.632192836503150168e+00 -1.189611836234638709e+01 1.162354470414212848e+01 1.840521429883738591e+01 1.317172383237526745e+01 4.471308381753026140e+00 -1.020451423108467282e+01 1.915787729371223236e+01 2.240129386152264956e+01 1.493648771321893243e+01 4.941284826464042546e+00 -1.294580362113723737e+01 1.311651557697075354e+01 1.994346442598521563e+01 1.401468056279372831e+01 4.643634733500308975e+00 -1.660073995489556253e+01 1.024957071950317200e+01 1.852047845242140411e+01 1.338571776135818325e+01
0.000000000000000000e+00 0.000000000000000000e+00 8.569406816051985842e+00 1.413675751880503029e+01 8.872101747912481073e+00 3.054480934100429756e+00 -4.130381789054516695e+00 1.187598713579447463e+01 1.275805252714396865e+01 8.717041084286478281e+00 3.172269393025965112e+00 -3.512419368698825650e+00 8.907804116584083332e+00 1.171737217335828873e+01 8.450589199647954075e+00 3.126632171342305533e+00 -5.175725746804062943e+00 1.445538640643454897e+01 1.486924541363037555e+01 9.830061901821672166e+00 3.453806786878391488e+00 -5.025780690998367994e+00 9.853215721120175630e+00 1.316888428113278664e+01 9.338238386247549982e+00 3.333472158955177900e+00 -8.180321961892540017e+00 7.470121574178525847e+00 1.217314891046521375e+01 8.966261803755637416e+00 3.222109402510547227e+00 -7.079761646963284250e+00 1.243799965864772084e+01 1.483292951110606595e+01 1.014647573945695846e+01 3.535195334652559307e+00 -8.942739723353374970e+00 8.471088865938195767e+00 1.320322597311744062e+01 9.525395112401128017e+00 3.329398522707466057e+00 -1.135846713663704755e+01 6.583043423192814103e+00 1.226405438626253108e+01 9.105057972435632863e+00
0.000000000000000000e+00 0.000000000000000000e+00 2.870550764174746305e+00 4.868619451421744238e+00 3.258668087690876902e+00 1.283953581573969105e+00 -1.163406092368594713e+00 3.974147021927018741e+00 4.370433147159123344e+00 3.172269393025965112e+00 1.313955805206952876e+00 -1.006776820232935465e+00 3.012328260343932751e+00 4.018302545158840999e+00 3.072016544400750782e+00 1.293804377588150478e+00 -1.465131237665129982e+00 4.823241994219217510e+00 5.064334281807778559e+00 3.541445048740120338e+00 1.406328053337679407e+00 -1.491304258055019094e+00 3.340615125693104037e+00 4.500662406335569798e+00 3.362750723182996726e+00 1.357875062122411380e+00 -2.514814519393070658e+00 2.574714210125408798e+00 4.173886632637613836e+00 3.234774694137277695e+00 1.316096833657296905e+00 -2.095633907323386946e+00 4.186679218450780837e+00 5.049828472214523245e+00 3.630504331112493599e+00 1.423294663122702586e+00 -2.761183405134640001e+00 2.918430568557276672e+00 4.517937521328500239e+00 3.417407963116945613e+00 1.346609114002698560e+00 -3.552565182611425065e+00 2.312237203201414015e+00 4.212998564542358437e+00 3.275665942253094709e+00
0.000000000000000000e+00 0.000000000000000000e+00 -3.447071815767623337e-01 -7.103050277084349773e+00 -3.967289076624523680e+00 -9.746801253370175333e-01 2.946590893421952728e+01 4.274135664372070154e-01 -4.922318236270304403e+00 -3.512419368698825650e+00 -1.006776820232935465e+00 2.518370732611360552e+01 4.121059934723550811e+00 -3.539993174995729852e+00 -3.144112459648575886e+00 -9.312243665616800614e-01 3.594855726294418474e+01 -1.115455483003204407e+00 -6.795534263340434755e+00 -4.607270285917260288e+00 -1.322269232703506825e+00 3.140540928400776366e+01 4.895739232695730081e+00 -4.499842172586618005e+00 -3.963606554484571998e+00 -1.170748613832248930e+00 3.412930313271409233e+01 7.905066122009282381e+00 -3.277534426365764197e+00 -3.560485395425572630e+00 -1.064951678574997063e+00 3.852611413161777421e+01 2.441387143676437610e+00 -6.300906882240109752e+00 -4.889080401092843253e+00 -1.429373667079118171e+00 3.798917233370046631e+01 7.599504940553439170e+00 -4.260925859666893523e+00 -4.202714078049614166e+00 -1.235161463944865590e+00 4.017608157018380410e+01 9.932364770378155683e+00 -3.183065899332988113e+00 -3.778749877587326722e+00
0.000000000000000000e+00 0.000000000000000000e+00 1.066148418268002551e+01 1.461922300174183320e+01 8.864009513791033967e+00 2.861846792233462722e+00 4.971034106506200700e+00 1.503354470106169138e+01 1.381273934106244461e+01 8.907804116584083332e+00 3.012328260343932751e+00 4.121059934723550811e+00 1.259266762444393883e+01 1.305497650064762460e+01 8.732292636170333466e+00 2.990631579460361511e+00 5.767174814280197737e+00 1.763538797688140747e+01 1.574254527220442590e+01 9.878626291224307465e+00 3.256725208072657640e+00 4.310789877551758131e+00 1.391867137662817022e+01 1.447988061521986580e+01 9.528950896562527362e+00 3.176575990717090292e+00 1.355969433794881107e+00 1.198239245622747973e+01 1.368995176539350389e+01 9.222863265251115550e+00 3.084038369387736900e+00 4.025206216443086404e+00 1.622101970596841625e+01 1.586418647058201792e+01 1.018727636286062399e+01 3.343356699548950317e+00 1.737057436963890034e+00 1.301705263945705227e+01 1.456817314207699354e+01 9.679208977339710529e+00 3.172277673448824054e+00 -4.362743580407745791e-01 1.147973588173954340e+01 1.378338259517570918e+01 9.317703451585922281e+00
0.000000000000000000e+00 0.000000000000000000e+00 1.229259148611313179e+01 1.942592610101780437e+01 1.184359803616110618e+01 3.839425311891179859e+00 -4.111723833559512542e+00 1.708654546124891738e+01 1.770607732802737999e+01 1.171737217335828873e+01 4.018302545158840999e+00 -3.539993174995729852e+00 1.305497650064762460e+01 1.634209722210219340e+01 1.138441526601017273e+01 3.965687370184658445e+00 -5.255456022013338391e+00 2.065315584078789968e+01 2.058819991979842001e+01 1.322049982070879182e+01 4.401610415053571757e+00 -5.320482235201399845e+00 1.440566622871934577e+01 1.833548911454142072e+01 1.259192928260906186e+01 4.253406971168243622e+00 -9.658716004834486668e+00 1.117390863076671081e+01 1.700180618427968682e+01 1.209887644815295005e+01 4.109037140272932653e+00 -7.911451896698002528e+00 1.792563696518768168e+01 2.057091094537701892e+01 1.367317717382522702e+01 4.527693731626523999e+00 -1.048272347418353334e+01 1.253885138025615653e+01 1.838096013869029477e+01 1.284944959345319759e+01 4.260489162763694715e+00 -1.377409703668986296e+01 9.981053430364715595e+00 1.710856847040624729e+01 1.228557674798695842e+01
0.000000000000000000e+00 0.000000000000000000e+00 8.358511927293504229e+00 1.369311273819249486e+01 8.593003792456293866e+00 2.956970859650641881e+00 -3.685719538493500647e+00 1.157905823931398004e+01 1.238020801346606348e+01 8.450589199647954075e+00 3.072016544400750782e+00 -3.144112459648575886e+00 8.732292636170333466e+00 1.138441526601017273e+01 8.197138998496088291e+00 3.028988936477492899e+00 -4.633510177189258172e+00 1.406808530949484926e+01 1.441127307057784890e+01 9.519282251107508586e+00 3.341275959386650118e+00 -4.556466986373403749e+00 9.658339958532403458e+00 1.278412352691082887e+01 9.050251951035681586e+00 3.226692792401399057e+00 -7.592327896861025494e+00 7.375148684628448414e+00 1.183006647243003329e+01 8.693918626700241958e+00 3.120000663729184165e+00 -6.471467509754829983e+00 1.214275634241586665e+01 1.438027181851948200e+01 9.823899240772878017e+00 3.418999374776471534e+00 -8.295375454658435288e+00 8.344074441312402612e+00 1.281909671053195332e+01 9.228948362048555509e+00 3.221720158052679750e+00 -1.061857526241789706e+01 6.535457599105216175e+00 1.191842683454052931e+01 8.825679454968845761e+00
0.000000000000000000e+00 0.000000000000000000e+00 2.840076071178812001e+00 4.795338603982535197e+00 3.209915413805196405e+00 1.263936497426330741e+00 -1.072976961269482832e+00 3.931336079419235574e+00 4.309709266122960791e+00 3.126632171342305533e+00 1.293804377588150478e+00 -9.312243665616800614e-01 2.990631579460361511e+00 3.965687370184658445e+00 3.028988936477492899e+00 1.274297449913323499e+00 -1.354483617609485213e+00 4.766011650387807386e+00 4.990173089556288133e+00 3.488086428870345035e+00 1.383826614380232689e+00 -1.395430625702751115e+00 3.317021146955163147e+00 4.439634805236500448e+00 3.313815404085565852e+00 1.336649802254921582e+00 -2.399519384246703968e+00 2.568353126526449426e+00 4.120180155490653640e+00 3.188716606047097724e+00 1.295841168529456855e+00 -1.972904066554513225e+00 4.146347408967401726e+00 4.977131779291257274e+00 3.575399977976572607e+00 1.400214396074762169e+00 -2.633622482442298907e+00 2.907250462657272383e+00 4.457294961447844983e+00 3.367082178982387486e+00 1.325256168310129823e+00 -3.409792598525526408e+00 2.314658980459609161e+00 4.159023352026044229e+00 3.228394208964223466e+00
0.000000000000000000e+00 0.000000000000000000e+00 -6.053521223065020385e-01 -1.045908835343303878e+01 -5.832697445036973072e+00 -1.414233965159096496e+00 4.242292441561158967e+01 3.783360140564661078e-01 -7.283352477575452788e+00 -5.175725746804062943e+00 -1.465131237665129982e+00 3.594855726294418474e+01 5.767174814280197737e+00 -5.255456022013338391e+00 -4.633510177189258172e+00 -1.354483617609485213e+00 5.162760686742397809e+01 -2.010298431243671136e+00 -1.010054466997780764e+01 -6.820018286836599941e+00 -1.937815251253625970e+00 4.477256162646927606e+01 6.753054519807063727e+00 -6.741639589386494436e+00 -5.875565927673237709e+00 -1.715811203900536652e+00 4.884889443022802169e+01 1.118214636090007019e+01 -4.937016045876444714e+00 -5.277270763697749167e+00 -1.559279964051965672e+00 5.497157323105159321e+01 3.071510961351939795e+00 -9.439998525152082820e+00 -7.265099193304465075e+00 -2.103236380798451766e+00 5.437636935132768912e+01 1.064616315020723825e+01 -6.438957802728336510e+00 -6.250285240259515263e+00 -1.816321885018093996e+00 5.766762297423053951e+01 1.410192768746502878e+01 -4.840345729104185146e+00 -5.617379688202914778e+00
0.000000000000000000e+00 0.000000000000000000e+00 1.578632719026886733e+01 2.415933267932708262e+01 1.454942362846577630e+01 4.594068539689749819e+00 -1.502405365005383686e+00 2.248564144026626721e+01 2.224358294751938558e+01 1.445538640643454897e+01 4.823241994219217510e+00 -1.115455483003204407e+00 1.763538797688140747e+01 2.065315584078789968e+01 1.406808530949484926e+01 4.766011650387807386e+00 -2.010298431243671136e+00 2.713669981601669434e+01 2.587511462948738838e+01 1.631621632615417994e+01 5.288495779043941525e+00 -2.407860458076314991e+00 1.964715993447227760e+01 2.324496313061082020e+01 1.557739940289635427e+01 5.117185059194642172e+00 -7.927247834899132428e+00 1.571389309322166206e+01 2.164536342374230315e+01 1.498132566740233251e+01 4.945826459728118962e+00 -4.910188420792609421e+00 2.409442562408975164e+01 2.601768683685178729e+01 1.690812511655527572e+01 5.448068165954832232e+00 -8.353807011027237550e+00 1.756247302133609978e+01 2.339488212091846364e+01 1.591253753006140670e+01 5.129003431198325913e+00 -1.255279831748247865e+01 1.441758253070383589e+01 2.183686128140795191e+01 1.522247739891640705e+01
0.000000000000000000e+00 0.000000000000000000e+00 1.512157667564955688e+01 2.481782236632593097e+01 1.508100096235795817e+01 4.841319505007459334e+00 -8.134625146608154722e+00 2.115709224709235770e+01 2.244070237065745488e+01 1.486924541363037555e+01 5.064334281807778559e+00 -6.795534263340434755e+00 1.574254527220442590e+01 2.058819991979842001e+01 1.441127307057784890e+01 4.990173089556288133e+00 -1.010054466997780764e+01 2.587511462948738838e+01 2.629462032982593556e+01 1.688831768217841045e+01 5.578192217708945577e+00 -9.508136159023230505e+00 1.745782610755900066e+01 2.324214738888953136e+01 1.603215927669531382e+01 5.376154919173981028e+00 -1.529778593687186827e+01 1.307828813594792194e+01 2.143750838743011045e+01 1.536985686851681798e+01 5.185272581382855961e+00 -1.342084638934035468e+01 2.219680992773259121e+01 2.627819958247295773e+01 1.750563875203807740e+01 5.748101038581002520e+00 -1.665225672751755326e+01 1.489587873465906398e+01 2.331844029158558484e+01 1.639859214032726342e+01 5.394123176716878021e+00 -2.108926545390689711e+01 1.141461012279649623e+01 2.159972151163119491e+01 1.564354120113623914e+01
0.000000000000000000e+00 0.000000000000000000e+00 9.593753010515955637e+00 1.603957625166863821e+01 1.001305265014831392e+01 3.407377215094261391e+00 -5.488329530721549609e+00 1.333276337745807183e+01 1.443309743310788029e+01 9.830061901821672166e+00 3.541445048740120338e+00 -4.607270285917260288e+00 9.878626291224307465e+00 1.322049982070879182e+01 9.519282251107508586e+00 3.488086428870345035e+00 -6.820018286836599941e+00 1.631621632615417994e+01 1.688831768217841045e+01 1.112833222917911868e+01 3.871507568475243133e+00 -6.455505575459361545e+00 1.095034152444694975e+01 1.490679543240732308e+01 1.055636287862972011e+01 3.732131258032008514e+00 -1.011897698931528744e+01 8.163081824533879427e+00 1.374433147554669432e+01 1.012368175906797063e+01 3.603840799874171275e+00 -8.965572416846040227e+00 1.396163268076773889e+01 1.685401970367483671e+01 1.150576405076019704e+01 3.970398511270857522e+00 -1.107756857066245892e+01 9.320120625774778844e+00 1.495250330034442499e+01 1.078387012520033750e+01 3.733339734293800394e+00 -1.389149616702279744e+01 7.106995538421031711e+00 1.385500239123439847e+01 1.029473513241378058e+01
0.000000000000000000e+00 0.000000000000000000e+00 3.152100044768858744e+00 5.358474405242263039e+00 3.547029355051468880e+00 1.371622671323720732e+00 -1.540480731465210473e+00 4.346641314648900689e+00 4.799701087964939106e+00 3.453806786878391488e+00 1.406328053337679407e+00 -1.322269232703506825e+00 3.256725208072657640e+00 4.401610415053571757e+00 3.341275959386650118e+00 1.383826614380232689e+00 -1.937815251253625970e+00 5.288495779043941525e+00 5.578192217708945577e+00 3.871507568475243133e+00 1.513810654890769047e+00 -1.914205431077000252e+00 3.602147142800653512e+00 4.938285394689321706e+00 3.670963311043560662e+00 1.460060820628435119e+00 -3.059587669259977716e+00 2.731861512877194365e+00 4.567346107959252777e+00 3.526289493157335198e+00 1.413236053608313059e+00 -2.653137222966479580e+00 4.549247152633119740e+00 5.557355626759894029e+00 3.976100934261332487e+00 1.537194671780773847e+00 -3.371034590040766776e+00 3.104026555279114419e+00 4.952963335619894991e+00 3.735724424627824281e+00 1.451571869978784735e+00 -4.252599346710908002e+00 2.415785016629713677e+00 4.606902719456592799e+00 3.575279017665297321e+00
0.000000000000000000e+00 0.000000000000000000e+00 -1.397360055634737863e+00 -9.841251114920213539e+00 -5.572241957526071765e+00 -1.434219697005128635e+00 3.649485786279306154e+01 -4.512049852472552192e-01 -7.091202301647490991e+00 -5.025780690998367994e+00 -1.491304258055019094e+00 3.140540928400776366e+01 4.310789877551758131e+00 -5.320482235201399845e+00 -4.556466986373403749e+00 -1.395430625702751115e+00 4.477256162646927606e+01 -2.407860458076314991e+00 -9.508136159023230505e+00 -6.455505575459361545e+00 -1.914205431077000252e+00 3.956773287275682094e+01 5.350790123173679191e+00 -6.565372459214466438e+00 -5.635263778197912465e+00 -1.721075252074447448e+00 4.306794108069359339e+01 9.213235967196096610e+00 -4.991826712431609359e+00 -5.109861480067825923e+00 -1.579732515456853115e+00 4.853612607971889048e+01 2.254193205541737743e+00 -8.864009052857511506e+00 -6.832426014209249665e+00 -2.065658489876379900e+00 4.816862534165480980e+01 8.886753702921499354e+00 -6.240874626149000903e+00 -5.944337546753001966e+00 -1.808875615620187283e+00 5.090160061406822223e+01 1.186517401542024430e+01 -4.851789182351168073e+00 -5.388383350791291271e+00
0.000000000000000000e+00 0.000000000000000000e+00 1.155534883997972351e+01 1.613736762069085273e+01 9.814644483887292381e+00 3.179810499188622241e+00 5.644986545633088326e+00 1.661457513660620577e+01 1.524470746133114751e+01 9.853215721120175630e+00 3.340615125693104037e+00 4.895739232695730081e+00 1.391867137662817022e+01 1.440566622871934577e+01 9.658339958532403458e+00 3.317021146955163147e+00 6.753054519807063727e+00 1.964715993447227760e+01 1.745782610755900066e+01 1.095034152444694975e+01 3.602147142800653512e+00 5.350790123173679191e+00 1.556277016765026389e+01 1.607259841219251584e+01 1.056305932042294593e+01 3.512826474788183884e+00 1.959410079666276561e+00 1.339063525723753223e+01 1.519161430190660234e+01 1.022400544966905578e+01 3.412830679124539301e+00 5.179101299425927785e+00 1.823903332755428863e+01 1.767193740859284645e+01 1.131073314667183816e+01 3.689617606913965453e+00 2.529805171719174073e+00 1.467215848010056689e+01 1.623473334955241043e+01 1.074641679882095957e+01 3.502416811283789677e+00 -2.860515445115379210e-02 1.292236442155610199e+01 1.535059010575136895e+01 1.034393798363669958e+01
0.000000000000000000e+00 0.000000000000000000e+00 1.363066643377452536e+01 2.188126768509486197e+01 1.332574862226340251e+01 4.302027259368705003e+00 -5.389908162778811018e+00 1.910681694986890733e+01 1.990194130052576682e+01 1.316888428113278664e+01 4.500662406335569798e+00 -4.499842172586618005e+00 1.447988061521986580e+01 1.833548911454142072e+01 1.278412352691082887e+01 4.439634805236500448e+00 -6.741639589386494436e+00 2.324496313061082020e+01 2.324214738888953136e+01 1.490679543240732308e+01 4.938285394689321706e+00 -6.565372459214466438e+00 1.607259841219251584e+01 2.066235302619513803e+01 1.418364358933930269e+01 4.767604145532715165e+00 -1.159092546709865346e+01 1.233482823291706154e+01 1.912610117411124122e+01 1.361749053332086312e+01 4.603802756914852523e+00 -9.602008418743542606e+00 2.017033425317528383e+01 2.326835404914349326e+01 1.544167836302560559e+01 5.081710953742480719e+00 -1.257251129375464593e+01 1.395082428811722153e+01 2.075076912884846436e+01 1.449575368474549286e+01 4.777564910440732504e+00 -1.641870120467731198e+01 1.097718361327541103e+01 1.927955641665615616e+01 1.384748774570462437e+01
0.000000000000000000e+00 0.000000000000000000e+00 9.188120871137881451e+00 1.521240832127274167e+01 9.500295227926098818e+00 3.234251757031477492e+00 -4.714401397615660905e+00 1.276088412209928613e+01 1.372335792229322138e+01 9.338238386247549982e+00 3.362750723182996726e+00 -3.963606554484571998e+00 9.528950896562527362e+00 1.259192928260906186e+01 9.050251951035681586e+00 3.313815404085565852e+00 -5.875565927673237709e+00 1.557739940289635427e+01 1.603215927669531382e+01 1.055636287862972011e+01 3.670963311043560662e+00 -5.635263778197912465e+00 1.056305932042294593e+01 1.418364358933930269e+01 1.002486004331718128e+01 3.541603289038206981e+00 -9.080211226186078122e+00 7.957886736258905636e+00 1.309686274632785263e+01 9.620232305663558137e+00 3.421546423676906201e+00 -7.897061628746409490e+00 1.339052477687326537e+01 1.600781303873278461e+01 1.091224302026499338e+01 3.763223815715709630e+00 -9.937396682460160946e+00 9.055637123102505015e+00 1.423100619152359414e+01 1.023737678423704622e+01 3.541259089694138940e+00 -1.258133470130894693e+01 6.987068484010499958e+00 1.320353285567544432e+01 9.778988237290592522e+00
0.000000000000000000e+00 0.000000000000000000e+00 3.059867530405627978e+00 5.162355078353554561e+00 3.420662648178154353e+00 1.324020892504645719e+00 -1.358205448852540353e+00 4.214559085465845456e+00 4.632192836503150168e+00 3.333472158955177900e+00 1.357875062122411380e+00 -1.170748613832248930e+00 3.176575990717090292e+00 4.253406971168243622e+00 3.226692792401399057e+00 1.336649802254921582e+00 -1.715811203900536652e+00 5.117185059194642172e+00 5.376154919173981028e+00 3.732131258032008514e+00 1.460060820628435119e+00 -1.721075252074447448e+00 3.512826474788183884e+00 4.767604145532715165e+00 3.541603289038206981e+00 1.409033565939403321e+00 -2.815542831434842519e+00 2.684979739599614224e+00 4.414462791421892796e+00 3.403712418676119622e+00 1.364349259231323552e+00 -2.402573201711931450e+00 4.416661161037472638e+00 5.357526229549328001e+00 3.831932955564647081e+00 1.482100732499887608e+00 -3.102905164568976470e+00 3.042739708693270373e+00 4.782385594804842377e+00 3.602892929238083575e+00 1.400366686010580342e+00 -3.944390467274602852e+00 2.388216902401184782e+00 4.452778699876731139e+00 3.449802764816931600e+00
0.000000000000000000e+00 0.000000000000000000e+00 -4.302248551887863037e+00 -1.526361701311529551e+01 -8.803717894564028867e+00 -2.413562634023951770e+00 3.991119043595129057e+01 -4.766078278836066495e+00 -1.189611836234638709e+01 -8.180321961892540017e+00 -2.514814519393070658e+00 3.412930313271409233e+01 1.355969433794881107e+00 -9.658716004834486668e+00 -7.592327896861025494e+00 -2.399519384246703968e+00 4.884889443022802169e+01 -7.927247834899132428e+00 -1.529778593687186827e+01 -1.011897698931528744e+01 -3.059587669259977716e+00 4.306794108069359339e+01 1.959410079666276561e+00 -1.159092546709865346e+01 -9.080211226186078122e+00 -2.815542831434842519e+00 4.806715124672666661e+01 6.960831950226081588e+00 -9.559552878073406035e+00 -8.391336834362798314e+00 -2.630643256197593871e+00 5.323612823256477355e+01 -2.382818537735464481e+00 -1.469087682937211170e+01 -1.066149705386381541e+01 -3.250148680820813762e+00 5.358957174982268867e+01 6.142760716400222698e+00 -1.131910227541003167e+01 -9.498037145857868069e+00 -2.910858075317234395e+00 5.751001674686845178e+01 1.004464607889582517e+01 -9.489079479204429290e+00 -8.755945833943446388e+00
0.000000000000000000e+00 0.000000000000000000e+00 9.403972692282144052e+00 1.198855096498607509e+01 7.362006395087188793e+00 2.448689410678066558e+00 9.293327790797860644e+00 1.356184097220084617e+01 1.162354470414212848e+01 7.470121574178525847e+00 2.574714210125408798e+00 7.905066122009282381e+00 1.198239245622747973e+01 1.117390863076671081e+01 7.375148684628448414e+00 2.568353126526449426e+00 1.118214636090007019e+01 1.571389309322166206e+01 1.307828813594792194e+01 8.163081824533879427e+00 2.731861512877194365e+00 9.213235967196096610e+00 1.339063525723753223e+01 1.233482823291706154e+01 7.957886736258905636e+00 2.684979739599614224e+00 6.960831950226081588e+00 1.214242778773034637e+01 1.182903881767511045e+01 7.752618709549199849e+00 2.621459376378581840e+00 1.021088006966160577e+01 1.511462250938806307e+01 1.330616959729611715e+01 8.396360365864332209e+00 2.783004095058761784e+00 8.020927390600510520e+00 1.309640002760616007e+01 1.248538138751586679e+01 8.056554438704791821e+00 2.663676105945396611e+00 6.352320174677447362e+00 1.208552600999176541e+01 1.195590210123380537e+01 7.804560988848538550e+00
0.000000000000000000e+00 0.000000000000000000e+00 1.274060593895631577e+01 2.016248896279122249e+01 1.230088809883897127e+01 3.989768842138309068e+00 -3.907287071687910007e+00 1.786124790329125744e+01 1.840521429883738591e+01 1.217314891046521375e+01 4.173886632637613836e+00 -3.277534426365764197e+00 1.368995176539350389e+01 1.700180618427968682e+01 1.183006647243003329e+01 4.120180155490653640e+00 -4.937016045876444714e+00 2.164536342374230315e+01 2.143750838743011045e+01 1.374433147554669432e+01 4.567346107959252777e+00 -4.991826712431609359e+00 1.519161430190660234e+01 1.912610117411124122e+01 1.309686274632785263e+01 4.414462791421892796e+00 -9.559552878073406035e+00 1.182903881767511045e+01 1.774524783180402565e+01 1.258648107937066030e+01 4.266159799313277823e+00 -7.551232957295360038e+00 1.890525455250583420e+01 2.147605116144321613e+01 1.422735112565299609e+01 4.695173679208768824e+00 -1.033734046066667034e+01 1.331525540269180752e+01 1.921339586876057126e+01 1.337464205802277384e+01 4.419660574187711077e+00 -1.382700800322084156e+01 1.064081757933957384e+01 1.788751237317621445e+01 1.278891696623860952e+01
0.000000000000000000e+00 0.000000000000000000e+00 8.851342956980708720e+00 1.458054502992331969e+01 9.117032450040650104e+00 3.111441999572671868e+00 -4.226116701579268664e+00 1.229191785407789617e+01 1.317172383237526745e+01 8.966261803755637416e+00 3.234774694137277695e+00 -3.560485395425572630e+00 9.222863265251115550e+00 1.209887644815295005e+01 8.693918626700241958e+00 3.188716606047097724e+00 -5.277270763697749167e+00 1.498132566740233251e+01 1.536985686851681798e+01 1.012368175906797063e+01 3.526289493157335198e+00 -5.109861480067825923e+00 1.022400544966905578e+01 1.361749053332086312e+01 9.620232305663558137e+00 3.403712418676119622e+00 -8.391336834362798314e+00 7.752618709549199849e+00 1.258648107937066030e+01 9.236213093984531497e+00 3.289620137620942852e+00 -7.206481522088045821e+00 1.291479178486194002e+01 1.535000225996041756e+01 1.046114610146437229e+01 3.612662892528234693e+00 -9.177270374780995610e+00 8.804640705034866954e+00 1.366462325587377968e+01 9.820518358728358876e+00 3.401592367434812747e+00 -1.169512624561981795e+01 6.842530537777543387e+00 1.268931613900999444e+01 9.385144330328778040e+00
0.000000000000000000e+00 0.000000000000000000e+00 2.957619029943698852e+00 4.978468279292946441e+00 3.305653288415716595e+00 1.283587846540108268e+00 -1.232926150285251321e+00 4.076852787560607538e+00 4.471308381753026140e+00 3.222109402510547227e+00 1.316096833657296905e+00 -1.064951678574997063e+00 3.084038369387736900e+00 4.109037140272932653e+00 3.120000663729184165e+00 1.295841168529456855e+00 -1.559279964051965672e+00 4.945826459728118962e+00 5.185272581382855961e+00 3.603840799874171275e+00 1.413236053608313059e+00 -1.579732515456853115e+00 3.412830679124539301e+00 4.603802756914852523e+00 3.421546423676906201e+00 1.364349259231323552e+00 -2.630643256197593871e+00 2.621459376378581840e+00 4.266159799313277823e+00 3.289620137620942852e+00 1.321557277010189324e+00 -2.216103375550988908e+00 4.280402278529473747e+00 5.169002246350109075e+00 3.698946956337371805e+00 1.433558885435262109e+00 -2.897139456354701270e+00 2.968044973510993945e+00 4.619310733825675364e+00 3.479735233242439829e+00 1.355204121189621302e+00 -3.705821579478607131e+00 2.342176285904322697e+00 4.304038229535634308e+00 3.333223911981305410e+00
0.000000000000000000e+00 0.000000000000000000e+00 -2.798172153582958455e+00 -1.373322123088669677e+01 -7.763161842214906017e+00 -2.009484553590458411e+00 4.477963838443763223e+01 -2.178263878786993235e+00 -1.020451423108467282e+01 -7.079761646963284250e+00 -2.095633907323386946e+00 3.852611413161777421e+01 4.025206216443086404e+00 -7.911451896698002528e+00 -6.471467509754829983e+00 -1.972904066554513225e+00 5.497157323105159321e+01 -4.910188420792609421e+00 -1.342084638934035468e+01 -8.965572416846040227e+00 -2.653137222966479580e+00 4.853612607971889048e+01 5.179101299425927785e+00 -9.602008418743542606e+00 -7.897061628746409490e+00 -2.402573201711931450e+00 5.323612823256477355e+01 1.021088006966160577e+01 -7.551232957295360038e+00 -7.206481522088045821e+00 -2.216103375550988908e+00 5.981028687906631802e+01 1.065782934582932828e+00 -1.261402894658010965e+01 -9.462901723783486929e+00 -2.854326286321161810e+00 5.944279700648576181e+01 9.704442519833598624e+00 -9.192106200799630145e+00 -8.295236600651186620e+00 -2.515288815348682760e+00 6.308640472973979740e+01 1.359030713727943684e+01 -7.373668301259233004e+00 -7.561733747410939621e+00
0.000000000000000000e+00 0.000000000000000000e+00 1.384433543936093791e+01 2.057576695558140401e+01 1.246915677754226159e+01 3.991240105364922464e+00 2.527497383651489127e+00 2.005134250259490969e+01 1.915787729371223236e+01 1.243799965864772084e+01 4.186679218450780837e+00 2.441387143676437610e+00 1.622101970596841625e+01 1.792563696518768168e+01 1.214275634241586665e+01 4.146347408967401726e+00 3.071510961351939795e+00 2.409442562408975164e+01 2.219680992773259121e+01 1.396163268076773889e+01 4.549247152633119740e+00 2.254193205541737743e+00 1.823903332755428863e+01 2.017033425317528383e+01 1.339052477687326537e+01 4.416661161037472638e+00 -2.382818537735464481e+00 1.511462250938806307e+01 1.890525455250583420e+01 1.291479178486194002e+01 4.280402278529473747e+00 1.065782934582932828e+00 2.196676851279870846e+01 2.244650763531707227e+01 1.446173906448271396e+01 4.668282064818380483e+00 -2.161614573483026991e+00 1.682175066357077142e+01 2.038268015104471687e+01 1.366714197993864488e+01 4.412206119911787461e+00 -5.723474603739401090e+00 1.429711126617526951e+01 1.912888307447143887e+01 1.310922951213326115e+01
0.000000000000000000e+00 0.000000000000000000e+00 1.508185134693270513e+01 2.473510255718665718e+01 1.503769335982013367e+01 4.828489915107819108e+00 -7.651261119548678380e+00 2.123945145405241419e+01 2.240129386152264956e+01 1.483292951110606595e+01 5.049828472214523245e+00 -6.300906882240109752e+00 1.586418647058201792e+01 2.057091094537701892e+01 1.438027181851948200e+01 4.977131779291257274e+00 -9.439998525152082820e+00 2.601768683685178729e+01 2.627819958247295773e+01 1.685401970367483671e+01 5.557355626759894029e+00 -8.864009052857511506e+00 1.767193740859284645e+01 2.326835404914349326e+01 1.600781303873278461e+01 5.357526229549328001e+00 -1.469087682937211170e+01 1.330616959729611715e+01 2.147605116144321613e+01 1.535000225996041756e+01 5.169002246350109075e+00 -1.261402894658010965e+01 2.244650763531707227e+01 2.631855134412936437e+01 1.748233153672766704e+01 5.724012099588795088e+00 -1.596017217444321368e+01 1.518316757445313314e+01 2.338388416654402491e+01 1.638298846683327170e+01 5.373462654523662785e+00 -2.044658708408116965e+01 1.170034929996746875e+01 2.166824454389678323e+01 1.563081583154847110e+01
0.000000000000000000e+00 0.000000000000000000e+00 9.907742105271768907e+00 1.660241133097978050e+01 1.033216407935755399e+01 3.490437704039021316e+00 -5.864059892126523899e+00 1.378912973165314426e+01 1.493648771321893243e+01 1.014647573945695846e+01 3.630504331112493599e+00 -4.889080401092843253e+00 1.018727636286062399e+01 1.367317717382522702e+01 9.823899240772878017e+00 3.575399977976572607e+00 -7.265099193304465075e+00 1.690812511655527572e+01 1.750563875203807740e+01 1.150576405076019704e+01 3.976100934261332487e+00 -6.832426014209249665e+00 1.131073314667183816e+01 1.544167836302560559e+01 1.091224302026499338e+01 3.831932955564647081e+00 -1.066149705386381541e+01 8.396360365864332209e+00 1.422735112565299609e+01 1.046114610146437229e+01 3.698946956337371805e+00 -9.462901723783486929e+00 1.446173906448271396e+01 1.748233153672766704e+01 1.190828295780254820e+01 4.081965464903539065e+00 -1.168093500034149201e+01 9.610233024250732115e+00 1.549765817297397419e+01 1.115631023242506537e+01 3.836170418113252101e+00 -1.462649387165758874e+01 7.292590755008249381e+00 1.434927407134031974e+01 1.064544486187766026e+01
