0.000000000000000000e+00 0.000000000000000000e+00 0.000000000000000000e+00 0.000000000000000000e+00 0.000000000000000000e+00 0.000000000000000000e+00 0.000000000000000000e+00 0.000000000000000000e+00 0.000000000000000000e+00 0.000000000000000000e+00 0.000000000000000000e+00 0.000000000000000000e+00 0.000000000000000000e+00 0.000000000000000000e+00 0.000000000000000000e+00 0.000000000000000000e+00 0.000000000000000000e+00 0.000000000000000000e+00 0.000000000000000000e+00 0.000000000000000000e+00 0.000000000000000000e+00 0.000000000000000000e+00 0.000000000000000000e+00 0.000000000000000000e+00 0.000000000000000000e+00 0.000000000000000000e+00 0.000000000000000000e+00 0.000000000000000000e+00 0.000000000000000000e+00 0.000000000000000000e+00 0.000000000000000000e+00 0.000000000000000000e+00 0.000000000000000000e+00 0.000000000000000000e+00 0.000000000000000000e+00 0.000000000000000000e+00 0.000000000000000000e+00 0.000000000000000000e+00 0.000000000000000000e+00 0.000000000000000000e+00 0.000000000000000000e+00 0.000000000000000000e+00 0.000000000000000000e+00 0.000000000000000000e+00 0.000000000000000000e+00
0.000000000000000000e+00 0.000000000000000000e+00 0.000000000000000000e+00 0.000000000000000000e+00 0.000000000000000000e+00 0.000000000000000000e+00 0.000000000000000000e+00 0.000000000000000000e+00 0.000000000000000000e+00 0.000000000000000000e+00 0.000000000000000000e+00 0.000000000000000000e+00 0.000000000000000000e+00 0.000000000000000000e+00 0.000000000000000000e+00 0.000000000000000000e+00 0.000000000000000000e+00 0.000000000000000000e+00 0.000000000000000000e+00 0.000000000000000000e+00 0.000000000000000000e+00 0.000000000000000000e+00 0.000000000000000000e+00 0.000000000000000000e+00 0.000000000000000000e+00 0.000000000000000000e+00 0.000000000000000000e+00 0.000000000000000000e+00 0.000000000000000000e+00 0.000000000000000000e+00 0.000000000000000000e+00 0.000000000000000000e+00 0.000000000000000000e+00 0.000000000000000000e+00 0.000000000000000000e+00 0.000000000000000000e+00 0.000000000000000000e+00 0.000000000000000000e+00 0.000000000000000000e+00 0.000000000000000000e+00 0.000000000000000000e+00 0.000000000000000000e+00 0.000000000000000000e+00 0.000000000000000000e+00 0.000000000000000000e+00
0.000000000000000000e+00 0.000000000000000000e+00 1.110694507864972991e+01 1.601932251336409863e+01 9.793233044326550285e+00 3.187376821572825758e+00 3.429387823853585204e-01 1.495506471326233644e+01 1.471039333891652845e+01 9.707990958057889586e+00 3.356349972254255576e+00 -4.297684004339731856e-01 1.190731695653517086e+01 1.366898510204547534e+01 9.436499191486765525e+00 3.313358203336241203e+00 -2.253747405220768441e-01 1.758743822486069064e+01 1.682550281936453018e+01 1.086233672456490673e+01 3.709267684207257609e+00 -1.383122801354842446e+00 1.285955651835094748e+01 1.509415134762175015e+01 1.035661015108984628e+01 3.591259836782673798e+00 -4.545454624119640741e+00 1.048525901757546563e+01 1.408661367701429157e+01 9.955582241410072086e+00 3.462633257339162274e+00 -3.233311420264938896e+00 1.537687257977188438e+01 1.669136278296372922e+01 1.117830327000879720e+01 3.848631025870008049e+00 -4.683413289685068648e+00 1.138100875822341607e+01 1.502753789389510253e+01 1.052004092597719165e+01 3.620868657184487027e+00 -6.914500259339405375e+00 9.545401817658341059e+00 1.408176269901535882e+01 1.006650270035494898e+01
0.000000000000000000e+00 0.000000000000000000e+00 1.601932251336409863e+01 2.599821795272228542e+01 1.601790763656191174e+01 5.341462851313748317e+00 -6.607192406718026767e+00 2.224299391924608216e+01 2.323589360266709392e+01 1.562642434837653482e+01 5.567830213566139719e+00 -6.759904602718576072e+00 1.669575039643217096e+01 2.125248984371498295e+01 1.507082446294509737e+01 5.464545555674003907e+00 -9.158124477849545642e+00 2.652831386802796487e+01 2.681846066725019995e+01 1.762332490733644619e+01 6.197731242406558927e+00 -9.622621330195563871e+00 1.780429938729366413e+01 2.351517920774650250e+01 1.660918736670682705e+01 5.948319372433894969e+00 -1.511172594512398959e+01 1.348125046594952181e+01 2.167127528892753929e+01 1.587614974594919914e+01 5.710728381224172701e+00 -1.448496045731785564e+01 2.215260655237978682e+01 2.633413512234492515e+01 1.807893778246048200e+01 6.419983645363108060e+00 -1.622918334517407857e+01 1.479479886141332479e+01 2.325524141511136733e+01 1.685921848627337027e+01 5.998082538501391170e+00 -2.015725392602762867e+01 1.146869312438845512e+01 2.156555501288860555e+01 1.605627555366023884e+01
0.000000000000000000e+00 0.000000000000000000e+00 9.793233044326550285e+00 1.601790763656191174e+01 1.013302668424108255e+01 3.581569513032119456e+00 -3.678073196271451462e+00 1.352967361055361017e+01 1.427665360700168762e+01 9.850992302347943763e+00 3.708598516978003357e+00 -3.883953019916910332e+00 1.020292770392999593e+01 1.306142990045460905e+01 9.497932753360368352e+00 3.639460838382691410e+00 -5.184497245962042200e+00 1.609130707779692671e+01 1.642093887080875447e+01 1.105669540364316106e+01 4.091540525910533077e+00 -5.595110639642523864e+00 1.087016530963632377e+01 1.441164458203881971e+01 1.041985794513847807e+01 3.929462235810314841e+00 -8.872464934172279882e+00 8.296233283798594371e+00 1.329931275711784622e+01 9.968594751895798467e+00 3.778450209792497017e+00 -8.460202743858776131e+00 1.346603795977368279e+01 1.610226891920163794e+01 1.130643948344188310e+01 4.215510180102414850e+00 -9.533977383570478636e+00 9.088363267396749379e+00 1.424719592394315981e+01 1.055662051459278494e+01 3.948071029313002356e+00 -1.187652341305900627e+01 7.114341890411156832e+00 1.323601614765564349e+01 1.006659112368024545e+01
0.000000000000000000e+00 0.000000000000000000e+00 3.187376821572825758e+00 5.341462851313748317e+00 3.581569513032119456e+00 1.434421088681305800e+00 -8.789613880213280606e-01 4.398135401799999400e+00 4.732871011035219233e+00 3.452962354150581170e+00 1.464170618935509038e+00 -1.030877645766232087e+00 3.356829837252141235e+00 4.333924628038864135e+00 3.326245735646349733e+00 1.435765825667630446e+00 -1.310592166699737549e+00 5.203039739873688063e+00 5.404520316333482732e+00 3.837011183175702111e+00 1.588098436974257455e+00 -1.530043672937687171e+00 3.578208495010803070e+00 4.755634569887815744e+00 3.614388450973921252e+00 1.525866255958713058e+00 -2.552307161782134681e+00 2.786483916632216840e+00 4.403034378553719819e+00 3.464019471282079987e+00 1.471360921476572159e+00 -2.378910303653527070e+00 4.388558177302257057e+00 5.287039521354226501e+00 3.896410666104866749e+00 1.618149753405648150e+00 -2.730166808540226420e+00 3.045132870004927383e+00 4.700308143044269471e+00 3.647077396704203611e+00 1.522096689544773840e+00 -3.461927169072034349e+00 2.441839213394544128e+00 4.384953851758860210e+00 3.487221138707223833e+00
0.000000000000000000e+00 0.000000000000000000e+00 3.429387823853585204e-01 -6.607192406718026767e+00 -3.678073196271451462e+00 -8.789613880213280606e-01 2.842594371976394640e+01 6.106925217117953331e-01 -4.161707453871960283e+00 -3.032449776078704140e+00 -8.926068007884950806e-01 2.464583126413594272e+01 4.251379255298039617e+00 -2.748915252362277073e+00 -2.586609924278493899e+00 -7.939571931457621856e-01 3.534732196753711264e+01 -4.279237532842701808e-01 -5.673873538107454984e+00 -4.014526386008226311e+00 -1.274476029182818104e+00 3.102564992798781773e+01 5.665350218154436845e+00 -3.272874712009381959e+00 -3.239985303286958995e+00 -1.086339302380795679e+00 3.343220426213943597e+01 8.551959571925827674e+00 -2.082607468456181277e+00 -2.802191958218686274e+00 -9.528099599148006638e-01 3.886391911831952228e+01 3.688281652397437327e+00 -4.788638862861928303e+00 -4.103271356556200011e+00 -1.407687873096690412e+00 3.740458518621076678e+01 8.825423284614414499e+00 -2.725710944898656951e+00 -3.348535753967902373e+00 -1.173592206799055848e+00 3.916637070999492920e+01 1.098216557212404787e+01 -1.723328516205391292e+00 -2.917443779485374034e+00
0.000000000000000000e+00 0.000000000000000000e+00 1.495506471326233644e+01 2.224299391924608216e+01 1.352967361055361017e+01 4.398135401799999400e+00 6.106925217117953331e-01 2.086522371415020771e+01 2.037224575141921434e+01 1.337075323313951003e+01 4.614516682006060577e+00 -3.578782142000824784e-01 1.657013042288427229e+01 1.890500788928364528e+01 1.298033830415351630e+01 4.548933111978771926e+00 -7.489100353508608421e-02 2.464183413963796809e+01 2.336357941982095099e+01 1.498897817866751936e+01 5.105716963273007281e+00 -1.457557932192105943e+00 1.796743779900430837e+01 2.091662329940484710e+01 1.426053900158300003e+01 4.930874472321050916e+00 -6.023369439572932471e+00 1.461063854531485617e+01 1.949831805027997333e+01 1.369495705175805433e+01 4.749688458921701439e+00 -4.104450178955823425e+00 2.157024722458848842e+01 2.318113211044979138e+01 1.541844127712706225e+01 5.290967409805644728e+00 -6.086189188258626537e+00 1.591100793333798791e+01 2.082858230215033046e+01 1.448325474296182236e+01 4.968070243470470437e+00 -9.348634036512004641e+00 1.330506870828945765e+01 1.949311087427588518e+01 1.384715545599082454e+01
0.000000000000000000e+00 0.000000000000000000e+00 1.471039333891652845e+01 2.323589360266709392e+01 1.427665360700168762e+01 4.732871011035219233e+00 -4.161707453871960283e+00 2.037224575141921434e+01 2.092096589190686373e+01 1.398525569597125262e+01 4.943291930772302223e+00 -4.559293436777574371e+00 1.555467593387849945e+01 1.921882484986301165e+01 1.351728248514928588e+01 4.858726238059497327e+00 -6.029649475084783994e+00 2.421450330281233221e+01 2.409290260303226106e+01 1.573935950132138650e+01 5.489665681333217861e+00 -6.777230976626181125e+00 1.666549643653495494e+01 2.125843580028824320e+01 1.488001201875848700e+01 5.279845623809487520e+00 -1.162005553289487736e+01 1.291270598104561884e+01 1.966068911138205877e+01 1.424555124820927965e+01 5.074930357883788545e+00 -1.066729974144504212e+01 2.050250331479699994e+01 2.372777255406265695e+01 1.615972538996346231e+01 5.686170716241225165e+00 -1.239109787597982759e+01 1.413407318079958053e+01 2.106615689100405575e+01 1.510632236133197637e+01 5.321926122976326390e+00 -1.585437773410236240e+01 1.124182224947204389e+01 1.959208738261687088e+01 1.440589050459136011e+01
0.000000000000000000e+00 0.000000000000000000e+00 9.707990958057889586e+00 1.562642434837653482e+01 9.850992302347943763e+00 3.452962354150581170e+00 -3.032449776078704140e+00 1.337075323313951003e+01 1.398525569597125262e+01 9.602150046652685234e+00 3.581850840545298897e+00 -3.316996731598646608e+00 1.016896903087354076e+01 1.282338381346911227e+01 9.269476299201603098e+00 3.518031189514917667e+00 -4.371249366835360028e+00 1.587479767225977056e+01 1.606971272279220386e+01 1.076954911464056863e+01 3.949834358759608310e+00 -4.886160831300023766e+00 1.085898425541942025e+01 1.414831651657565104e+01 1.016713359929258687e+01 3.797741624655929904e+00 -8.063102652993940467e+00 8.381520231943934363e+00 1.307874109325851286e+01 9.734429096705994766e+00 3.653685689289235317e+00 -7.531602446898366665e+00 1.337659609852655684e+01 1.578269171463213993e+01 1.102136093564062236e+01 4.071551854000932558e+00 -8.641101491068186036e+00 9.169729255057747608e+00 1.400156902413398008e+01 1.030338029951729695e+01 3.816280635234730489e+00 -1.090990781908783802e+01 7.267967287102755414e+00 1.302579781443007612e+01 9.831103324375936481e+00
0.000000000000000000e+00 0.000000000000000000e+00 3.356349972254255576e+00 5.567830213566139719e+00 3.708598516978003357e+00 1.464170618935509038e+00 -8.926068007884950806e-01 4.614516682006060577e+00 4.943291930772302223e+00 3.581850840545298897e+00 1.497563338227148932e+00 -1.052195253904824934e+00 3.527613076199013431e+00 4.529542086470899953e+00 3.452162231763585609e+00 1.469073380023523168e+00 -1.337043050400326338e+00 5.457550587950509069e+00 5.646443055577459624e+00 3.983059684150460633e+00 1.626618784660094130e+00 -1.572140666363377015e+00 3.761590776530193914e+00 4.972485639735327645e+00 3.754481833630759713e+00 1.563539392198004752e+00 -2.640336879928987024e+00 2.933667888626141362e+00 4.604859730633958925e+00 3.598606292679754848e+00 1.507580764124709871e+00 -2.450790939414821068e+00 4.608877732565413332e+00 5.527607879172390604e+00 4.048641099948072863e+00 1.659523363588578881e+00 -2.824770204180822475e+00 3.204487434596703377e+00 4.916200947555029011e+00 3.790363145019307378e+00 1.560885900953825400e+00 -3.588282520760357031e+00 2.573128725756979485e+00 4.586593701912630827e+00 3.623989937955251595e+00
0.000000000000000000e+00 0.000000000000000000e+00 -4.297684004339731856e-01 -6.759904602718576072e+00 -3.883953019916910332e+00 -1.030877645766232087e+00 2.464583126413594272e+01 -3.578782142000824784e-01 -4.559293436777574371e+00 -3.316996731598646608e+00 -1.052195253904824934e+00 2.158909659817552296e+01 2.974304694222750900e+00 -3.275846375225472951e+00 -2.915831022887965140e+00 -9.643842720896224074e-01 3.077346776993337940e+01 -1.359464049803261076e+00 -5.967994618527034056e+00 -4.224189443402543098e+00 -1.399376840404653821e+00 2.732675093099676644e+01 4.195964330819238697e+00 -3.790844425154800135e+00 -3.525137002282730858e+00 -1.229498159443094263e+00 2.956713955058209820e+01 6.818407234567874120e+00 -2.707273667019261421e+00 -3.124404995172170629e+00 -1.106195468826653538e+00 3.426067789926431573e+01 2.376605315321256739e+00 -5.175559287326799485e+00 -4.309724157739565520e+00 -1.518741359428338544e+00 3.310039016671840528e+01 7.034534452325165610e+00 -3.300999058333053071e+00 -3.620669982374205453e+00 -1.302370025306423207e+00 3.471651305450011193e+01 8.987534719561267593e+00 -2.385690623489954643e+00 -3.223644738661439302e+00
0.000000000000000000e+00 0.000000000000000000e+00 1.190731695653517086e+01 1.669575039643217096e+01 1.020292770392999593e+01 3.356829837252141235e+00 4.251379255298039617e+00 1.657013042288427229e+01 1.555467593387849945e+01 1.016896903087354076e+01 3.527613076199013431e+00 2.974304694222750900e+00 1.366911783686460602e+01 1.458915634444004894e+01 9.922711144344765088e+00 3.489861921987813531e+00 4.622009994500792196e+00 1.940066216319416270e+01 1.770817026145344286e+01 1.131136260180394260e+01 3.862792411093276979e+00 2.927166773707384539e+00 1.495236201605051107e+01 1.610368962251601843e+01 1.084357071145265827e+01 3.751290517238480504e+00 -3.405581931012803820e-01 1.269336249616764967e+01 1.514633916806016245e+01 1.045742178178387150e+01 3.626730156432646179e+00 1.896603946734207069e+00 1.752190397662212362e+01 1.768219449721771142e+01 1.163809705519124726e+01 3.991069419843008781e+00 1.199174960550185437e-01 1.375028492244159040e+01 1.610623814287733779e+01 1.100389930549430240e+01 3.768603672457975229e+00 -2.207303520311278966e+00 1.198707242267908413e+01 1.518881265145103221e+01 1.056101825237019298e+01
0.000000000000000000e+00 0.000000000000000000e+00 1.366898510204547534e+01 2.125248984371498295e+01 1.306142990045460905e+01 4.333924628038864135e+00 -2.748915252362277073e+00 1.890500788928364528e+01 1.921882484986301165e+01 1.282338381346911227e+01 4.529542086470899953e+00 -3.275846375225472951e+00 1.458915634444004894e+01 1.770383768079089748e+01 1.241060524765321205e+01 4.456066440098083170e+00 -4.213164509703660521e+00 2.241606335481908729e+01 2.209361171496325582e+01 1.440566003579851539e+01 5.018617752362741768e+00 -5.100201086711019904e+00 1.566964848800447285e+01 1.957181304374683606e+01 1.364506134479503352e+01 4.833307466144848519e+00 -9.482668583374699978e+00 1.231112317991307314e+01 1.814262187420725780e+01 1.307698031168109942e+01 4.649765590633989198e+00 -8.384307413061149461e+00 1.913962011940454389e+01 2.179420225842381242e+01 1.479250586764391606e+01 5.195255645224487573e+00 -1.005328035055349645e+01 1.345043231948912243e+01 1.941648694927900110e+01 1.385042946204848668e+01 4.868803935689756557e+00 -1.318484439016357079e+01 1.086027217871670203e+01 1.809302332925867063e+01 1.322067398648952086e+01
0.000000000000000000e+00 0.000000000000000000e+00 9.436499191486765525e+00 1.507082446294509737e+01 9.497932753360368352e+00 3.326245735646349733e+00 -2.586609924278493899e+00 1.298033830415351630e+01 1.351728248514928588e+01 9.269476299201603098e+00 3.452162231763585609e+00 -2.915831022887965140e+00 9.922711144344765088e+00 1.241060524765321205e+01 8.954633979718334302e+00 3.392260103404396876e+00 -3.800541155691385953e+00 1.539205107751480384e+01 1.551807222772055717e+01 1.038760072303586668e+01 3.802996053761408479e+00 -4.368824045048980587e+00 1.060772279298058152e+01 1.368829689129252714e+01 9.816365715062701724e+00 3.659062644434726508e+00 -7.415187991632247844e+00 8.243452353834673119e+00 1.266741344227696153e+01 9.403582475512322958e+00 3.521751813465412884e+00 -6.829174263609750106e+00 1.302115954332024295e+01 1.525195588787844692e+01 1.063194302990141082e+01 3.919419893591794768e+00 -7.933058563549088227e+00 9.009992145408334707e+00 1.355312354904209471e+01 9.947397314657461465e+00 3.675990423391414019e+00 -1.010735975536540465e+01 7.194816479077833726e+00 1.262046006566971279e+01 9.495877043748700785e+00
0.000000000000000000e+00 0.000000000000000000e+00 3.313358203336241203e+00 5.464545555674003907e+00 3.639460838382691410e+00 1.435765825667630446e+00 -7.939571931457621856e-01 4.548933111978771926e+00 4.858726238059497327e+00 3.518031189514917667e+00 1.469073380023523168e+00 -9.643842720896224074e-01 3.489861921987813531e+00 4.456066440098083170e+00 3.392260103404396876e+00 1.441579618727725887e+00 -1.211769949985188166e+00 5.374936485224989013e+00 5.546163701668272772e+00 3.909776812789358846e+00 1.594670321209599173e+00 -1.460799742280803670e+00 3.723833296958376504e+00 4.890467332485076923e+00 3.687896658824675988e+00 1.533529804424854426e+00 -2.504220973176159326e+00 2.917673853457377842e+00 4.532332193767742545e+00 3.536057545071568775e+00 1.479051326463065585e+00 -2.300790079173596681e+00 4.551298744013675623e+00 5.431956638128547787e+00 3.974460283517142756e+00 1.626747806086629389e+00 -2.676123081632270750e+00 3.184673044119277652e+00 4.836652835183124388e+00 3.722975933439508722e+00 1.530690776696501887e+00 -3.421446368396690918e+00 2.569928970300464854e+00 4.515332980856831213e+00 3.560693243122278862e+00
0.000000000000000000e+00 0.000000000000000000e+00 -2.253747405220768441e-01 -9.158124477849545642e+00 -5.184497245962042200e+00 -1.310592166699737549e+00 3.534732196753711264e+01 -7.489100353508608421e-02 -6.029649475084783994e+00 -4.371249366835360028e+00 -1.337043050400326338e+00 3.077346776993337940e+01 4.622009994500792196e+00 -4.213164509703660521e+00 -3.800541155691385953e+00 -1.211769949985188166e+00 4.409256759178498442e+01 -1.444343662387209903e+00 -7.992164365576161167e+00 -5.642752617194361164e+00 -1.829191295181732180e+00 3.892178120474184766e+01 6.411639248994620566e+00 -4.903346775634780386e+00 -4.648166593151245252e+00 -1.588148435848935724e+00 4.206113360451705319e+01 1.012251826002477451e+01 -3.370965515264918722e+00 -4.082221466510040031e+00 -1.414570742286302085e+00 4.882458024025541476e+01 3.872090307741484771e+00 -6.847274471924094108e+00 -5.755125573686330931e+00 -1.999863481799338150e+00 4.713652727133853659e+01 1.048022727682131183e+01 -4.190524625462233921e+00 -4.780019588147480292e+00 -1.695468730996043227e+00 4.940037493010862590e+01 1.324543601352971756e+01 -2.899739923973897682e+00 -4.221210624444293735e+00
0.000000000000000000e+00 0.000000000000000000e+00 1.758743822486069064e+01 2.652831386802796487e+01 1.609130707779692671e+01 5.203039739873688063e+00 -4.279237532842701808e-01 2.464183413963796809e+01 2.421450330281233221e+01 1.587479767225977056e+01 5.457550587950509069e+00 -1.359464049803261076e+00 1.940066216319416270e+01 2.241606335481908729e+01 1.539205107751480384e+01 5.374936485224989013e+00 -1.444343662387209903e+00 2.922178657399354051e+01 2.785436616970337553e+01 1.784804400093730337e+01 6.059377715242544760e+00 -2.789200750682451879e+00 2.106805488655444236e+01 2.485702210275301027e+01 1.695164836548501697e+01 5.843348674643089602e+00 -8.338556997337903454e+00 1.695773739316166129e+01 2.312172887789363784e+01 1.626079147922854418e+01 5.622738032790508100e+00 -6.230624416622747574e+00 2.547335140895969019e+01 2.763308152562713005e+01 1.837418899611709477e+01 6.287269532105598913e+00 -8.471082359347503754e+00 1.854382914335624122e+01 2.475519587461786131e+01 1.723162318158765061e+01 5.894279088801604338e+00 -1.246189875091851462e+01 1.534620463709144111e+01 2.312200384168035328e+01 1.645628725019561500e+01
0.000000000000000000e+00 0.000000000000000000e+00 1.682550281936453018e+01 2.681846066725019995e+01 1.642093887080875447e+01 5.404520316333482732e+00 -5.673873538107454984e+00 2.336357941982095099e+01 2.409290260303226106e+01 1.606971272279220386e+01 5.646443055577459624e+00 -5.967994618527034056e+00 1.770817026145344286e+01 2.209361171496325582e+01 1.551807222772055717e+01 5.546163701668272772e+00 -7.992164365576161167e+00 2.785436616970337553e+01 2.781041934331361887e+01 1.812801544068994986e+01 6.289897122969879462e+00 -8.641515214454392080e+00 1.898369602912979204e+01 2.448075411106703214e+01 1.711727039823742302e+01 6.043147318806610713e+00 -1.431323838322456865e+01 1.456597873076964156e+01 2.260318292190472178e+01 1.637293886275180910e+01 5.803628108940514174e+00 -1.335316028440015046e+01 2.349310059087041580e+01 2.738776660543433650e+01 1.862631347896104828e+01 6.523660308206649994e+00 -1.526615285605074313e+01 1.599534024481269689e+01 2.426013287617262293e+01 1.739053851504894510e+01 6.098078923332703738e+00 -1.933671400049581024e+01 1.258560921671779376e+01 2.252687037835553951e+01 1.656934089486234285e+01
0.000000000000000000e+00 0.000000000000000000e+00 1.086233672456490673e+01 1.762332490733644619e+01 1.105669540364316106e+01 3.837011183175702111e+00 -4.014526386008226311e+00 1.498897817866751936e+01 1.573935950132138650e+01 1.076954911464056863e+01 3.983059684150460633e+00 -4.224189443402543098e+00 1.131136260180394260e+01 1.440566003579851539e+01 1.038760072303586668e+01 3.909776812789358846e+00 -5.642752617194361164e+00 1.784804400093730337e+01 1.812801544068994986e+01 1.210913842554833053e+01 4.407078173399288978e+00 -6.084432306298825033e+00 1.207903676728587428e+01 1.592080889029082513e+01 1.141826600026903193e+01 4.233273723112652043e+00 -9.722569063049224525e+00 9.224322120058413788e+00 1.469127427649622142e+01 1.092235087999831933e+01 4.069100123288238002e+00 -9.223570956251059272e+00 1.497054441934453806e+01 1.780178665472476496e+01 1.240325182408793658e+01 4.550127538316953490e+00 -1.042816461479161738e+01 1.012111538929343979e+01 1.575409390670191101e+01 1.158045425693665997e+01 4.259344630814573485e+00 -1.303310142664762417e+01 7.926685415880612595e+00 1.463149763959564886e+01 1.103919206296562727e+01
0.000000000000000000e+00 0.000000000000000000e+00 3.709267684207257609e+00 6.197731242406558927e+00 4.091540525910533077e+00 1.588098436974257455e+00 -1.274476029182818104e+00 5.105716963273007281e+00 5.489665681333217861e+00 3.949834358759608310e+00 1.626618784660094130e+00 -1.399376840404653821e+00 3.862792411093276979e+00 5.018617752362741768e+00 3.802996053761408479e+00 1.594670321209599173e+00 -1.829191295181732180e+00 6.059377715242544760e+00 6.289897122969879462e+00 4.407078173399288978e+00 1.774709890156258130e+00 -2.027373569375126916e+00 4.114936563931802738e+00 5.520660000163263526e+00 4.148108814790167465e+00 1.704044195943431372e+00 -3.242669682705281886e+00 3.163146117779933153e+00 5.100322463256159899e+00 3.971102917481030392e+00 1.641202843579102177e+00 -3.082045160375796122e+00 5.081408407809459682e+00 6.155604962765572452e+00 4.485428352240605321e+00 1.814829729890525378e+00 -3.478562261460578231e+00 3.464974086497857986e+00 5.456100665321220511e+00 4.192139159949080707e+00 1.704148407011055522e+00 -4.348573632995567984e+00 2.737852438002662758e+00 5.078546428223982723e+00 4.002975942235705631e+00
0.000000000000000000e+00 0.000000000000000000e+00 -1.383122801354842446e+00 -9.622621330195563871e+00 -5.595110639642523864e+00 -1.530043672937687171e+00 3.102564992798781773e+01 -1.457557932192105943e+00 -6.777230976626181125e+00 -4.886160831300023766e+00 -1.572140666363377015e+00 2.732675093099676644e+01 2.927166773707384539e+00 -5.100201086711019904e+00 -4.368824045048980587e+00 -1.460799742280803670e+00 3.892178120474184766e+01 -2.789200750682451879e+00 -8.641515214454392080e+00 -6.084432306298825033e+00 -2.027373569375126916e+00 3.489182514117311484e+01 4.517890509269922639e+00 -5.793716968912400844e+00 -5.178279797751431879e+00 -1.808892316308006398e+00 3.786657793423266583e+01 7.953813136484214397e+00 -4.373240299958942146e+00 -4.652080764424392001e+00 -1.646532343566232015e+00 4.375990927977710498e+01 2.151833890562328655e+00 -7.598534426195703517e+00 -6.200801396890051720e+00 -2.185033897762306054e+00 4.255415641792912140e+01 8.259879862757079749e+00 -5.141074932337711623e+00 -5.297189455321084317e+00 -1.900058169501016136e+00 4.465652398500110820e+01 1.080862537003787693e+01 -3.939969686951895422e+00 -4.773039867575912254e+00
0.000000000000000000e+00 0.000000000000000000e+00 1.285955651835094748e+01 1.780429938729366413e+01 1.087016530963632377e+01 3.578208495010803070e+00 5.665350218154436845e+00 1.796743779900430837e+01 1.666549643653495494e+01 1.085898425541942025e+01 3.761590776530193914e+00 4.195964330819238697e+00 1.495236201605051107e+01 1.566964848800447285e+01 1.060772279298058152e+01 3.723833296958376504e+00 6.411639248994620566e+00 2.106805488655444236e+01 1.898369602912979204e+01 1.207903676728587428e+01 4.114936563931802738e+00 4.517890509269922639e+00 1.647803595099320262e+01 1.733632576997715802e+01 1.160113605415746107e+01 4.000424505353988636e+00 1.025172206895994975e+00 1.412119718334394314e+01 1.633648619507804156e+01 1.119615555778828764e+01 3.869924565446274389e+00 3.724995361583173903e+00 1.925344369998879657e+01 1.902614349490810142e+01 1.244666209576555893e+01 4.252254255017041906e+00 1.785355833176745399e+00 1.534584929845985535e+01 1.738976300106106265e+01 1.178442785297353090e+01 4.019063530876053392e+00 -7.289317286444123578e-01 1.349215838294017367e+01 1.642168578177892257e+01 1.131599334460693740e+01
0.000000000000000000e+00 0.000000000000000000e+00 1.509415134762175015e+01 2.351517920774650250e+01 1.441164458203881971e+01 4.755634569887815744e+00 -3.272874712009381959e+00 2.091662329940484710e+01 2.125843580028824320e+01 1.414831651657565104e+01 4.972485639735327645e+00 -3.790844425154800135e+00 1.610368962251601843e+01 1.957181304374683606e+01 1.368829689129252714e+01 4.890467332485076923e+00 -4.903346775634780386e+00 2.485702210275301027e+01 2.448075411106703214e+01 1.592080889029082513e+01 5.520660000163263526e+00 -5.793716968912400844e+00 1.733632576997715802e+01 2.167515547273433185e+01 1.507461831022494891e+01 5.314450416731063775e+00 -1.069433912516230656e+01 1.358084189645144413e+01 2.007964715888387630e+01 1.444074632708762884e+01 5.110262258584376660e+00 -9.478272435847019395e+00 2.123405021802885884e+01 2.417090898208247651e+01 1.636368718125316946e+01 5.721143091776855094e+00 -1.130168008811106262e+01 1.487921187321954264e+01 2.151936529740497406e+01 1.531357783002148309e+01 5.358116901504986096e+00 -1.481851728515304067e+01 1.197633417261068622e+01 2.003808416796010050e+01 1.460996836839201940e+01
0.000000000000000000e+00 0.000000000000000000e+00 1.035661015108984628e+01 1.660918736670682705e+01 1.041985794513847807e+01 3.614388450973921252e+00 -3.239985303286958995e+00 1.426053900158300003e+01 1.488001201875848700e+01 1.016713359929258687e+01 3.754481833630759713e+00 -3.525137002282730858e+00 1.084357071145265827e+01 1.364506134479503352e+01 9.816365715062701724e+00 3.687896658824675988e+00 -4.648166593151245252e+00 1.695164836548501697e+01 1.711727039823742302e+01 1.141826600026903193e+01 4.148108814790167465e+00 -5.178279797751431879e+00 1.160113605415746107e+01 1.507461831022494891e+01 1.078238445206260998e+01 3.988489945253302693e+00 -8.578869320303104118e+00 8.950930619695711243e+00 1.393268160670775657e+01 1.032191727991712149e+01 3.836153933472143063e+00 -7.988787115067213840e+00 1.430442350218994108e+01 1.682852142002468554e+01 1.169843560769457369e+01 4.281601721137100469e+00 -9.177306080244315822e+00 9.808746611645153379e+00 1.492906768130293926e+01 1.093526838245125710e+01 4.011670806175019699e+00 -1.161095731547495724e+01 7.770643603383390996e+00 1.388419718229271282e+01 1.043110143152973457e+01
0.000000000000000000e+00 0.000000000000000000e+00 3.591259836782673798e+00 5.948319372433894969e+00 3.929462235810314841e+00 1.525866255958713058e+00 -1.086339302380795679e+00 4.930874472321050916e+00 5.279845623809487520e+00 3.797741624655929904e+00 1.563539392198004752e+00 -1.229498159443094263e+00 3.751290517238480504e+00 4.833307466144848519e+00 3.659062644434726508e+00 1.533529804424854426e+00 -1.588148435848935724e+00 5.843348674643089602e+00 6.043147318806610713e+00 4.233273723112652043e+00 1.704044195943431372e+00 -1.808892316308006398e+00 4.000424505353988636e+00 5.314450416731063775e+00 3.988489945253302693e+00 1.637317323423148396e+00 -2.966142491888150712e+00 3.098116013359211607e+00 4.915528667765289406e+00 3.820386768326863969e+00 1.577616173034257274e+00 -2.783532432957551261e+00 4.920737283770884041e+00 5.918195711168848128e+00 4.308781247996955166e+00 1.742135450519583406e+00 -3.177177075008266183e+00 3.389806481320392528e+00 5.254924107301806480e+00 4.030465623729495128e+00 1.636965537091269240e+00 -4.004857389979338045e+00 2.700525188702446400e+00 4.896297960295169283e+00 3.850502330905950732e+00
0.000000000000000000e+00 0.000000000000000000e+00 -4.545454624119640741e+00 -1.511172594512398959e+01 -8.872464934172279882e+00 -2.552307161782134681e+00 3.343220426213943597e+01 -6.023369439572932471e+00 -1.162005553289487736e+01 -8.063102652993940467e+00 -2.640336879928987024e+00 2.956713955058209820e+01 -3.405581931012803820e-01 -9.482668583374699978e+00 -7.415187991632247844e+00 -2.504220973176159326e+00 4.206113360451705319e+01 -8.338556997337903454e+00 -1.431323838322456865e+01 -9.722569063049224525e+00 -3.242669682705281886e+00 3.786657793423266583e+01 1.025172206895994975e+00 -1.069433912516230656e+01 -8.578869320303104118e+00 -2.966142491888150712e+00 4.212709025500178939e+01 5.489196088528619732e+00 -8.842793735592548998e+00 -7.883768831731187809e+00 -2.750701315003163394e+00 4.804870644852537964e+01 -2.365378971393461871e+00 -1.316472759483271382e+01 -9.949366451066508077e+00 -3.454800107867677550e+00 4.712718984178926718e+01 5.497639153132110934e+00 -9.984872300113888599e+00 -8.763357400010246323e+00 -3.075325178662501546e+00 5.016594565100659509e+01 8.843844365739077062e+00 -8.386206314846237575e+00 -8.054839107447355318e+00
0.000000000000000000e+00 0.000000000000000000e+00 1.048525901757546563e+01 1.348125046594952181e+01 8.296233283798594371e+00 2.786483916632216840e+00 8.551959571925827674e+00 1.461063854531485617e+01 1.291270598104561884e+01 8.381520231943934363e+00 2.933667888626141362e+00 6.818407234567874120e+00 1.269336249616764967e+01 1.231112317991307314e+01 8.243452353834673119e+00 2.917673853457377842e+00 1.012251826002477451e+01 1.695773739316166129e+01 1.456597873076964156e+01 9.224322120058413788e+00 3.163146117779933153e+00 7.953813136484214397e+00 1.412119718334394314e+01 1.358084189645144413e+01 8.950930619695711243e+00 3.098116013359211607e+00 5.489196088528619732e+00 1.263301242760642573e+01 1.294492618232588477e+01 8.687384560629705987e+00 3.011981638114022530e+00 8.436857530059331367e+00 1.607522289324594666e+01 1.472560861764752538e+01 9.507519586079995477e+00 3.254176189342131487e+00 6.651273107012723784e+00 1.366021403811891410e+01 1.370175989192092558e+01 9.082283394503425811e+00 3.099615628868960471e+00 4.879771904537279603e+00 1.247540001582347990e+01 1.306471945835269111e+01 8.766500462577811348e+00
0.000000000000000000e+00 0.000000000000000000e+00 1.408661367701429157e+01 2.167127528892753929e+01 1.329931275711784622e+01 4.403034378553719819e+00 -2.082607468456181277e+00 1.949831805027997333e+01 1.966068911138205877e+01 1.307874109325851286e+01 4.604859730633958925e+00 -2.707273667019261421e+00 1.514633916806016245e+01 1.814262187420725780e+01 1.266741344227696153e+01 4.532332193767742545e+00 -3.370965515264918722e+00 2.312172887789363784e+01 2.260318292190472178e+01 1.469127427649622142e+01 5.100322463256159899e+00 -4.373240299958942146e+00 1.633648619507804156e+01 2.007964715888387630e+01 1.393268160670775657e+01 4.915528667765289406e+00 -8.842793735592548998e+00 1.294492618232588477e+01 1.863843220593427219e+01 1.335918541764114309e+01 4.730495848042734153e+00 -7.525600785009553206e+00 1.988912024785571120e+01 2.234530415518570479e+01 1.509927091663132792e+01 5.281508265976064820e+00 -9.284497520392006820e+00 1.415925587561004306e+01 1.995298373151096172e+01 1.415015225851674430e+01 4.952377630336382452e+00 -1.248994230691960716e+01 1.153646482883533864e+01 1.861118561321914200e+01 1.351153332700437737e+01
0.000000000000000000e+00 0.000000000000000000e+00 9.955582241410072086e+00 1.587614974594919914e+01 9.968594751895798467e+00 3.464019471282079987e+00 -2.802191958218686274e+00 1.369495705175805433e+01 1.424555124820927965e+01 9.734429096705994766e+00 3.598606292679754848e+00 -3.124404995172170629e+00 1.045742178178387150e+01 1.307698031168109942e+01 9.403582475512322958e+00 3.536057545071568775e+00 -4.082221466510040031e+00 1.626079147922854418e+01 1.637293886275180910e+01 1.092235087999831933e+01 3.971102917481030392e+00 -4.652080764424392001e+00 1.119615555778828764e+01 1.444074632708762884e+01 1.032191727991712149e+01 3.820386768326863969e+00 -7.883768831731187809e+00 8.687384560629705987e+00 1.335918541764114309e+01 9.885616107823802068e+00 3.675933317629362040e+00 -7.259224651016834784e+00 1.376407938716255153e+01 1.610428822628527357e+01 1.118947257568217069e+01 4.097156537423968459e+00 -8.421759105814295765e+00 9.511052127218258434e+00 1.430612929311108417e+01 1.046661044532703144e+01 3.841113105597985911e+00 -1.073325190253220107e+01 7.581838136369286829e+00 1.331577389220199414e+01 9.988321291240914945e+00
0.000000000000000000e+00 0.000000000000000000e+00 3.462633257339162274e+00 5.710728381224172701e+00 3.778450209792497017e+00 1.471360921476572159e+00 -9.528099599148006638e-01 4.749688458921701439e+00 5.074930357883788545e+00 3.653685689289235317e+00 1.507580764124709871e+00 -1.106195468826653538e+00 3.626730156432646179e+00 4.649765590633989198e+00 3.521751813465412884e+00 1.479051326463065585e+00 -1.414570742286302085e+00 5.622738032790508100e+00 5.803628108940514174e+00 4.069100123288238002e+00 1.641202843579102177e+00 -1.646532343566232015e+00 3.869924565446274389e+00 5.110262258584376660e+00 3.836153933472143063e+00 1.577616173034257274e+00 -2.750701315003163394e+00 3.011981638114022530e+00 4.730495848042734153e+00 3.675933317629362040e+00 1.520618897756158105e+00 -2.557502033060603974e+00 4.747698347009738029e+00 5.685479968952325436e+00 4.140977467035943604e+00 1.677095876462497470e+00 -2.943035401827743591e+00 3.292889227040674438e+00 5.054337958431954547e+00 3.875785168578868678e+00 1.576660795605163479e+00 -3.732360539363751784e+00 2.637668962248643556e+00 4.712894360747361233e+00 3.704170735831618266e+00
0.000000000000000000e+00 0.000000000000000000e+00 -3.233311420264938896e+00 -1.448496045731785564e+01 -8.460202743858776131e+00 -2.378910303653527070e+00 3.886391911831952228e+01 -4.104450178955823425e+00 -1.066729974144504212e+01 -7.531602446898366665e+00 -2.450790939414821068e+00 3.426067789926431573e+01 1.896603946734207069e+00 -8.384307413061149461e+00 -6.829174263609750106e+00 -2.300790079173596681e+00 4.882458024025541476e+01 -6.230624416622747574e+00 -1.335316028440015046e+01 -9.223570956251059272e+00 -3.082045160375796122e+00 4.375990927977710498e+01 3.724995361583173903e+00 -9.478272435847019395e+00 -7.988787115067213840e+00 -2.783532432957551261e+00 4.804870644852537964e+01 8.436857530059331367e+00 -7.525600785009553206e+00 -7.259224651016834784e+00 -2.557502033060603974e+00 5.526304996879530762e+01 3.239890118215780768e-01 -1.201148816968941979e+01 -9.411668815726624615e+00 -3.301040996118597803e+00 5.386066739399338843e+01 8.672280609713904909e+00 -8.641327781167072786e+00 -8.161397271956033705e+00 -2.903676050121343444e+00 5.689799177100906746e+01 1.218545662819824926e+01 -6.975976175411400249e+00 -7.427953002750620648e+00
0.000000000000000000e+00 0.000000000000000000e+00 1.537687257977188438e+01 2.215260655237978682e+01 1.346603795977368279e+01 4.388558177302257057e+00 3.688281652397437327e+00 2.157024722458848842e+01 2.050250331479699994e+01 1.337659609852655684e+01 4.608877732565413332e+00 2.376605315321256739e+00 1.752190397662212362e+01 1.913962011940454389e+01 1.302115954332024295e+01 4.551298744013675623e+00 3.872090307741484771e+00 2.547335140895969019e+01 2.349310059087041580e+01 1.497054441934453806e+01 5.081408407809459682e+00 2.151833890562328655e+00 1.925344369998879657e+01 2.123405021802885884e+01 1.430442350218994108e+01 4.920737283770884041e+00 -2.365378971393461871e+00 1.607522289324594666e+01 1.988912024785571120e+01 1.376407938716255153e+01 4.747698347009738029e+00 3.239890118215780768e-01 2.286360324424141410e+01 2.346541382905158457e+01 1.543302813458326028e+01 5.263935167590277686e+00 -1.816124645495515333e+00 1.756139757678895919e+01 2.125386772319056661e+01 1.454565567803317094e+01 4.955231700156977226e+00 -5.086932853056863379e+00 1.506721439599541057e+01 1.996605311825167917e+01 1.392880682394268455e+01
0.000000000000000000e+00 0.000000000000000000e+00 1.669136278296372922e+01 2.633413512234492515e+01 1.610226891920163794e+01 5.287039521354226501e+00 -4.788638862861928303e+00 2.318113211044979138e+01 2.372777255406265695e+01 1.578269171463213993e+01 5.527607879172390604e+00 -5.175559287326799485e+00 1.768219449721771142e+01 2.179420225842381242e+01 1.525195588787844692e+01 5.431956638128547787e+00 -6.847274471924094108e+00 2.763308152562713005e+01 2.738776660543433650e+01 1.780178665472476496e+01 6.155604962765572452e+00 -7.598534426195703517e+00 1.902614349490810142e+01 2.417090898208247651e+01 1.682852142002468554e+01 5.918195711168848128e+00 -1.316472759483271382e+01 1.472560861764752538e+01 2.234530415518570479e+01 1.610428822628527357e+01 5.685479968952325436e+00 -1.201148816968941979e+01 2.346541382905158457e+01 2.702270056573378199e+01 1.830552850786914121e+01 6.386365906907037093e+00 -1.395516369662444056e+01 1.618240470481386595e+01 2.398735335895550591e+01 1.710522408776471792e+01 5.972856864828286483e+00 -1.796078884838030376e+01 1.285588332142975787e+01 2.229453993271836865e+01 1.630307455256847149e+01
0.000000000000000000e+00 0.000000000000000000e+00 1.117830327000879720e+01 1.807893778246048200e+01 1.130643948344188310e+01 3.896410666104866749e+00 -4.103271356556200011e+00 1.541844127712706225e+01 1.615972538996346231e+01 1.102136093564062236e+01 4.048641099948072863e+00 -4.309724157739565520e+00 1.163809705519124726e+01 1.479250586764391606e+01 1.063194302990141082e+01 3.974460283517142756e+00 -5.755125573686330931e+00 1.837418899611709477e+01 1.862631347896104828e+01 1.240325182408793658e+01 4.485428352240605321e+00 -6.200801396890051720e+00 1.244666209576555893e+01 1.636368718125316946e+01 1.169843560769457369e+01 4.308781247996955166e+00 -9.949366451066508077e+00 9.507519586079995477e+00 1.509927091663132792e+01 1.118947257568217069e+01 4.140977467035943604e+00 -9.411668815726624615e+00 1.543302813458326028e+01 1.830552850786914121e+01 1.271481358257427807e+01 4.635306696092198919e+00 -1.065670698538059646e+01 1.044426718745526905e+01 1.620170252714756032e+01 1.187116983670098591e+01 4.338125578810400285e+00 -1.334480158430084096e+01 8.181945040166239025e+00 1.504478710904414207e+01 1.131438488372443807e+01
