0.000000000000000000e+00 0.000000000000000000e+00 0.000000000000000000e+00 0.000000000000000000e+00 0.000000000000000000e+00 0.000000000000000000e+00 0.000000000000000000e+00 0.000000000000000000e+00 0.000000000000000000e+00 0.000000000000000000e+00 0.000000000000000000e+00 0.000000000000000000e+00 0.000000000000000000e+00 0.000000000000000000e+00 0.000000000000000000e+00 0.000000000000000000e+00 0.000000000000000000e+00 0.000000000000000000e+00 0.000000000000000000e+00 0.000000000000000000e+00 0.000000000000000000e+00 0.000000000000000000e+00 0.000000000000000000e+00 0.000000000000000000e+00 0.000000000000000000e+00 0.000000000000000000e+00 0.000000000000000000e+00 0.000000000000000000e+00 0.000000000000000000e+00 0.000000000000000000e+00 0.000000000000000000e+00 0.000000000000000000e+00 0.000000000000000000e+00 0.000000000000000000e+00 0.000000000000000000e+00 0.000000000000000000e+00 0.000000000000000000e+00 0.000000000000000000e+00 0.000000000000000000e+00 0.000000000000000000e+00 0.000000000000000000e+00 0.000000000000000000e+00 0.000000000000000000e+00 0.000000000000000000e+00 0.000000000000000000e+00
0.000000000000000000e+00 6.706406099914204333e+00 1.028787895300065180e+01 3.939996241798798149e+00 2.012711702587759000e+00 6.604258443401245238e-01 6.352997479716570695e+00 9.169517193704491476e+00 4.467889015634415095e+00 1.964261883270935538e+00 6.151058006148545365e-01 5.331707101722230391e+00 8.548566120718117389e+00 4.644840203007120749e+00 1.943147964019047436e+00 6.210354213520017375e-01 5.157322103948066783e+00 8.336999111958965258e+00 4.507819021576842111e+00 2.030724834090627429e+00 6.413238061374169074e-01 3.968759754823386832e+00 7.159949529806427293e+00 4.565369592067711757e+00 1.980537760088354693e+00 5.676430887568868489e-01 3.217674399477974845e+00 6.838586370346924070e+00 4.579843837774098425e+00 1.962070768939650156e+00 4.850795329047232762e-01 4.581606011466196726e+00 7.270015224340156124e+00 4.521357680296318016e+00 2.027141118119509144e+00 6.332921085463605326e-01 3.086200605258814011e+00 6.415181115803935796e+00 4.469823075284152125e+00 1.983357522983144161e+00 4.862397408560078516e-01 2.567318984192251463e+00 6.234214750500049362e+00 4.455748504077121197e+00 1.955023932965903377e+00
0.000000000000000000e+00 1.028787895300065180e+01 2.093555344793286110e+01 6.406162209844465494e+00 2.553931480538244259e+00 5.986621736870190169e-01 6.569245065891172963e+00 1.771570150022747470e+01 7.514462682600203003e+00 2.402575258912112766e+00 3.416355372081215092e-01 3.751743611512498244e+00 1.581360584576581019e+01 7.800368722605345972e+00 2.283594891558880402e+00 2.016794086857101875e-01 4.283646886473893467e+00 1.650928152603917098e+01 8.025882730541130883e+00 2.771654662342581066e+00 4.553652681692502702e-01 2.703556096387548902e+00 1.333745881543994471e+01 8.030070400702449263e+00 2.557091000933717329e+00 4.201358278323107792e-02 3.713160156957804880e-01 1.226624203318496775e+01 7.933287099898023165e+00 2.431911513230355482e+00 -2.616577900958551028e-01 4.830774109878466227e+00 1.412808725049480962e+01 8.198681972499100468e+00 2.818942080183551635e+00 3.281455823346449696e-01 1.087233366940981494e+00 1.178308958396781314e+01 7.945788090825231187e+00 2.614574419506122016e+00 -2.016639003283466069e-01 -6.906375860568787495e-01 1.108225452092084495e+01 7.779796201340817952e+00 2.464542019444738941e+00
0.000000000000000000e+00 3.939996241798798149e+00 6.406162209844465494e+00 3.731254717271620169e+00 2.724023931668675402e+00 1.427273470555608936e+00 4.106862853759611909e+00 5.633534225878970680e+00 3.943177147495379842e+00 2.623479288487027716e+00 1.467008627224827277e+00 3.589735029942803912e+00 5.332154101094428000e+00 4.033404970850089200e+00 2.615185597932877748e+00 1.571856185606950618e+00 3.475624838858450527e+00 4.939223553407104284e+00 3.765148457220140354e+00 2.548209690918805226e+00 1.483173838904754627e+00 2.552270269531588198e+00 4.370713816146944986e+00 3.774052663269150010e+00 2.531655886334971850e+00 1.573470876863846568e+00 2.325487579177884179e+00 4.272514788239527128e+00 3.810670554530085852e+00 2.551237053439833424e+00 1.559796288014157817e+00 2.694360451324226080e+00 4.301038916642274224e+00 3.660894264282362975e+00 2.495053451594864136e+00 1.566868428008868719e+00 2.104388031307027340e+00 3.933816472685440324e+00 3.641692587926049995e+00 2.500638469155998411e+00 1.541324761421547951e+00 1.989400523716368108e+00 3.910247313374135114e+00 3.675527115014718404e+00 2.519624380588414425e+00
0.000000000000000000e+00 2.012711702587759000e+00 2.553931480538244259e+00 2.724023931668675402e+00 2.520240156921095931e+00 1.597646323037660743e+00 2.817142594769709074e+00 2.333868692212231366e+00 2.696223809567923624e+00 2.415248788992211182e+00 1.684774317997717041e+00 2.837247551923028688e+00 2.376273705324756236e+00 2.721835568917615245e+00 2.421289995386537441e+00 1.832903565028971782e+00 2.630872653660197180e+00 1.869724870434159580e+00 2.412602335398602804e+00 2.260979009098084802e+00 1.683933149656579698e+00 2.025859892566215681e+00 1.885279249811888436e+00 2.405672722283276332e+00 2.275439287144347400e+00 1.867472319562591521e+00 2.233649912220172062e+00 1.984267885136047349e+00 2.457162503927302399e+00 2.318124608920927976e+00 1.908472436838317687e+00 1.779027202119060513e+00 1.674594252924083593e+00 2.262857524013766941e+00 2.188740757606880916e+00 1.807335831264035075e+00 1.892980442829695242e+00 1.742299719575846728e+00 2.282556232870003310e+00 2.229241731344969057e+00 1.877053392509460350e+00 2.109823198625020435e+00 1.847888345442340929e+00 2.346608052012054912e+00 2.277496686097713052e+00
0.000000000000000000e+00 6.604258443401245238e-01 5.986621736870190169e-01 1.427273470555608936e+00 1.597646323037660743e+00 1.250518413569553955e+00 1.177626005450295166e+00 5.622933976376199849e-01 1.330061276487653155e+00 1.503789171592289531e+00 1.302329764761596786e+00 1.317202148201148004e+00 6.469028908393417154e-01 1.318185824419503716e+00 1.500315961777509921e+00 1.410648149967071774e+00 1.197811825451841061e+00 3.823109994877630924e-01 1.154823848506615791e+00 1.398552497128700223e+00 1.305170371545252284e+00 9.849845520997477788e-01 5.084055189924630014e-01 1.133563812634383883e+00 1.402351457678597590e+00 1.440710812947648245e+00 1.185071067777068832e+00 5.981168709070106004e-01 1.159705499791181760e+00 1.428684972183515534e+00 1.470016893893899779e+00 7.827990012151495591e-01 3.779702683837036226e-01 1.056990379464735730e+00 1.347041471000409496e+00 1.399441749443214977e+00 9.997651159545128952e-01 5.031983073708194976e-01 1.067568549513704612e+00 1.371929068388832995e+00 1.449646107902239800e+00 1.182596867605257174e+00 5.828197246938401355e-01 1.105725767945345384e+00 1.404079735899551151e+00
0.000000000000000000e+00 6.352997479716570695e+00 6.569245065891172963e+00 4.106862853759611909e+00 2.817142594769709074e+00 1.177626005450295166e+00 9.087357618390415226e+00 6.585661001222404387e+00 4.426176839466799962e+00 2.835143464100953636e+00 1.297617393232468608e+00 9.035373696219767936e+00 6.708077367433948446e+00 4.598047610382349326e+00 2.886621243120944591e+00 1.439816435386168658e+00 8.250668249194912818e+00 5.636618412595679750e+00 4.081259420038729324e+00 2.682270212919014352e+00 1.276693377884358771e+00 6.743295639610340508e+00 5.542495562353638050e+00 4.207828731980348458e+00 2.749224484249517708e+00 1.463225109463052620e+00 6.964549538804661211e+00 5.688160590748970513e+00 4.320496042259532210e+00 2.812670504548532513e+00 1.521970254281140189e+00 6.348657968502297244e+00 5.136530496002563950e+00 3.961486245093588821e+00 2.637664548867138414e+00 1.382210756942002350e+00 6.049965179233733892e+00 5.112564920657792555e+00 4.050402849191106824e+00 2.711185699670268789e+00 1.480442192472463336e+00 6.335336900503427238e+00 5.276218829023585855e+00 4.155844028746525254e+00 2.771408989449816396e+00
0.000000000000000000e+00 9.169517193704491476e+00 1.771570150022747470e+01 5.633534225878970680e+00 2.333868692212231366e+00 5.622933976376199849e-01 6.585661001222404387e+00 1.518127627231888255e+01 6.586732207637662206e+00 2.228788911315998877e+00 3.711679749288339103e-01 4.303438436643484799e+00 1.367995244763364582e+01 6.847486171272825217e+00 2.143852410867514990e+00 2.730944676805737714e-01 4.628759023482678536e+00 1.408183549051383388e+01 6.957537353711082062e+00 2.509280601609510164e+00 4.578141072283161139e-01 3.139472372951551904e+00 1.152789518099524102e+01 6.989185376214112289e+00 2.350833658152490457e+00 1.465746839947818236e-01 1.295797153726668594e+00 1.068842703146765238e+01 6.929653722088186640e+00 2.259444987838096441e+00 -8.862505648611784803e-02 4.791108452611209323e+00 1.210376015188835197e+01 7.089562700220633396e+00 2.546411546099024648e+00 3.651138143454994989e-01 1.742398012241146432e+00 1.021827097958213848e+01 6.905422710368732453e+00 2.394627669624193711e+00 -4.581874638573332076e-02 3.522133308435009824e-01 9.678767590871476756e+00 6.787683537636862496e+00 2.282111025527464143e+00
0.000000000000000000e+00 4.467889015634415095e+00 7.514462682600203003e+00 3.943177147495379842e+00 2.696223809567923624e+00 1.330061276487653155e+00 4.426176839466799962e+00 6.586732207637662206e+00 4.234698440308841683e+00 2.601729628955089524e+00 1.351153260004273271e+00 3.741863925143372516e+00 6.178464444444943027e+00 4.345383424275182094e+00 2.589018563056805000e+00 1.437889491093962802e+00 3.665181970497709329e+00 5.840802467265075570e+00 4.102483130433168590e+00 2.557671103282801450e+00 1.372226412081669178e+00 2.666360700652780302e+00 5.092444408162869252e+00 4.118741015125257476e+00 2.531576048686741132e+00 1.427440986655694299e+00 2.297721509879812718e+00 4.929421133712753367e+00 4.149173018387611656e+00 2.542543291027477892e+00 1.395194487743002254e+00 2.937027299143355474e+00 5.074627945964564013e+00 4.020401026203310302e+00 2.513990729803524005e+00 1.439427357819706321e+00 2.126081698092838312e+00 4.570781981781177450e+00 3.989694057786967285e+00 2.507740504514111901e+00 1.381513598817138311e+00 1.900138634903077772e+00 4.503020158166289200e+00 4.011772834157861567e+00 2.515891839924283335e+00
0.000000000000000000e+00 1.964261883270935538e+00 2.402575258912112766e+00 2.623479288487027716e+00 2.415248788992211182e+00 1.503789171592289531e+00 2.835143464100953636e+00 2.228788911315998877e+00 2.601729628955089524e+00 2.323587381534145013e+00 1.593235568473983399e+00 2.872188913809501809e+00 2.290955389291344346e+00 2.630303016117555792e+00 2.333620879519640479e+00 1.737211481896011822e+00 2.656247280297568736e+00 1.768979853111528389e+00 2.317523237703311700e+00 2.170111473101179911e+00 1.589912493760617940e+00 2.049243475121570235e+00 1.812028233625858853e+00 2.317226645675187768e+00 2.189937808583811929e+00 1.771864343861376145e+00 2.276598140309515905e+00 1.920775651060468769e+00 2.371110579363733706e+00 2.233918370054320590e+00 1.816038519195984247e+00 1.780807737987377237e+00 1.591289551329038598e+00 2.171699880816010175e+00 2.101462365173992097e+00 1.709271048203181653e+00 1.921459095020592978e+00 1.678093198227224248e+00 2.197123783719526546e+00 2.145136023750202181e+00 1.784546119937485020e+00 2.153306984136192259e+00 1.790251153053238342e+00 2.263082146977979381e+00 2.194267767982409190e+00
0.000000000000000000e+00 6.151058006148545365e-01 3.416355372081215092e-01 1.467008627224827277e+00 1.684774317997717041e+00 1.302329764761596786e+00 1.297617393232468608e+00 3.711679749288339103e-01 1.351153260004273271e+00 1.593235568473983399e+00 1.367195330996688885e+00 1.498901622289028568e+00 5.043736098502552556e-01 1.338022606951842830e+00 1.594750623033902803e+00 1.486840002128348548e+00 1.347328146443326657e+00 1.777550310461463445e-01 1.143677682609678836e+00 1.469496192468062290e+00 1.366295565668442125e+00 1.111919509491706037e+00 3.769635027572425523e-01 1.125647817973498110e+00 1.481335437130530286e+00 1.522398454792324607e+00 1.380602964802771115e+00 4.992521859776729576e-01 1.159071832400165203e+00 1.514018433954266163e+00 1.562370532628202469e+00 8.405192639371534824e-01 2.097976013710984577e-01 1.032992601265499522e+00 1.413379649485723144e+00 1.469723758010791137e+00 1.146675657693514205e+00 3.928155185495835755e-01 1.052919009953684037e+00 1.446854570947479157e+00 1.538368749473271624e+00 1.386682485182751945e+00 4.971256477396944207e-01 1.100285827482442746e+00 1.486007757096176496e+00
0.000000000000000000e+00 5.331707101722230391e+00 3.751743611512498244e+00 3.589735029942803912e+00 2.837247551923028688e+00 1.317202148201148004e+00 9.035373696219767936e+00 4.303438436643484799e+00 3.741863925143372516e+00 2.872188913809501809e+00 1.498901622289028568e+00 9.486312383648646929e+00 4.770787663247544330e+00 3.881715105675076050e+00 2.948947203219301372e+00 1.690523013059976876e+00 8.509509520475591060e+00 3.443429505193500439e+00 3.253778796454171562e+00 2.627724760301639595e+00 1.455127107270381304e+00 7.111822371839622292e+00 3.893707014088620078e+00 3.390056595755559954e+00 2.738256163591680004e+00 1.744889994901656305e+00 7.776120898359258682e+00 4.247793270529910181e+00 3.534037705869667256e+00 2.832631122095024434e+00 1.864815999642817079e+00 6.292586527198530177e+00 3.297202996149306120e+00 3.080547434270149321e+00 2.563829805882389845e+00 1.601542035963235300e+00 6.626521577685474895e+00 3.684969296457762944e+00 3.222673568658270149e+00 2.682317439064468179e+00 1.805718750369964098e+00 7.263960289109715696e+00 3.994201227500027596e+00 3.371813315594197391e+00 2.778098485535883899e+00
0.000000000000000000e+00 8.548566120718117389e+00 1.581360584576581019e+01 5.332154101094428000e+00 2.376273705324756236e+00 6.469028908393417154e-01 6.708077367433948446e+00 1.367995244763364582e+01 6.178464444444943027e+00 2.290955389291344346e+00 5.043736098502552556e-01 4.770787663247544330e+00 1.243297910894633063e+01 6.422796042216135426e+00 2.227593869646498081e+00 4.432274111447747078e-01 4.951945791598704183e+00 1.261478833601548821e+01 6.435852932428406170e+00 2.501925117384613984e+00 5.733972023740703250e-01 3.489653786026015947e+00 1.045348342015877741e+01 6.481108800000902725e+00 2.379275389634068372e+00 3.398180443525522509e-01 1.973006270350643909e+00 9.768686005881813017e+00 6.448380295299372733e+00 2.312448383533957319e+00 1.510919958798846163e-01 4.821608579247325110e+00 1.087847241549755495e+01 6.527549612966427439e+00 2.525760218958173819e+00 5.109252098029319900e-01 2.228939327208812049e+00 9.290841587018663361e+00 6.386711581514865621e+00 2.409852977364320470e+00 1.805475402448143973e-01 1.101585614032782656e+00 8.861651380099862862e+00 6.304255342919853788e+00 2.324876982151844462e+00
0.000000000000000000e+00 4.644840203007120749e+00 7.800368722605345972e+00 4.033404970850089200e+00 2.721835568917615245e+00 1.318185824419503716e+00 4.598047610382349326e+00 6.847486171272825217e+00 4.345383424275182094e+00 2.630303016117555792e+00 1.338022606951842830e+00 3.881715105675076050e+00 6.422796042216135426e+00 4.463222016955844751e+00 2.618226894362277068e+00 1.423173266686455607e+00 3.802972538277456849e+00 6.076681341087117438e+00 4.215098853398038692e+00 2.588818074352523535e+00 1.358762388743133709e+00 2.768839630839948107e+00 5.296141865038952901e+00 4.235793783656085054e+00 2.562812369593630013e+00 1.410241786713266166e+00 2.379443209595101472e+00 5.124438469885674863e+00 4.267512806019214899e+00 2.573581523372048707e+00 1.376007403867261836e+00 3.055356423890875472e+00 5.280407539021237717e+00 4.135320205610822697e+00 2.546225386973798965e+00 1.423700078283319348e+00 2.204068899819437100e+00 4.753015802650520705e+00 4.104930874569205912e+00 2.539556661485440348e+00 1.362185709025944158e+00 1.963383370714580911e+00 4.680505710869237390e+00 4.127108327633724372e+00 2.547034907370697709e+00
0.000000000000000000e+00 1.943147964019047436e+00 2.283594891558880402e+00 2.615185597932877748e+00 2.421289995386537441e+00 1.500315961777509921e+00 2.886621243120944591e+00 2.143852410867514990e+00 2.589018563056805000e+00 2.333620879519640479e+00 1.594750623033902803e+00 2.948947203219301372e+00 2.227593869646498081e+00 2.618226894362277068e+00 2.346438378189034779e+00 1.741750025054727313e+00 2.719201126583662642e+00 1.679720013090796105e+00 2.293234855172396891e+00 2.173591820850790945e+00 1.589140805052716043e+00 2.103776706590564594e+00 1.754399515588198843e+00 2.295978041863021790e+00 2.197589343779773774e+00 1.777887242503731091e+00 2.359426545875122905e+00 1.876819170463665643e+00 2.353178092739591332e+00 2.244209531641820465e+00 1.826580692442225429e+00 1.806312139996729460e+00 1.518303360159131588e+00 2.143912563907366398e+00 2.104074732152501515e+00 1.710506471450851773e+00 1.983812236678247132e+00 1.629508747219557963e+00 2.174179896880239493e+00 2.151613562781195643e+00 1.793552360298458437e+00 2.238949661283205383e+00 1.751886672353606400e+00 2.243968254458471367e+00 2.203515868737891736e+00
0.000000000000000000e+00 6.210354213520017375e-01 2.016794086857101875e-01 1.571856185606950618e+00 1.832903565028971782e+00 1.410648149967071774e+00 1.439816435386168658e+00 2.730944676805737714e-01 1.437889491093962802e+00 1.737211481896011822e+00 1.486840002128348548e+00 1.690523013059976876e+00 4.432274111447747078e-01 1.423173266686455607e+00 1.741750025054727313e+00 1.620271119106363455e+00 1.511386892898030965e+00 6.194533457600401999e-02 1.199604235381005468e+00 1.595248444721935055e+00 1.483339067796108024e+00 1.251119673654085052e+00 3.168682847645402090e-01 1.182508956566014735e+00 1.612528100934262687e+00 1.660811103791919763e+00 1.576158344995122862e+00 4.656594315134421902e-01 1.222183386138195216e+00 1.650900696853449423e+00 1.709511265688977932e+00 9.231425478442876198e-01 1.185196716653869609e-01 1.075109486958673477e+00 1.533101633581361867e+00 1.598088288156772396e+00 1.300575561697923099e+00 3.469087591738307941e-01 1.101820645720814618e+00 1.573634180958863649e+00 1.681735178407864462e+00 1.588364859181789823e+00 4.718848652889834350e-01 1.157380018011122669e+00 1.619258463309901863e+00
0.000000000000000000e+00 5.157322103948066783e+00 4.283646886473893467e+00 3.475624838858450527e+00 2.630872653660197180e+00 1.197811825451841061e+00 8.250668249194912818e+00 4.628759023482678536e+00 3.665181970497709329e+00 2.656247280297568736e+00 1.347328146443326657e+00 8.509509520475591060e+00 4.951945791598704183e+00 3.802972538277456849e+00 2.719201126583662642e+00 1.511386892898030965e+00 7.695882848440740887e+00 3.824146728218412061e+00 3.263061607132101472e+00 2.459270253227774372e+00 1.313427025556344496e+00 6.380496614115648057e+00 4.075841314930213066e+00 3.386537630328232851e+00 2.548155234328208785e+00 1.552505989046640611e+00 6.852308831275310652e+00 4.336494895777794234e+00 3.509248542931784787e+00 2.625944071332468432e+00 1.645682201444030657e+00 5.763266867019307682e+00 3.590520123520986484e+00 3.122588864683895959e+00 2.406744350018247935e+00 1.437801551454655158e+00 5.881537321666919560e+00 3.823787009143831295e+00 3.237882104579192344e+00 2.502648450736662422e+00 1.595732738491810521e+00 6.356509178182600195e+00 4.061998477869847690e+00 3.361361165431792308e+00 2.580349371091694266e+00
0.000000000000000000e+00 8.336999111958965258e+00 1.650928152603917098e+01 4.939223553407104284e+00 1.869724870434159580e+00 3.823109994877630924e-01 5.636618412595679750e+00 1.408183549051383388e+01 5.840802467265075570e+00 1.768979853111528389e+00 1.777550310461463445e-01 3.443429505193500439e+00 1.261478833601548821e+01 6.076681341087117438e+00 1.679720013090796105e+00 6.194533457600401999e-02 3.824146728218412061e+00 1.315162265121137430e+01 6.264571219416261272e+00 2.071196078283743525e+00 2.652601124955137890e-01 2.551012168646799250e+00 1.068248318479398229e+01 6.285711785523269590e+00 1.908485712126781753e+00 -6.448698987628199986e-02 7.184170057663615827e-01 9.845772896095887461e+00 6.212413848153317986e+00 1.809756843419895622e+00 -3.016926225790451666e-01 4.214612330447343069e+00 1.129866051480167144e+01 6.421220653832472536e+00 2.118119743538250610e+00 1.599562004810679283e-01 1.248119851523551427e+00 9.463689358691832254e+00 6.232270088994381396e+00 1.959672110103916953e+00 -2.541362604633323752e-01 -1.482596690171557874e-01 8.914568857756353992e+00 6.101380070846834869e+00 1.840237707357764929e+00
0.000000000000000000e+00 4.507819021576842111e+00 8.025882730541130883e+00 3.765148457220140354e+00 2.412602335398602804e+00 1.154823848506615791e+00 4.081259420038729324e+00 6.957537353711082062e+00 4.102483130433168590e+00 2.317523237703311700e+00 1.143677682609678836e+00 3.253778796454171562e+00 6.435852932428406170e+00 4.215098853398038692e+00 2.293234855172396891e+00 1.199604235381005468e+00 3.263061607132101472e+00 6.264571219416261272e+00 4.058226932950319998e+00 2.323788041324986509e+00 1.174197399318732682e+00 2.329615649710822467e+00 5.348358431452736816e+00 4.068059674221635724e+00 2.279040617025589022e+00 1.176691237939300638e+00 1.793502177158664335e+00 5.105932904487228363e+00 4.079286907750649505e+00 2.273608598920441093e+00 1.118962971258325556e+00 2.770186248933951045e+00 5.424640183789617431e+00 4.013469684504764601e+00 2.294727144034592214e+00 1.217001220981210219e+00 1.745933846752971252e+00 4.785328624321005364e+00 3.960519129186987008e+00 2.267243509377550925e+00 1.115135414698271044e+00 1.379238678313394084e+00 4.655771649402083767e+00 3.958236337453056475e+00 2.257137954125875368e+00
0.000000000000000000e+00 2.030724834090627429e+00 2.771654662342581066e+00 2.548209690918805226e+00 2.260979009098084802e+00 1.398552497128700223e+00 2.682270212919014352e+00 2.509280601609510164e+00 2.557671103282801450e+00 2.170111473101179911e+00 1.469496192468062290e+00 2.627724760301639595e+00 2.501925117384613984e+00 2.588818074352523535e+00 2.173591820850790945e+00 1.595248444721935055e+00 2.459270253227774372e+00 2.071196078283743525e+00 2.323788041324986509e+00 2.046587988053926388e+00 1.472453931781149139e+00 1.877768677784422469e+00 2.009174670185940315e+00 2.320346962344859154e+00 2.055688103961985647e+00 1.623135094114309451e+00 2.004821795910745053e+00 2.070251527531700386e+00 2.363312597226971956e+00 2.090042165816598629e+00 1.651983891496399126e+00 1.709308586035586552e+00 1.842208622775717508e+00 2.199328841910062948e+00 1.986816792941838106e+00 1.577764038969794891e+00 1.718135499029557867e+00 1.845127920361890439e+00 2.211670791960858917e+00 2.018076270070767286e+00 1.626721867685268386e+00 1.866530726663043982e+00 1.920841357662116389e+00 2.263551182155388197e+00 2.056362628228395550e+00
0.000000000000000000e+00 6.413238061374169074e-01 4.553652681692502702e-01 1.483173838904754627e+00 1.683933149656579698e+00 1.305170371545252284e+00 1.276693377884358771e+00 4.578141072283161139e-01 1.372226412081669178e+00 1.589912493760617940e+00 1.366295565668442125e+00 1.455127107270381304e+00 5.733972023740703250e-01 1.358762388743133709e+00 1.589140805052716043e+00 1.483339067796108024e+00 1.313427025556344496e+00 2.652601124955137890e-01 1.174197399318732682e+00 1.472453931781149139e+00 1.368837576558935565e+00 1.078856214948229919e+00 4.379357860266165359e-01 1.153795829249185445e+00 1.480984840463029917e+00 1.519356042080090008e+00 1.325090782396227018e+00 5.490612437156033865e-01 1.184408125241989795e+00 1.511298829639147412e+00 1.555273128903086111e+00 8.295466660490165012e-01 2.824187148776537981e-01 1.066415531090151747e+00 1.417610453834797779e+00 1.471594359775930672e+00 1.105102180645434418e+00 4.450237219239660535e-01 1.082324758702514211e+00 1.447855497158285321e+00 1.533524138010059268e+00 1.326875450015193580e+00 5.411315246451402494e-01 1.126433894834245608e+00 1.484447694987907740e+00
0.000000000000000000e+00 3.968759754823386832e+00 2.703556096387548902e+00 2.552270269531588198e+00 2.025859892566215681e+00 9.849845520997477788e-01 6.743295639610340508e+00 3.139472372951551904e+00 2.666360700652780302e+00 2.049243475121570235e+00 1.111919509491706037e+00 7.111822371839622292e+00 3.489653786026015947e+00 2.768839630839948107e+00 2.103776706590564594e+00 1.251119673654085052e+00 6.380496614115648057e+00 2.551012168646799250e+00 2.329615649710822467e+00 1.877768677784422469e+00 1.078856214948229919e+00 5.412640228157351352e+00 2.892975909020490732e+00 2.432800573181535420e+00 1.956877212289706458e+00 1.288060821510922382e+00 5.891983330668328023e+00 3.151224806721864891e+00 2.536226823385074880e+00 2.024118630219872372e+00 1.374232615220742915e+00 4.824434519990252745e+00 2.467743426768372217e+00 2.215196309057152035e+00 1.833912347352269379e+00 1.184208290116676165e+00 5.059189871247618875e+00 2.755581071228661028e+00 2.320058705464062232e+00 1.918689150897267215e+00 1.330361656915305169e+00 5.516736100726163272e+00 2.977929462495646717e+00 2.425972831740767166e+00 1.986869932465388233e+00
0.000000000000000000e+00 7.159949529806427293e+00 1.333745881543994471e+01 4.370713816146944986e+00 1.885279249811888436e+00 5.084055189924630014e-01 5.542495562353638050e+00 1.152789518099524102e+01 5.092444408162869252e+00 1.812028233625858853e+00 3.769635027572425523e-01 3.893707014088620078e+00 1.045348342015877741e+01 5.296141865038952901e+00 1.754399515588198843e+00 3.168682847645402090e-01 4.075841314930213066e+00 1.068248318479398229e+01 5.348358431452736816e+00 2.009174670185940315e+00 4.379357860266165359e-01 2.892975909020490732e+00 8.831100728265292688e+00 5.385526932690678059e+00 1.899919244773727423e+00 2.266197532845263540e-01 1.566291217111221101e+00 8.232018571108566718e+00 5.350315102852604809e+00 1.837819885002806464e+00 6.065253916995636679e-02 4.068419375640742075e+00 9.224621605803003277e+00 5.444433625694860446e+00 2.035905860017315661e+00 3.788284426841551644e-01 1.827409209126934275e+00 7.857578577372967388e+00 5.319703949065592852e+00 1.931320178465986581e+00 8.830779533252450242e-02 8.343485831566515021e-01 7.475893162171337814e+00 5.240619430175013527e+00 1.853386827778719548e+00
0.000000000000000000e+00 4.565369592067711757e+00 8.030070400702449263e+00 3.774052663269150010e+00 2.405672722283276332e+00 1.133563812634383883e+00 4.207828731980348458e+00 6.989185376214112289e+00 4.118741015125257476e+00 2.317226645675187768e+00 1.125647817973498110e+00 3.390056595755559954e+00 6.481108800000902725e+00 4.235793783656085054e+00 2.295978041863021790e+00 1.182508956566014735e+00 3.386537630328232851e+00 6.285711785523269590e+00 4.068059674221635724e+00 2.320346962344859154e+00 1.153795829249185445e+00 2.432800573181535420e+00 5.385526932690678059e+00 4.084083340051236632e+00 2.279749715281968125e+00 1.159552681313853473e+00 1.911964596901920554e+00 5.151353800538665872e+00 4.098843729691137305e+00 2.276372958231210220e+00 1.104913125929322781e+00 2.855221938203992949e+00 5.449953754033352915e+00 4.023615821873304021e+00 2.292040901901459815e+00 1.196448002071107686e+00 1.845353740467711612e+00 4.822647624221454876e+00 3.975920599214314066e+00 2.267827265866515507e+00 1.099792828056802119e+00 1.491905945912124887e+00 4.699682349562642969e+00 3.976794523733289122e+00 2.259584537236670077e+00
0.000000000000000000e+00 1.980537760088354693e+00 2.557091000933717329e+00 2.531655886334971850e+00 2.275439287144347400e+00 1.402351457678597590e+00 2.749224484249517708e+00 2.350833658152490457e+00 2.531576048686741132e+00 2.189937808583811929e+00 1.481335437130530286e+00 2.738256163591680004e+00 2.379275389634068372e+00 2.562812369593630013e+00 2.197589343779773774e+00 1.612528100934262687e+00 2.548155234328208785e+00 1.908485712126781753e+00 2.279040617025589022e+00 2.055688103961985647e+00 1.480984840463029917e+00 1.956877212289706458e+00 1.899919244773727423e+00 2.279749715281968125e+00 2.071229423432183303e+00 1.643303964429134290e+00 2.131125120826644181e+00 1.983553380530249655e+00 2.327772888715351485e+00 2.109766801819395354e+00 1.679444259901024861e+00 1.740618296207924853e+00 1.708427209874301855e+00 2.148639081826384079e+00 1.994308535893736245e+00 1.590281375440583567e+00 1.812315241265114896e+00 1.752493371515329024e+00 2.168509360341452474e+00 2.031688801483137130e+00 1.651818690034835280e+00 1.999330332383058240e+00 1.844895832425318849e+00 2.226420043796730308e+00 2.074436107098613924e+00
0.000000000000000000e+00 5.676430887568868489e-01 4.201358278323107792e-02 1.573470876863846568e+00 1.867472319562591521e+00 1.440710812947648245e+00 1.463225109463052620e+00 1.465746839947818236e-01 1.427440986655694299e+00 1.771864343861376145e+00 1.522398454792324607e+00 1.744889994901656305e+00 3.398180443525522509e-01 1.410241786713266166e+00 1.777887242503731091e+00 1.660811103791919763e+00 1.552505989046640611e+00 -6.448698987628199986e-02 1.176691237939300638e+00 1.623135094114309451e+00 1.519356042080090008e+00 1.288060821510922382e+00 2.266197532845263540e-01 1.159552681313853473e+00 1.643303964429134290e+00 1.705994082090821484e+00 1.645333274962792913e+00 3.901220799646516468e-01 1.201433214291102169e+00 1.683855826856174964e+00 1.758865138512217596e+00 9.282365509537535697e-01 1.317038127658278802e-02 1.046815956866986808e+00 1.559400453726029534e+00 1.639614043078424732e+00 1.349781653097540390e+00 2.695776739794510934e-01 1.076823524597844584e+00 1.603105410807816655e+00 1.730779003506454083e+00 1.664002961963030325e+00 4.052799869679893918e-01 1.135629840279072544e+00 1.651233756715983603e+00
0.000000000000000000e+00 3.217674399477974845e+00 3.713160156957804880e-01 2.325487579177884179e+00 2.233649912220172062e+00 1.185071067777068832e+00 6.964549538804661211e+00 1.295797153726668594e+00 2.297721509879812718e+00 2.276598140309515905e+00 1.380602964802771115e+00 7.776120898359258682e+00 1.973006270350643909e+00 2.379443209595101472e+00 2.359426545875122905e+00 1.576158344995122862e+00 6.852308831275310652e+00 7.184170057663615827e-01 1.793502177158664335e+00 2.004821795910745053e+00 1.325090782396227018e+00 5.891983330668328023e+00 1.566291217111221101e+00 1.911964596901920554e+00 2.131125120826644181e+00 1.645333274962792913e+00 6.810470337321371304e+00 2.030369503343615989e+00 2.052913344150720576e+00 2.232813229703251245e+00 1.793753806777073523e+00 4.872623168276033923e+00 9.328130423658298476e-01 1.615017046670238265e+00 1.938859259804673441e+00 1.476936423317448677e+00 5.715588427602429356e+00 1.610021939963326876e+00 1.776164474788405778e+00 2.072610583318064137e+00 1.731076166624639034e+00 6.528341900653873431e+00 1.981754155249574545e+00 1.931767337662383177e+00 2.179462371417845823e+00
0.000000000000000000e+00 6.838586370346924070e+00 1.226624203318496775e+01 4.272514788239527128e+00 1.984267885136047349e+00 5.981168709070106004e-01 5.688160590748970513e+00 1.068842703146765238e+01 4.929421133712753367e+00 1.920775651060468769e+00 4.992521859776729576e-01 4.247793270529910181e+00 9.768686005881813017e+00 5.124438469885674863e+00 1.876819170463665643e+00 4.656594315134421902e-01 4.336494895777794234e+00 9.845772896095887461e+00 5.105932904487228363e+00 2.070251527531700386e+00 5.490612437156033865e-01 3.151224806721864891e+00 8.232018571108566718e+00 5.151353800538665872e+00 1.983553380530249655e+00 3.901220799646516468e-01 2.030369503343615989e+00 7.730173127129642552e+00 5.134389522221266766e+00 1.937915500865202478e+00 2.538054775463344237e-01 4.123993613655287049e+00 8.526427234603767502e+00 5.172057029655387161e+00 2.086502306777409999e+00 5.114334054944776886e-01 2.165218898638539446e+00 7.342114070693597228e+00 5.074438140240068229e+00 2.005227482989511145e+00 2.722512290705632609e-01 1.339103294620470175e+00 7.031121712139665192e+00 5.019170396157050185e+00 1.945718489986306698e+00
0.000000000000000000e+00 4.579843837774098425e+00 7.933287099898023165e+00 3.810670554530085852e+00 2.457162503927302399e+00 1.159705499791181760e+00 4.320496042259532210e+00 6.929653722088186640e+00 4.149173018387611656e+00 2.371110579363733706e+00 1.159071832400165203e+00 3.534037705869667256e+00 6.448380295299372733e+00 4.267512806019214899e+00 2.353178092739591332e+00 1.222183386138195216e+00 3.509248542931784787e+00 6.212413848153317986e+00 4.079286907750649505e+00 2.363312597226971956e+00 1.184408125241989795e+00 2.536226823385074880e+00 5.350315102852604809e+00 4.098843729691137305e+00 2.327772888715351485e+00 1.201433214291102169e+00 2.052913344150720576e+00 5.134389522221266766e+00 4.118620692767319902e+00 2.328310457739330985e+00 1.152809476652019383e+00 2.919693410799188538e+00 5.392429190710533504e+00 4.027818979803100774e+00 2.332391588288869055e+00 1.231587250863285909e+00 1.955761424399104165e+00 4.795475282172916742e+00 3.986349376054861615e+00 2.313438407114979167e+00 1.145242034696153599e+00 1.633975538270146854e+00 4.686765984043564259e+00 3.993084881106204964e+00 2.309407730819279081e+00
0.000000000000000000e+00 1.962070768939650156e+00 2.431911513230355482e+00 2.551237053439833424e+00 2.318124608920927976e+00 1.428684972183515534e+00 2.812670504548532513e+00 2.259444987838096441e+00 2.542543291027477892e+00 2.233918370054320590e+00 1.514018433954266163e+00 2.832631122095024434e+00 2.312448383533957319e+00 2.573581523372048707e+00 2.244209531641820465e+00 1.650900696853449423e+00 2.625944071332468432e+00 1.809756843419895622e+00 2.273608598920441093e+00 2.090042165816598629e+00 1.511298829639147412e+00 2.024118630219872372e+00 1.837819885002806464e+00 2.276372958231210220e+00 2.109766801819395354e+00 1.683855826856174964e+00 2.232813229703251245e+00 1.937915500865202478e+00 2.328310457739330985e+00 2.151636771852400543e+00 1.725380803822223141e+00 1.773081151119550114e+00 1.627622584967506114e+00 2.136850428359452270e+00 2.026239586570715012e+00 1.624858143550959033e+00 1.889574118243204870e+00 1.700642451805727928e+00 2.161735725669476249e+00 2.068096878666509486e+00 1.695639075437840537e+00 2.105226971267430969e+00 1.805573553222083794e+00 2.224482519802124525e+00 2.114506606561857183e+00
0.000000000000000000e+00 4.850795329047232762e-01 -2.616577900958551028e-01 1.559796288014157817e+00 1.908472436838317687e+00 1.470016893893899779e+00 1.521970254281140189e+00 -8.862505648611784803e-02 1.395194487743002254e+00 1.816038519195984247e+00 1.562370532628202469e+00 1.864815999642817079e+00 1.510919958798846163e-01 1.376007403867261836e+00 1.826580692442225429e+00 1.709511265688977932e+00 1.645682201444030657e+00 -3.016926225790451666e-01 1.118962971258325556e+00 1.651983891496399126e+00 1.555273128903086111e+00 1.374232615220742915e+00 6.065253916995636679e-02 1.104913125929322781e+00 1.679444259901024861e+00 1.758865138512217596e+00 1.793753806777073523e+00 2.538054775463344237e-01 1.152809476652019383e+00 1.725380803822223141e+00 1.821374380956887640e+00 9.529201469581725092e-01 -1.837149968465048022e-01 9.795957310328137213e-01 1.584863033948344491e+00 1.682211800717607009e+00 1.458990747772479057e+00 1.277822935441724483e-01 1.018238422467048432e+00 1.636079099191155128e+00 1.789956378960238847e+00 1.824163010687167574e+00 2.852503352722843277e-01 1.084709547531384599e+00 1.690178738924395851e+00
0.000000000000000000e+00 4.581606011466196726e+00 4.830774109878466227e+00 2.694360451324226080e+00 1.779027202119060513e+00 7.827990012151495591e-01 6.348657968502297244e+00 4.791108452611209323e+00 2.937027299143355474e+00 1.780807737987377237e+00 8.405192639371534824e-01 6.292586527198530177e+00 4.821608579247325110e+00 3.055356423890875472e+00 1.806312139996729460e+00 9.231425478442876198e-01 5.763266867019307682e+00 4.214612330447343069e+00 2.770186248933951045e+00 1.709308586035586552e+00 8.295466660490165012e-01 4.824434519990252745e+00 4.068419375640742075e+00 2.855221938203992949e+00 1.740618296207924853e+00 9.282365509537535697e-01 4.872623168276033923e+00 4.123993613655287049e+00 2.919693410799188538e+00 1.773081151119550114e+00 9.529201469581725092e-01 4.664559868691704914e+00 3.854603562567570307e+00 2.720187476896035239e+00 1.687218888321752486e+00 8.883490390293899974e-01 4.314709762045318975e+00 3.765601710898744070e+00 2.768188107609293791e+00 1.722679814454019631e+00 9.278073647362461429e-01 4.421402253634968638e+00 3.839464570319337966e+00 2.823566801725442943e+00 1.752163395502756238e+00
0.000000000000000000e+00 7.270015224340156124e+00 1.412808725049480962e+01 4.301038916642274224e+00 1.674594252924083593e+00 3.779702683837036226e-01 5.136530496002563950e+00 1.210376015188835197e+01 5.074627945964564013e+00 1.591289551329038598e+00 2.097976013710984577e-01 3.297202996149306120e+00 1.087847241549755495e+01 5.280407539021237717e+00 1.518303360159131588e+00 1.185196716653869609e-01 3.590520123520986484e+00 1.129866051480167144e+01 5.424640183789617431e+00 1.842208622775717508e+00 2.824187148776537981e-01 2.467743426768372217e+00 9.224621605803003277e+00 5.449953754033352915e+00 1.708427209874301855e+00 1.317038127658278802e-02 9.328130423658298476e-01 8.526427234603767502e+00 5.392429190710533504e+00 1.627622584967506114e+00 -1.837149968465048022e-01 3.854603562567570307e+00 9.730413907747845315e+00 5.556899745275551084e+00 1.881668063172221350e+00 1.984492777748672887e-01 1.346149462314622847e+00 8.188808355960480512e+00 5.402762700866743373e+00 1.751392872935030098e+00 -1.455463688625326657e-01 1.802396885330118659e-01 7.732129001378670097e+00 5.295936421487501100e+00 1.652915406248911534e+00
0.000000000000000000e+00 4.521357680296318016e+00 8.198681972499100468e+00 3.660894264282362975e+00 2.262857524013766941e+00 1.056990379464735730e+00 3.961486245093588821e+00 7.089562700220633396e+00 4.020401026203310302e+00 2.171699880816010175e+00 1.032992601265499522e+00 3.080547434270149321e+00 6.527549612966427439e+00 4.135320205610822697e+00 2.143912563907366398e+00 1.075109486958673477e+00 3.122588864683895959e+00 6.421220653832472536e+00 4.013469684504764601e+00 2.199328841910062948e+00 1.066415531090151747e+00 2.215196309057152035e+00 5.444433625694860446e+00 4.023615821873304021e+00 2.148639081826384079e+00 1.046815956866986808e+00 1.615017046670238265e+00 5.172057029655387161e+00 4.027818979803100774e+00 2.136850428359452270e+00 9.795957310328137213e-01 2.720187476896035239e+00 5.556899745275551084e+00 3.986428374663759211e+00 2.177647011574781910e+00 1.097899209557552602e+00 1.614369201697369416e+00 4.867347810075320247e+00 3.926541492845335934e+00 2.142440527383889570e+00 9.796233847865769562e-01 1.193395037401752345e+00 4.714056028413508237e+00 3.914776453561328751e+00 2.125060024416518090e+00
0.000000000000000000e+00 2.027141118119509144e+00 2.818942080183551635e+00 2.495053451594864136e+00 2.188740757606880916e+00 1.347041471000409496e+00 2.637664548867138414e+00 2.546411546099024648e+00 2.513990729803524005e+00 2.101462365173992097e+00 1.413379649485723144e+00 2.563829805882389845e+00 2.525760218958173819e+00 2.546225386973798965e+00 2.104074732152501515e+00 1.533101633581361867e+00 2.406744350018247935e+00 2.118119743538250610e+00 2.294727144034592214e+00 1.986816792941838106e+00 1.417610453834797779e+00 1.833912347352269379e+00 2.035905860017315661e+00 2.292040901901459815e+00 1.994308535893736245e+00 1.559400453726029534e+00 1.938859259804673441e+00 2.086502306777409999e+00 2.332391588288869055e+00 2.026239586570715012e+00 1.584863033948344491e+00 1.687218888321752486e+00 1.881668063172221350e+00 2.177647011574781910e+00 1.930640452335742108e+00 1.518214151275929291e+00 1.668036974733677180e+00 1.867409515596021752e+00 2.187829310777739789e+00 1.959236305407261680e+00 1.561404672730540621e+00 1.797534740771456363e+00 1.934680389313296667e+00 2.236099193957609810e+00 1.994656739549524715e+00
