0.000000000000000000e+00 0.000000000000000000e+00 0.000000000000000000e+00 0.000000000000000000e+00 0.000000000000000000e+00 0.000000000000000000e+00 0.000000000000000000e+00 0.000000000000000000e+00 0.000000000000000000e+00 0.000000000000000000e+00 0.000000000000000000e+00 0.000000000000000000e+00 0.000000000000000000e+00 0.000000000000000000e+00 0.000000000000000000e+00 0.000000000000000000e+00 0.000000000000000000e+00 0.000000000000000000e+00 0.000000000000000000e+00 0.000000000000000000e+00 0.000000000000000000e+00 0.000000000000000000e+00 0.000000000000000000e+00 0.000000000000000000e+00 0.000000000000000000e+00 0.000000000000000000e+00 0.000000000000000000e+00 0.000000000000000000e+00 0.000000000000000000e+00 0.000000000000000000e+00 0.000000000000000000e+00 0.000000000000000000e+00 0.000000000000000000e+00 0.000000000000000000e+00 0.000000000000000000e+00 0.000000000000000000e+00 0.000000000000000000e+00 0.000000000000000000e+00 0.000000000000000000e+00 0.000000000000000000e+00 0.000000000000000000e+00 0.000000000000000000e+00 0.000000000000000000e+00 0.000000000000000000e+00 0.000000000000000000e+00
0.000000000000000000e+00 1.370966847120043042e+01 1.419451478104955200e+01 6.172835361498750117e+00 2.194949319367136553e+00 1.316389362023856480e-01 1.100936520482378178e+01 1.315717256014645642e+01 6.674035379156803671e+00 2.267785304228583598e+00 1.076679490370281850e-01 8.611692509770541903e+00 1.216223609124254956e+01 6.678728328957578952e+00 2.224870359049827329e+00 9.206374663326091778e-02 1.184520405353688410e+01 1.492125280362541773e+01 7.542159183939549649e+00 2.534840694687303220e+00 1.178551645469779058e-01 9.929448872770514356e+00 1.334634054851035145e+01 7.414164515697736491e+00 2.418708209648812169e+00 5.808911285588286982e-02 7.678874114722488819e+00 1.244969257896720372e+01 7.181839058988733093e+00 2.311377458769609650e+00 1.580473008330104609e-02 1.287140561904828040e+01 1.473464389672168195e+01 7.850297501429721159e+00 2.588669713496370317e+00 9.362093559406362009e-02 8.942496267279320676e+00 1.322687075333886142e+01 7.518087040404498822e+00 2.422838543402942690e+00 1.554721836117871694e-02 7.027988673924533636e+00 1.242973931724804082e+01 7.217601144149170089e+00 2.292330164230018230e+00
0.000000000000000000e+00 1.419451478104955200e+01 2.019265447411766345e+01 6.774462675342626028e+00 1.654825266604952549e+00 -8.613530319624088105e-02 7.220230956869461814e+00 1.767623918183161535e+01 7.641793919105976052e+00 1.614090665717436979e+00 -1.920205690242988983e-01 3.440115489140237681e+00 1.556675285496340422e+01 7.636517365073555830e+00 1.486157505354006370e+00 -2.419869118368102034e-01 5.817227693877226713e+00 2.063106475425114894e+01 9.243830956895209283e+00 2.136616291731524342e+00 -1.522188363260705557e-01 3.534336812414472728e+00 1.724008684879084896e+01 8.959424700432119693e+00 1.872119012127397619e+00 -3.074523085426755231e-01 -8.312634813346643226e-01 1.540743875812023944e+01 8.522884876272419419e+00 1.678977242904242217e+00 -4.104268900150029875e-01 8.432483969472009733e+00 1.997191108175666940e+01 9.836547113580627055e+00 2.241877986158188563e+00 -2.057324961407120123e-01 5.697048731155809342e-01 1.682709159656475606e+01 9.202495368907460005e+00 1.934552650835264398e+00 -3.962050648608648196e-01 -3.282926424035758739e+00 1.523185109129076942e+01 8.647747592988032750e+00 1.706955888502106111e+00
0.000000000000000000e+00 6.172835361498750117e+00 6.774462675342626028e+00 4.778121649795245673e+00 2.672808564831585798e+00 5.228094390279361958e-01 5.537289889235240459e+00 6.183673380241523354e+00 4.753058016010518472e+00 2.715224710238226091e+00 5.454747248457130215e-01 4.539363293005751032e+00 5.822900156652611514e+00 4.667364519716536542e+00 2.687552429193485803e+00 5.420617596884057532e-01 6.220677017140711307e+00 6.681944892744447806e+00 5.029224995495273909e+00 2.813572416582748481e+00 5.541333973112541056e-01 4.889113728599583375e+00 6.183201045535169804e+00 4.884283151060290429e+00 2.748603999190413205e+00 5.394745619586931440e-01 4.352105661887003762e+00 5.933135818026486596e+00 4.769203974031433368e+00 2.681854777578841276e+00 5.230889689954089095e-01 5.671268901444968868e+00 6.557367218543387999e+00 5.041333343647795395e+00 2.808774227180901750e+00 5.493156821159226322e-01 4.684119019303880194e+00 6.135876084709677158e+00 4.864620910965631317e+00 2.710116106317890239e+00 5.240498337126948680e-01 4.310792273943517827e+00 5.930492289535732375e+00 4.741428277804297764e+00 2.634882690168093067e+00
0.000000000000000000e+00 2.194949319367136553e+00 1.654825266604952549e+00 2.672808564831585798e+00 1.989086640291815700e+00 5.114437448665453134e-01 2.886137490749518530e+00 1.598811162417045573e+00 2.450190723956897632e+00 2.011486109870483929e+00 5.479727141164142390e-01 2.808518995755144410e+00 1.687739971860430011e+00 2.367732409994152576e+00 2.004490242531236976e+00 5.523221649572684910e-01 3.648685681060167330e+00 1.444476794638574590e+00 2.375404140307797451e+00 1.996771677434837855e+00 5.496527805710568204e-01 3.037503157788861596e+00 1.653551713429820547e+00 2.291510587407140420e+00 1.981495553238158402e+00 5.625263067851382637e-01 3.410686218936162195e+00 1.787948239158922537e+00 2.273931822066745490e+00 1.958104863843655563e+00 5.654089460831904779e-01 2.760033663480650379e+00 1.453432905579755907e+00 2.263326787301781273e+00 1.967287861310246244e+00 5.544130163021090407e-01 3.408156796986156589e+00 1.686313178970268556e+00 2.226287152068228803e+00 1.935273317398533477e+00 5.645457060571758001e-01 3.819099252629417407e+00 1.815085921684670422e+00 2.226685911381104166e+00 1.912541917133420144e+00
0.000000000000000000e+00 1.316389362023856480e-01 -8.613530319624088105e-02 5.228094390279361958e-01 5.114437448665453134e-01 1.673622226784590716e-01 4.114633986909309038e-01 -6.437191773339163980e-02 4.295869012228110129e-01 5.069564031107470781e-01 1.773324996544088927e-01 4.900133427036281741e-01 -1.572653096921148436e-03 4.030172367463846772e-01 5.035306903655382138e-01 1.781232476732253489e-01 5.989591857187667179e-01 -1.710736235034522879e-01 3.757417328872293960e-01 4.933200496018454451e-01 1.780733306207751554e-01 5.257560232985640791e-01 -5.469590941559564906e-02 3.522877420613862443e-01 4.891282927757598653e-01 1.820493620237170485e-01 7.105510411795536996e-01 1.611988263194133117e-02 3.550896320168627218e-01 4.849951625305272129e-01 1.831897612971246925e-01 3.500139480020612592e-01 -1.609337926561114351e-01 3.297932311628168356e-01 4.806408314582393260e-01 1.795897959687299261e-01 6.731179941458816929e-01 -4.103517930709575656e-02 3.291996789995855210e-01 4.748660640824016732e-01 1.832824310060699735e-01 8.555800258145841442e-01 2.449083668533408309e-02 3.402367079507873093e-01 4.722701545131158807e-01
0.000000000000000000e+00 1.100936520482378178e+01 7.220230956869461814e+00 5.537289889235240459e+00 2.886137490749518530e+00 4.114633986909309038e-01 1.377156521732161387e+01 7.680126538831581584e+00 5.632932142707089973e+00 3.091358160790541376e+00 4.776049118010891048e-01 1.293012186489921156e+01 7.862640863414497083e+00 5.629023370781330193e+00 3.136353058574566699e+00 4.973600392780145318e-01 1.679406017288922470e+01 8.093394973983828677e+00 5.731296086623932418e+00 3.107814018872760542e+00 4.648173881028313525e-01 1.520687679183328989e+01 8.473571231502358359e+00 5.752196072299903484e+00 3.150244455207369398e+00 5.045467662605898074e-01 1.533388956279381787e+01 8.589617746409103916e+00 5.725299999811809037e+00 3.127788196833626078e+00 5.234092251812265673e-01 1.577008292694791436e+01 8.397521659082904932e+00 5.736939668574732032e+00 3.119688521722341346e+00 4.755833155387702571e-01 1.622684810439340097e+01 8.675829840420213657e+00 5.717204748821926863e+00 3.101136380313408658e+00 5.128816132161626573e-01 1.646500705604207582e+01 8.743745357138122287e+00 5.678398385976860752e+00 3.065692180641322651e+00
0.000000000000000000e+00 1.315717256014645642e+01 1.767623918183161535e+01 6.183673380241523354e+00 1.598811162417045573e+00 -6.437191773339163980e-02 7.680126538831581584e+00 1.568310186524337801e+01 6.947977890110321297e+00 1.597966669854852917e+00 -1.455482290023465963e-01 4.407674493853507514e+00 1.395346270192244198e+01 6.955190578848132965e+00 1.501280133994987720e+00 -1.841432293615655469e-01 6.868042714058208986e+00 1.820749905545179459e+01 8.296358226069898478e+00 2.033299109255997550e+00 -1.152404968308314293e-01 4.761707743194110165e+00 1.543252276629464070e+01 8.078203904383334688e+00 1.824818711009713823e+00 -2.386524344860090352e-01 1.128158346105525123e+00 1.391591295388734828e+01 7.716519465526791244e+00 1.664991350473912668e+00 -3.210834840678082891e-01 8.916277324285221795e+00 1.770436901272357844e+01 8.802077564854217329e+00 2.125981069295691750e+00 -1.584440689007579062e-01 2.406839527697312686e+00 1.511466951402828762e+01 8.282015015936437408e+00 1.874022820516650700e+00 -3.110836565129939113e-01 -7.878490146451631038e-01 1.379011268182123118e+01 7.818231038850846915e+00 1.683418366392280152e+00
0.000000000000000000e+00 6.674035379156803671e+00 7.641793919105976052e+00 4.753058016010518472e+00 2.450190723956897632e+00 4.295869012228110129e-01 5.632932142707089973e+00 6.947977890110321297e+00 4.820637975935778918e+00 2.494424464995943502e+00 4.421152101459261963e-01 4.436222699317224460e+00 6.469500591548702495e+00 4.751731316472588951e+00 2.464054399929817674e+00 4.361737859753388458e-01 6.163153906360902212e+00 7.626716928772384385e+00 5.191968038043533795e+00 2.621085946760510765e+00 4.515830631845740850e-01 4.778682336375630335e+00 6.930163467384544695e+00 5.051842859650069073e+00 2.548754525029890416e+00 4.282925951481161841e-01 3.965287242321039685e+00 6.567389768687023732e+00 4.918609980885726429e+00 2.477020051405557144e+00 4.070469715170458302e-01 5.852918682138547268e+00 7.472997425898637580e+00 5.255757293723650747e+00 2.627973990071023280e+00 4.434794940153087839e-01 4.376069943600233714e+00 6.860132982309051108e+00 5.056048614722802093e+00 2.521067401215907999e+00 4.083285780259766073e-01 3.746885879684314524e+00 6.554216481352724166e+00 4.904957920978918473e+00 2.438533446303074559e+00
0.000000000000000000e+00 2.267785304228583598e+00 1.614090665717436979e+00 2.715224710238226091e+00 2.011486109870483929e+00 5.069564031107470781e-01 3.091358160790541376e+00 1.597966669854852917e+00 2.494424464995943502e+00 2.043516099073233505e+00 5.464515892732013658e-01 3.025896219606723836e+00 1.712419815849262283e+00 2.414640812822738347e+00 2.040705930610513974e+00 5.522383565107504833e-01 3.924709414023761944e+00 1.419107575291021828e+00 2.404810866476640108e+00 2.023207525264878903e+00 5.469623706506997474e-01 3.285179657373521245e+00 1.671661456185514316e+00 2.328094364882624223e+00 2.014292832920578036e+00 5.632036122103113440e-01 3.710092730855279353e+00 1.827613779351378920e+00 2.315504343800660170e+00 1.993508916463777370e+00 5.681784636561844071e-01 2.958565855641008824e+00 1.439885019557323842e+00 2.288702225172499105e+00 1.994279574430341651e+00 5.527810444500705911e-01 3.702942362869225956e+00 1.711791490944698291e+00 2.260181334334819603e+00 1.967092544897109496e+00 5.667036767163103894e-01 4.162844515061811634e+00 1.859008050852333893e+00 2.266094875695768174e+00 1.946763694045393400e+00
0.000000000000000000e+00 1.076679490370281850e-01 -1.920205690242988983e-01 5.454747248457130215e-01 5.479727141164142390e-01 1.773324996544088927e-01 4.776049118010891048e-01 -1.455482290023465963e-01 4.421152101459261963e-01 5.464515892732013658e-01 1.895111182517932036e-01 5.823475146141843251e-01 -6.094487763823786680e-02 4.144527452573538162e-01 5.447038655766471837e-01 1.910832349949268816e-01 7.088073628346803767e-01 -2.802648052186895167e-01 3.726993944486645671e-01 5.277211636403549289e-01 1.897454553890362272e-01 6.310453588331167429e-01 -1.268025212567199800e-01 3.510426321368275149e-01 5.264246026167819226e-01 1.958553041412030848e-01 8.641235609278646868e-01 -3.601395592812556279e-02 3.575199164748480984e-01 5.236784343944300701e-01 1.982608383016878084e-01 4.068767314717345873e-01 -2.625155429783066485e-01 3.195583612024217035e-01 5.138296750625606091e-01 1.919833218724422697e-01 8.174328284829498470e-01 -1.077634496277863341e-01 3.243426398909026731e-01 5.105120378969951744e-01 1.980916939063124826e-01 1.045077818521485069e+00 -2.473125121548342548e-02 3.403240187405880413e-01 5.095016746406577646e-01
0.000000000000000000e+00 8.611692509770541903e+00 3.440115489140237681e+00 4.539363293005751032e+00 2.808518995755144410e+00 4.900133427036281741e-01 1.293012186489921156e+01 4.407674493853507514e+00 4.436222699317224460e+00 3.025896219606723836e+00 5.823475146141843251e-01 1.285331468594205440e+01 5.032664033411021087e+00 4.425221408633785103e+00 3.096659362924598646e+00 6.130470828900870250e-01 1.640457600340527478e+01 4.218344371812410287e+00 4.201931630188934008e+00 2.932992753455872847e+00 5.607307075322852663e-01 1.524336888322983086e+01 5.319904842756215224e+00 4.272211833119547109e+00 3.027614608539274332e+00 6.339055515314978573e-01 1.629723060561447312e+01 5.826730264733234854e+00 4.332323720244293241e+00 3.041871560015064979e+00 6.743497667465365719e-01 1.481011373572645162e+01 4.667973622297224345e+00 4.074641368242502892e+00 2.919004345293019664e+00 5.825879289109590076e-01 1.695285158422186811e+01 5.618393869526981277e+00 4.179542045088129321e+00 2.959108198627616204e+00 6.602268363530110484e-01 1.801474781093036270e+01 6.025867591924543021e+00 4.253438548310516154e+00 2.967436797000313486e+00
0.000000000000000000e+00 1.216223609124254956e+01 1.556675285496340422e+01 5.822900156652611514e+00 1.687739971860430011e+00 -1.572653096921148436e-03 7.862640863414497083e+00 1.395346270192244198e+01 6.469500591548702495e+00 1.712419815849262283e+00 -6.094487763823786680e-02 5.032664033411021087e+00 1.253135863409460526e+01 6.475167397836261607e+00 1.637736290596028432e+00 -9.062951845972169740e-02 7.501583000198472462e+00 1.609216505141503006e+01 7.599390560024357200e+00 2.074856086051569459e+00 -3.750988344373856059e-02 5.544074819977286239e+00 1.382178201622720515e+01 7.420581156442605852e+00 1.907011016976654316e+00 -1.353456319440158873e-01 2.542655687025235700e+00 1.257285474618721288e+01 7.117279060856992245e+00 1.771725799476286944e+00 -2.016636304934313617e-01 9.045565763980485841e+00 1.570035620035656443e+01 8.018638375761124593e+00 2.152606706764004674e+00 -7.225272921818845506e-02 3.690382821750218145e+00 1.357571865756750995e+01 7.584517016609052753e+00 1.941336162090759210e+00 -1.947392582319735499e-01 1.067871277315111334e+00 1.248311218710533765e+01 7.195152960601808090e+00 1.778931460767019024e+00
0.000000000000000000e+00 6.678728328957578952e+00 7.636517365073555830e+00 4.667364519716536542e+00 2.367732409994152576e+00 4.030172367463846772e-01 5.629023370781330193e+00 6.955190578848132965e+00 4.751731316472588951e+00 2.414640812822738347e+00 4.144527452573538162e-01 4.425221408633785103e+00 6.475167397836261607e+00 4.688951035017739244e+00 2.386030772987617343e+00 4.086976629081343626e-01 6.151908651392218097e+00 7.645445683045484664e+00 5.126852458583758043e+00 2.541051870589869477e+00 4.232090908256507800e-01 4.779627746861372373e+00 6.944107944634589913e+00 4.993998192440843198e+00 2.471284031926615832e+00 4.000503655950554682e-01 3.950579986949939837e+00 6.576409099965521143e+00 4.862548053027231809e+00 2.401294707762033465e+00 3.791511830168340924e-01 5.870507766628326962e+00 7.495124021167082873e+00 5.197425169763695507e+00 2.549727338467822069e+00 4.149203345277960309e-01 4.370495695725550966e+00 6.874816135947925844e+00 5.001453798002295059e+00 2.445498386740636132e+00 3.801028290679809296e-01 3.724354277710734795e+00 6.563747508188423119e+00 4.850845797171642992e+00 2.364485390208296067e+00
0.000000000000000000e+00 2.224870359049827329e+00 1.486157505354006370e+00 2.687552429193485803e+00 2.004490242531236976e+00 5.035306903655382138e-01 3.136353058574566699e+00 1.501280133994987720e+00 2.464054399929817674e+00 2.040705930610513974e+00 5.447038655766471837e-01 3.096659362924598646e+00 1.637736290596028432e+00 2.386030772987617343e+00 2.040480642949086043e+00 5.513783795249789232e-01 4.006932503088814101e+00 1.297539696585595426e+00 2.359687807752398392e+00 2.014896799918768799e+00 5.443285599414473541e-01 3.371324171871776354e+00 1.586291089631244766e+00 2.288236768189783721e+00 2.010258870213840421e+00 5.628302889040314172e-01 3.839547714580018756e+00 1.760779016009243803e+00 2.280382762481573788e+00 1.991841910675501426e+00 5.692889189058057964e-01 3.000476122880322283e+00 1.327392346558607494e+00 2.239210998405721575e+00 1.985582374656324367e+00 5.507929793823340692e-01 3.825214672843875618e+00 1.632034902836866586e+00 2.218124098042558945e+00 1.962354757212165346e+00 5.673819538030333565e-01 4.324323780952730623e+00 1.795140871637021185e+00 2.229521230652246278e+00 1.944506953262298499e+00
0.000000000000000000e+00 9.206374663326091778e-02 -2.419869118368102034e-01 5.420617596884057532e-01 5.523221649572684910e-01 1.781232476732253489e-01 4.973600392780145318e-01 -1.841432293615655469e-01 4.361737859753388458e-01 5.522383565107504833e-01 1.910832349949268816e-01 6.130470828900870250e-01 -9.062951845972169740e-02 4.086976629081343626e-01 5.513783795249789232e-01 1.930074681973852901e-01 7.447935674465107070e-01 -3.295190915460761705e-01 3.606021403014116333e-01 5.313267550677950313e-01 1.910023307164905593e-01 6.676024375876516981e-01 -1.611463885658913076e-01 3.404554267661921152e-01 5.315198156936301599e-01 1.980286055922773070e-01 9.190762829527544531e-01 -6.255335981694776226e-02 3.486713537555352072e-01 5.295721295967749098e-01 2.010163261469493090e-01 4.248720479058266664e-01 -3.082662109815405005e-01 3.051870105325976690e-01 5.171247747242773141e-01 1.935134695032458274e-01 8.692489415153269450e-01 -1.397864776839070622e-01 3.126245819656972014e-01 5.151553884111524928e-01 2.006878535104728578e-01 1.113796277803557500e+00 -5.001431204438627764e-02 3.307431323984253990e-01 5.150093933566166626e-01
0.000000000000000000e+00 1.184520405353688410e+01 5.817227693877226713e+00 6.220677017140711307e+00 3.648685681060167330e+00 5.989591857187667179e-01 1.679406017288922470e+01 6.868042714058208986e+00 6.163153906360902212e+00 3.924709414023761944e+00 7.088073628346803767e-01 1.640457600340527478e+01 7.501583000198472462e+00 6.151908651392218097e+00 4.006932503088814101e+00 7.447935674465107070e-01 2.108941828584307743e+01 6.861799492926458299e+00 5.992201945612609215e+00 3.846434474657660640e+00 6.832683913672670251e-01 1.940632545485544824e+01 8.007035340625130004e+00 6.066721928059201296e+00 3.949748387850596565e+00 7.661394404941974656e-01 2.040177398931436414e+01 8.508221123617131454e+00 6.111218844763790514e+00 3.954749713366944253e+00 8.110281907547780555e-01 1.922750365834935948e+01 7.393821143104403859e+00 5.883571639134264508e+00 3.838964810177805553e+00 7.072543270831614937e-01 2.133354887820875589e+01 8.362746984593520949e+00 5.973001046927127966e+00 3.869191019946678800e+00 7.935563580341750134e-01 2.237949783393461090e+01 8.755138299551029846e+00 6.024834990526910516e+00 3.863835758399063014e+00
0.000000000000000000e+00 1.492125280362541773e+01 2.063106475425114894e+01 6.681944892744447806e+00 1.444476794638574590e+00 -1.710736235034522879e-01 8.093394973983828677e+00 1.820749905545179459e+01 7.626716928772384385e+00 1.419107575291021828e+00 -2.802648052186895167e-01 4.218344371812410287e+00 1.609216505141503006e+01 7.645445683045484664e+00 1.297539696585595426e+00 -3.295190915460761705e-01 6.861799492926458299e+00 2.128995437402409152e+01 9.274375925519668940e+00 1.950737481717362831e+00 -2.427048578648987320e-01 4.549906509996677784e+00 1.788099253266905819e+01 9.018604892354083802e+00 1.694163052882353027e+00 -3.977028719941061441e-01 5.962447619052545222e-02 1.601380661272543193e+01 8.582668735350392097e+00 1.504148301774983931e+00 -4.996934143693254615e-01 9.636453413710851734e+00 2.068143799215590306e+01 9.908096891653832117e+00 2.066518674717684245e+00 -2.969160458667076674e-01 1.596672980288072585e+00 1.749297940147833330e+01 9.282077705059032624e+00 1.764642209902901993e+00 -4.866741355984039452e-01 -2.377245315602846354e+00 1.585857535669511975e+01 8.720134319052590399e+00 1.538379982516010269e+00
0.000000000000000000e+00 7.542159183939549649e+00 9.243830956895209283e+00 5.029224995495273909e+00 2.375404140307797451e+00 3.757417328872293960e-01 5.731296086623932418e+00 8.296358226069898478e+00 5.191968038043533795e+00 2.404810866476640108e+00 3.726993944486645671e-01 4.201931630188934008e+00 7.599390560024357200e+00 5.126852458583758043e+00 2.359687807752398392e+00 3.606021403014116333e-01 5.992201945612609215e+00 9.274375925519668940e+00 5.728738138171347138e+00 2.586298200557304749e+00 3.869350463658605133e-01 4.486104750312619238e+00 8.219329656893547664e+00 5.564132289762087957e+00 2.486103551817076873e+00 3.456567205004303922e-01 3.203078887099452654e+00 7.661120036249300824e+00 5.388355956390482149e+00 2.396777434562705089e+00 3.131327156544684853e-01 6.059389466290631354e+00 9.053562493336194450e+00 5.861302873244396139e+00 2.606101605867576332e+00 3.728916156014293048e-01 3.734442795089542688e+00 8.105238974398400131e+00 5.600519436485844160e+00 2.470388776530224373e+00 3.165162484129230847e-01 2.679355414698046278e+00 7.627752999862670080e+00 5.394161929949391698e+00 2.367248994076446955e+00
0.000000000000000000e+00 2.534840694687303220e+00 2.136616291731524342e+00 2.813572416582748481e+00 1.996771677434837855e+00 4.933200496018454451e-01 3.107814018872760542e+00 2.033299109255997550e+00 2.621085946760510765e+00 2.023207525264878903e+00 5.277211636403549289e-01 2.932992753455872847e+00 2.074856086051569459e+00 2.541051870589869477e+00 2.014896799918768799e+00 5.313267550677950313e-01 3.846434474657660640e+00 1.950737481717362831e+00 2.586298200557304749e+00 2.022108447978498535e+00 5.303639832379049013e-01 3.163092808253985311e+00 2.083619021571309737e+00 2.499509760785285639e+00 2.003170717944294132e+00 5.404071681008385530e-01 3.434903790167418869e+00 2.174954806980658795e+00 2.472041763612044640e+00 1.975930947951395122e+00 5.414047514893066682e-01 2.996957310180496048e+00 1.947342951331937577e+00 2.491880953165219736e+00 1.997571057520325377e+00 5.343831462618753303e-01 3.461846370045173149e+00 2.107889029676786929e+00 2.441849643459448327e+00 1.960007369023211155e+00 5.409363892848109145e-01 3.783506559132733926e+00 2.198652407587215585e+00 2.428931732034857571e+00 1.932230005530377381e+00
0.000000000000000000e+00 1.178551645469779058e-01 -1.522188363260705557e-01 5.541333973112541056e-01 5.496527805710568204e-01 1.780733306207751554e-01 4.648173881028313525e-01 -1.152404968308314293e-01 4.515830631845740850e-01 5.469623706506997474e-01 1.897454553890362272e-01 5.607307075322852663e-01 -3.750988344373856059e-02 4.232090908256507800e-01 5.443285599414473541e-01 1.910023307164905593e-01 6.832683913672670251e-01 -2.427048578648987320e-01 3.869350463658605133e-01 5.303639832379049013e-01 1.905324868446207909e-01 6.018488329876103826e-01 -1.007242735946946716e-01 3.634106191607955338e-01 5.276573216114184284e-01 1.958763991823555817e-01 8.218979032020978792e-01 -1.577525293589226302e-02 3.682394406866884573e-01 5.240263220504770558e-01 1.977453104447827181e-01 3.901588578512418803e-01 -2.282091580459209845e-01 3.351311041640371302e-01 5.168011249726849332e-01 1.926953807107373573e-01 7.755649929741871285e-01 -8.385061294310534874e-02 3.373951651443466981e-01 5.121105198965986149e-01 1.978751943926631562e-01 9.915854194891949858e-01 -5.770250469839093184e-03 3.515104579412804964e-01 5.101537354173009131e-01
0.000000000000000000e+00 9.929448872770514356e+00 3.534336812414472728e+00 4.889113728599583375e+00 3.037503157788861596e+00 5.257560232985640791e-01 1.520687679183328989e+01 4.761707743194110165e+00 4.778682336375630335e+00 3.285179657373521245e+00 6.310453588331167429e-01 1.524336888322983086e+01 5.544074819977286239e+00 4.779627746861372373e+00 3.371324171871776354e+00 6.676024375876516981e-01 1.940632545485544824e+01 4.549906509996677784e+00 4.486104750312619238e+00 3.163092808253985311e+00 6.018488329876103826e-01 1.829446268742398729e+01 5.916677634885810555e+00 4.589666156514675244e+00 3.280060040497550844e+00 6.892244587841329651e-01 1.955135426903256857e+01 6.538268049934138126e+00 4.673458441542952535e+00 3.304515129113247074e+00 7.388274784400934436e-01 1.781294961311149194e+01 5.133607725716203163e+00 4.343804310008976266e+00 3.144611916374016047e+00 6.262834148032677684e-01 2.042596905466582413e+01 6.302890998977539461e+00 4.487191445543261104e+00 3.201673178702121092e+00 7.203246875417753659e-01 2.166497585424784234e+01 6.795958027427607462e+00 4.586168182736202859e+00 3.220274535228121682e+00
0.000000000000000000e+00 1.334634054851035145e+01 1.724008684879084896e+01 6.183201045535169804e+00 1.653551713429820547e+00 -5.469590941559564906e-02 8.473571231502358359e+00 1.543252276629464070e+01 6.930163467384544695e+00 1.671661456185514316e+00 -1.268025212567199800e-01 5.319904842756215224e+00 1.382178201622720515e+01 6.944107944634589913e+00 1.586291089631244766e+00 -1.611463885658913076e-01 8.007035340625130004e+00 1.788099253266905819e+01 8.219329656893547664e+00 2.083619021571309737e+00 -1.007242735946946716e-01 5.916677634885810555e+00 1.530390940631159324e+01 8.026016247135608239e+00 1.893580267316413046e+00 -2.131221608629769171e-01 2.471413004667080138e+00 1.387849802807506983e+01 7.684938831899473577e+00 1.743146557812094377e+00 -2.884149953688054380e-01 9.926367129413383950e+00 1.745606499519495003e+01 8.709202902867403395e+00 2.174369783162269254e+00 -1.409194632795513491e-01 3.795503267986071183e+00 1.503607013357557420e+01 8.222803298390333637e+00 1.938351914221903671e+00 -2.806332546865958899e-01 7.694154655987661684e-01 1.378455498195993911e+01 7.782316753994034109e+00 1.757602668291987857e+00
0.000000000000000000e+00 7.414164515697736491e+00 8.959424700432119693e+00 4.884283151060290429e+00 2.291510587407140420e+00 3.522877420613862443e-01 5.752196072299903484e+00 8.078203904383334688e+00 5.051842859650069073e+00 2.328094364882624223e+00 3.510426321368275149e-01 4.272211833119547109e+00 7.420581156442605852e+00 4.993998192440843198e+00 2.288236768189783721e+00 3.404554267661921152e-01 6.066721928059201296e+00 9.018604892354083802e+00 5.564132289762087957e+00 2.499509760785285639e+00 3.634106191607955338e-01 4.589666156514675244e+00 8.026016247135608239e+00 5.413956849910850799e+00 2.408121311457425584e+00 3.259151471983635084e-01 3.373023210164821428e+00 7.497849418160304147e+00 5.248191991018480884e+00 2.324233624681623755e+00 2.960914218422919242e-01 6.094394673411132501e+00 8.817321860902541886e+00 5.693627087534146369e+00 2.519607358364382765e+00 3.503239190537264514e-01 3.897176949640211774e+00 7.922953829078451804e+00 5.449103745056237180e+00 2.392697260762221223e+00 2.986081455382754712e-01 2.899153015818758394e+00 7.470422128317773414e+00 5.253274598718665089e+00 2.295185335157387652e+00
0.000000000000000000e+00 2.418708209648812169e+00 1.872119012127397619e+00 2.748603999190413205e+00 1.981495553238158402e+00 4.891282927757598653e-01 3.150244455207369398e+00 1.824818711009713823e+00 2.548754525029890416e+00 2.014292832920578036e+00 5.264246026167819226e-01 3.027614608539274332e+00 1.907011016976654316e+00 2.471284031926615832e+00 2.010258870213840421e+00 5.315198156936301599e-01 3.949748387850596565e+00 1.694163052882353027e+00 2.486103551817076873e+00 2.003170717944294132e+00 5.276573216114184284e-01 3.280060040497550844e+00 1.893580267316413046e+00 2.408121311457425584e+00 1.991526065894591691e+00 5.416117235120315732e-01 3.632806056022894747e+00 2.019340353647603337e+00 2.389273879688817992e+00 1.968469048724538206e+00 5.451707048167897529e-01 3.029537629882184113e+00 1.706690676029331222e+00 2.382948938661289873e+00 1.977689752781317978e+00 5.328508839501888694e-01 3.643549913611266344e+00 1.927692463891607311e+00 2.346276500583606150e+00 1.947092886988346150e+00 5.440382787906149487e-01 4.038148237516390182e+00 2.048069738511214766e+00 2.343540554703880563e+00 1.923792935699173867e+00
0.000000000000000000e+00 5.808911285588286982e-02 -3.074523085426755231e-01 5.394745619586931440e-01 5.625263067851382637e-01 1.820493620237170485e-01 5.045467662605898074e-01 -2.386524344860090352e-01 4.282925951481161841e-01 5.632036122103113440e-01 1.958553041412030848e-01 6.339055515314978573e-01 -1.353456319440158873e-01 4.000503655950554682e-01 5.628302889040314172e-01 1.980286055922773070e-01 7.661394404941974656e-01 -3.977028719941061441e-01 3.456567205004303922e-01 5.404071681008385530e-01 1.958763991823555817e-01 6.892244587841329651e-01 -2.131221608629769171e-01 3.259151471983635084e-01 5.416117235120315732e-01 2.036867178903191133e-01 9.624905598479045477e-01 -1.056859800518973325e-01 3.356486746513165365e-01 5.401453127744660909e-01 2.071118388702668511e-01 4.231628788484694259e-01 -3.736041074637039272e-01 2.869046752121908739e-01 5.257873425592149985e-01 1.988095669070658600e-01 9.058709424137547650e-01 -1.898926747658692404e-01 2.965396240168814423e-01 5.247376808497608014e-01 2.068659968751828671e-01 1.170671556725700890e+00 -9.232592468415003195e-02 3.168058799724114971e-01 5.251813763056273343e-01
0.000000000000000000e+00 7.678874114722488819e+00 -8.312634813346643226e-01 4.352105661887003762e+00 3.410686218936162195e+00 7.105510411795536996e-01 1.533388956279381787e+01 1.128158346105525123e+00 3.965287242321039685e+00 3.710092730855279353e+00 8.641235609278646868e-01 1.629723060561447312e+01 2.542655687025235700e+00 3.950579986949939837e+00 3.839547714580018756e+00 9.190762829527544531e-01 2.040177398931436414e+01 5.962447619052545222e-02 3.203078887099452654e+00 3.434903790167418869e+00 8.218979032020978792e-01 1.955135426903256857e+01 2.471413004667080138e+00 3.373023210164821428e+00 3.632806056022894747e+00 9.624905598479045477e-01 2.218083011774926661e+01 3.660698813722586209e+00 3.575282949906232854e+00 3.705281613988176570e+00 1.044900607246931568e+00 1.762110635646123669e+01 8.429013193830587891e-01 2.861966137887954620e+00 3.381354819876915219e+00 8.644195516525639000e-01 2.271246406694899633e+01 2.990795706506657048e+00 3.176946999391395465e+00 3.518812099127785142e+00 1.020591504107938086e+00 2.520194525147709541e+01 3.981656127942614365e+00 3.431108333171491775e+00 3.593358282694775863e+00
0.000000000000000000e+00 1.244969257896720372e+01 1.540743875812023944e+01 5.933135818026486596e+00 1.787948239158922537e+00 1.611988263194133117e-02 8.589617746409103916e+00 1.391591295388734828e+01 6.567389768687023732e+00 1.827613779351378920e+00 -3.601395592812556279e-02 5.826730264733234854e+00 1.257285474618721288e+01 6.576409099965521143e+00 1.760779016009243803e+00 -6.255335981694776226e-02 8.508221123617131454e+00 1.601380661272543193e+01 7.661120036249300824e+00 2.174954806980658795e+00 -1.577525293589226302e-02 6.538268049934138126e+00 1.387849802807506983e+01 7.497849418160304147e+00 2.019340353647603337e+00 -1.056859800518973325e-01 3.660698813722586209e+00 1.269084642088227888e+01 7.207094652572714644e+00 1.889573813468541585e+00 -1.669843403666032011e-01 9.956653934836779740e+00 1.567929622852269134e+01 8.069925129673503506e+00 2.251169347081882766e+00 -4.849263161187774424e-02 4.856790797169402651e+00 1.367052731345755134e+01 7.656680522716128756e+00 2.049495722805368736e+00 -1.618445261436691207e-01 2.346679697841348666e+00 1.262631983091993604e+01 7.281480143212337275e+00 1.892750408604909396e+00
0.000000000000000000e+00 7.181839058988733093e+00 8.522884876272419419e+00 4.769203974031433368e+00 2.273931822066745490e+00 3.550896320168627218e-01 5.725299999811809037e+00 7.716519465526791244e+00 4.918609980885726429e+00 2.315504343800660170e+00 3.575199164748480984e-01 4.332323720244293241e+00 7.117279060856992245e+00 4.862548053027231809e+00 2.280382762481573788e+00 3.486713537555352072e-01 6.111218844763790514e+00 8.582668735350392097e+00 5.388355956390482149e+00 2.472041763612044640e+00 3.682394406866884573e-01 4.673458441542952535e+00 7.684938831899473577e+00 5.248191991018480884e+00 2.389273879688817992e+00 3.356486746513165365e-01 3.575282949906232854e+00 7.207094652572714644e+00 5.094710215278053234e+00 2.310921793763722754e+00 3.090312515865146770e-01 6.052940282524079230e+00 8.401991344450124188e+00 5.502679896523484437e+00 2.489450887942181723e+00 3.566411196524652549e-01 4.072773115652135623e+00 7.594767422524304479e+00 5.276372511448523817e+00 2.371496575211621938e+00 3.108060941437865154e-01 3.180759725176250718e+00 7.185896209535249213e+00 5.095626727183555360e+00 2.280242307349571451e+00
0.000000000000000000e+00 2.311377458769609650e+00 1.678977242904242217e+00 2.681854777578841276e+00 1.958104863843655563e+00 4.849951625305272129e-01 3.127788196833626078e+00 1.664991350473912668e+00 2.477020051405557144e+00 1.993508916463777370e+00 5.236784343944300701e-01 3.041871560015064979e+00 1.771725799476286944e+00 2.401294707762033465e+00 1.991841910675501426e+00 5.295721295967749098e-01 3.954749713366944253e+00 1.504148301774983931e+00 2.396777434562705089e+00 1.975930947951395122e+00 5.240263220504770558e-01 3.304515129113247074e+00 1.743146557812094377e+00 2.324233624681623755e+00 1.968469048724538206e+00 5.401453127744660909e-01 3.705281613988176570e+00 1.889573813468541585e+00 2.310921793763722754e+00 1.948130202698598934e+00 5.451746963905860222e-01 3.002731232721522758e+00 1.525889497715664733e+00 2.288265785461697011e+00 1.949623612953198304e+00 5.298172891475919632e-01 3.705419205559555174e+00 1.782858269885279290e+00 2.259978031770305318e+00 1.923382506829486083e+00 5.436367266467138082e-01 4.142470416601767624e+00 1.921014594964541633e+00 2.263770041240682929e+00 1.903072053216868120e+00
0.000000000000000000e+00 1.580473008330104609e-02 -4.104268900150029875e-01 5.230889689954089095e-01 5.654089460831904779e-01 1.831897612971246925e-01 5.234092251812265673e-01 -3.210834840678082891e-01 4.070469715170458302e-01 5.681784636561844071e-01 1.982608383016878084e-01 6.743497667465365719e-01 -2.016636304934313617e-01 3.791511830168340924e-01 5.692889189058057964e-01 2.010163261469493090e-01 8.110281907547780555e-01 -4.996934143693254615e-01 3.131327156544684853e-01 5.414047514893066682e-01 1.977453104447827181e-01 7.388274784400934436e-01 -2.884149953688054380e-01 2.960914218422919242e-01 5.451707048167897529e-01 2.071118388702668511e-01 1.044900607246931568e+00 -1.669843403666032011e-01 3.090312515865146770e-01 5.451746963905860222e-01 2.115391141453326629e-01 4.391982235809171464e-01 -4.693532225603240793e-01 2.502793805327908627e-01 5.261667715523441480e-01 2.011411382079621168e-01 9.821684758461484144e-01 -2.611136695051998746e-01 2.647589708815589749e-01 5.275544809272080249e-01 2.110301402973465412e-01 1.276846306753537830e+00 -1.514718882406464462e-01 2.889700730723238631e-01 5.296197416325478802e-01
0.000000000000000000e+00 1.287140561904828040e+01 8.432483969472009733e+00 5.671268901444968868e+00 2.760033663480650379e+00 3.500139480020612592e-01 1.577008292694791436e+01 8.916277324285221795e+00 5.852918682138547268e+00 2.958565855641008824e+00 4.068767314717345873e-01 1.481011373572645162e+01 9.045565763980485841e+00 5.870507766628326962e+00 3.000476122880322283e+00 4.248720479058266664e-01 1.922750365834935948e+01 9.636453413710851734e+00 6.059389466290631354e+00 2.996957310180496048e+00 3.901588578512418803e-01 1.781294961311149194e+01 9.926367129413383950e+00 6.094394673411132501e+00 3.029537629882184113e+00 4.231628788484694259e-01 1.762110635646123669e+01 9.956653934836779740e+00 6.052940282524079230e+00 3.002731232721522758e+00 4.391982235809171464e-01 1.891018881826033393e+01 1.003375115267485107e+01 6.127270113737108836e+00 3.014550322618529510e+00 3.955571165098001885e-01 1.893043208260753474e+01 1.018841343097252050e+01 6.089513589202354638e+00 2.985885162501749068e+00 4.259273994179283429e-01 1.885211541879993291e+01 1.015968009325828625e+01 6.023924039924341223e+00 2.944611270878560116e+00
0.000000000000000000e+00 1.473464389672168195e+01 1.997191108175666940e+01 6.557367218543387999e+00 1.453432905579755907e+00 -1.609337926561114351e-01 8.397521659082904932e+00 1.770436901272357844e+01 7.472997425898637580e+00 1.439885019557323842e+00 -2.625155429783066485e-01 4.667973622297224345e+00 1.570035620035656443e+01 7.495124021167082873e+00 1.327392346558607494e+00 -3.082662109815405005e-01 7.393821143104403859e+00 2.068143799215590306e+01 9.053562493336194450e+00 1.947342951331937577e+00 -2.282091580459209845e-01 5.133607725716203163e+00 1.745606499519495003e+01 8.817321860902541886e+00 1.706690676029331222e+00 -3.736041074637039272e-01 8.429013193830587891e-01 1.567929622852269134e+01 8.401991344450124188e+00 1.525889497715664733e+00 -4.693532225603240793e-01 1.003375115267485107e+01 2.013098155858406813e+01 9.665481095321526439e+00 2.059716582738798429e+00 -2.795673666929323620e-01 2.375628858139058330e+00 1.710536912395302878e+01 9.071501086815688453e+00 1.773103553302824986e+00 -4.579163914698484161e-01 -1.420321129740244936e+00 1.554614690308255831e+01 8.534233008814082311e+00 1.557028427336421217e+00
0.000000000000000000e+00 7.850297501429721159e+00 9.836547113580627055e+00 5.041333343647795395e+00 2.263326787301781273e+00 3.297932311628168356e-01 5.736939668574732032e+00 8.802077564854217329e+00 5.255757293723650747e+00 2.288702225172499105e+00 3.195583612024217035e-01 4.074641368242502892e+00 8.018638375761124593e+00 5.197425169763695507e+00 2.239210998405721575e+00 3.051870105325976690e-01 5.883571639134264508e+00 9.908096891653832117e+00 5.861302873244396139e+00 2.491880953165219736e+00 3.351311041640371302e-01 4.343804310008976266e+00 8.709202902867403395e+00 5.693627087534146369e+00 2.382948938661289873e+00 2.869046752121908739e-01 2.861966137887954620e+00 8.069925129673503506e+00 5.502679896523484437e+00 2.288265785461697011e+00 2.502793805327908627e-01 6.127270113737108836e+00 9.665481095321526439e+00 6.027533526818225518e+00 2.518623369017866764e+00 3.186432737293592998e-01 3.447895945862532230e+00 8.579485306365354447e+00 5.746211612864761342e+00 2.373997859665391452e+00 2.542582596926704075e-01 2.209621179628698417e+00 8.029815968238004587e+00 5.518504265789953678e+00 2.264137376823230241e+00
0.000000000000000000e+00 2.588669713496370317e+00 2.241877986158188563e+00 2.808774227180901750e+00 1.967287861310246244e+00 4.806408314582393260e-01 3.119688521722341346e+00 2.125981069295691750e+00 2.627973990071023280e+00 1.994279574430341651e+00 5.138296750625606091e-01 2.919004345293019664e+00 2.152606706764004674e+00 2.549727338467822069e+00 1.985582374656324367e+00 5.171247747242773141e-01 3.838964810177805553e+00 2.066518674717684245e+00 2.606101605867576332e+00 1.997571057520325377e+00 5.168011249726849332e-01 3.144611916374016047e+00 2.174369783162269254e+00 2.519607358364382765e+00 1.977689752781317978e+00 5.257873425592149985e-01 3.381354819876915219e+00 2.251169347081882766e+00 2.489450887942181723e+00 1.949623612953198304e+00 5.261667715523441480e-01 3.014550322618529510e+00 2.059716582738798429e+00 2.518623369017866764e+00 1.974999469083973835e+00 5.205512866559877105e-01 3.416239590009594096e+00 2.195874856923967222e+00 2.465308801134027394e+00 1.936228303901461834e+00 5.258701338453737328e-01 3.705688005616484926e+00 2.273592256396624212e+00 2.448445905806261536e+00 1.907274975355739421e+00
