0.000000000000000000e+00 0.000000000000000000e+00 0.000000000000000000e+00 0.000000000000000000e+00 0.000000000000000000e+00 0.000000000000000000e+00 0.000000000000000000e+00 0.000000000000000000e+00 0.000000000000000000e+00 0.000000000000000000e+00 0.000000000000000000e+00 0.000000000000000000e+00 0.000000000000000000e+00 0.000000000000000000e+00 0.000000000000000000e+00 0.000000000000000000e+00 0.000000000000000000e+00 0.000000000000000000e+00 0.000000000000000000e+00 0.000000000000000000e+00 0.000000000000000000e+00 0.000000000000000000e+00 0.000000000000000000e+00 0.000000000000000000e+00 0.000000000000000000e+00 0.000000000000000000e+00 0.000000000000000000e+00 0.000000000000000000e+00 0.000000000000000000e+00 0.000000000000000000e+00 0.000000000000000000e+00 0.000000000000000000e+00 0.000000000000000000e+00 0.000000000000000000e+00 0.000000000000000000e+00 0.000000000000000000e+00 0.000000000000000000e+00 0.000000000000000000e+00 0.000000000000000000e+00 0.000000000000000000e+00 0.000000000000000000e+00 0.000000000000000000e+00 0.000000000000000000e+00 0.000000000000000000e+00 0.000000000000000000e+00
0.000000000000000000e+00 5.551375810755514451e+00 5.199540954311101082e+00 2.788083849256456581e+00 1.596387382814924427e+00 3.943251252388947359e-01 4.763163980679215648e+00 5.051819513570376508e+00 2.986690489385293024e+00 1.675954952022621347e+00 4.265287994539600502e-01 4.450278330272016802e+00 4.981766700019105265e+00 3.080582031371253748e+00 1.701605868674681554e+00 4.339452351341581693e-01 4.058325583008640436e+00 4.520254664329096173e+00 2.845279141642606202e+00 1.646821985515734221e+00 4.345219904125958710e-01 3.446958157896336417e+00 4.177888061421703547e+00 2.876871563096275342e+00 1.653487506720570543e+00 4.245032864362532354e-01 3.298468105201515232e+00 4.146184399356683592e+00 2.916228327767614203e+00 1.659495156358317791e+00 4.099219550564714432e-01 3.480700996759332533e+00 4.050866605855976132e+00 2.772241585580023759e+00 1.629030297747563694e+00 4.343538184958367632e-01 2.950896046292250663e+00 3.796030246615140324e+00 2.773047954512389168e+00 1.624455159974355967e+00 4.084384906743798727e-01 2.883204337309549725e+00 3.813051668497879909e+00 2.806389790438744036e+00 1.625716476731710491e+00
0.000000000000000000e+00 5.199540954311101082e+00 9.639943466105624026e+00 3.419962585219076256e+00 1.180321385499082165e+00 -3.020504398292055415e-01 2.975986582585198992e+00 8.605468950786322679e+00 3.980244916797677224e+00 1.180917853071284274e+00 -4.457722589727662887e-01 1.528751615366628291e+00 7.821306710462820000e+00 4.128460801291065962e+00 1.138006592081922674e+00 -5.150742983843333844e-01 1.980235844076755791e+00 8.390820088927510412e+00 4.313382157953875584e+00 1.398469707232599113e+00 -4.218602632350358372e-01 1.150149127874465105e+00 6.992259955542223793e+00 4.324858460614026789e+00 1.292112516506717990e+00 -6.500325276710031686e-01 -2.081057611348332559e-01 6.446740788521115206e+00 4.274117231004379569e+00 1.224078295242867043e+00 -8.126161217702488893e-01 2.351635694368855223e+00 7.468830758859338559e+00 4.443336044217102376e+00 1.435562534865729711e+00 -5.175299368155698021e-01 2.408549785384519470e-01 6.343039565216151310e+00 4.320418526105862966e+00 1.319301093664681401e+00 -8.080813309647820741e-01 -8.311879293116678502e-01 5.956956854397659207e+00 4.229927194906303534e+00 1.234117980372678058e+00
0.000000000000000000e+00 2.788083849256456581e+00 3.419962585219076256e+00 2.515054668880676303e+00 1.910887752726694977e+00 9.424731644377515316e-01 2.555569196423858713e+00 3.180116377315516996e+00 2.563624363992946797e+00 1.943234321114695629e+00 9.876213752111021593e-01 2.315637529921792392e+00 3.106196947812215114e+00 2.603020495533992840e+00 1.962892602601067793e+00 1.002242812171010300e+00 2.198815381536583846e+00 2.814221746332373097e+00 2.408572312086452616e+00 1.867691173804049143e+00 9.739759181659145559e-01 1.689201302539052874e+00 2.596406346696293888e+00 2.401328466876535117e+00 1.872207478119392254e+00 9.851607574720770977e-01 1.615087108745933309e+00 2.581396780857504236e+00 2.429884820209771146e+00 1.887165251161521340e+00 9.876077729896944879e-01 1.689455159526796146e+00 2.510720868587154708e+00 2.315610185696493684e+00 1.826213986227178232e+00 9.721252692122717143e-01 1.414762297776238853e+00 2.367938113286768953e+00 2.308735331085214781e+00 1.830554187663397503e+00 9.747151333051766731e-01 1.390963442164327324e+00 2.385443402230671861e+00 2.340740840511341680e+00 1.845907690929095679e+00
0.000000000000000000e+00 1.596387382814924427e+00 1.180321385499082165e+00 1.910887752726694977e+00 1.905425701433842045e+00 1.262851656802540523e+00 1.917069112357033589e+00 1.174374775828691986e+00 1.796263093284965029e+00 1.926657643003632181e+00 1.347292424730180516e+00 2.032372899972058722e+00 1.293299375105855686e+00 1.793921464486120332e+00 1.955768526606649793e+00 1.380713398352682253e+00 1.801348130252820701e+00 8.425171994675746401e-01 1.538278256199643090e+00 1.780460765147044988e+00 1.321239867892879394e+00 1.469206288310162201e+00 9.668652690586524434e-01 1.519299699145387095e+00 1.808018235669526907e+00 1.390829010976570190e+00 1.736237610198686498e+00 1.089485101594406036e+00 1.561836693140519206e+00 1.841956798273286067e+00 1.435211715175471969e+00 1.165675437340473852e+00 7.561931194335457240e-01 1.397674705436960929e+00 1.718874445648895577e+00 1.340381931793813930e+00 1.413248966394464512e+00 8.918135549312607990e-01 1.418089901365277683e+00 1.751698296259360577e+00 1.417031436186359628e+00 1.661451417906132377e+00 1.008720740682076400e+00 1.476008111471867279e+00 1.791588562109492688e+00
0.000000000000000000e+00 3.943251252388947359e-01 -3.020504398292055415e-01 9.424731644377515316e-01 1.262851656802540523e+00 1.077365442574633070e+00 8.232494730583519438e-01 -2.040422097773172405e-01 7.850744252667707368e-01 1.261559716326797975e+00 1.142509760151961817e+00 1.050817354095447742e+00 -4.384406992957708138e-02 7.614570147617459872e-01 1.281097810498016853e+00 1.169678582557230673e+00 8.564991578322211918e-01 -4.020365964307845430e-01 5.716048475582833355e-01 1.133666072457711671e+00 1.119486405440315746e+00 7.348232418955873424e-01 -1.720303158292422474e-01 5.499438178920077469e-01 1.157764504472279521e+00 1.185064357466019791e+00 1.060273231588293008e+00 -3.333731079326222868e-02 5.825778297845871645e-01 1.187189523184360773e+00 1.229300315441950842e+00 4.048264736926744933e-01 -3.616050477130085539e-01 4.567901813064637051e-01 1.081676356503357139e+00 1.138270970449295927e+00 8.057800789185401991e-01 -1.518384907290341035e-01 4.803831432470865304e-01 1.113731785778073968e+00 1.215295995809208218e+00 1.087070837714716021e+00 -3.286480291911869633e-02 5.290363280343522989e-01 1.150146930410741009e+00
0.000000000000000000e+00 4.763163980679215648e+00 2.975986582585198992e+00 2.555569196423858713e+00 1.917069112357033589e+00 8.232494730583519438e-01 5.760510268439062997e+00 3.281151491241709905e+00 2.596730488975056872e+00 2.029386176703537270e+00 9.340374997396551082e-01 5.973057595125713881e+00 3.536214553587515574e+00 2.660131691724551217e+00 2.087143904049399090e+00 9.773263154466325098e-01 5.296131197363942889e+00 2.756329368048064055e+00 2.304802334088801530e+00 1.898905012208268905e+00 9.222373250289299662e-01 4.693103470976662805e+00 2.928656590943209626e+00 2.347266409553139699e+00 1.958812352056268358e+00 1.011227207120316551e+00 5.027449299830855978e+00 3.110978936302769338e+00 2.418252355441542711e+00 1.999643374535345242e+00 1.065000533823364570e+00 4.227219946768395076e+00 2.585218270403375485e+00 2.175099122495621096e+00 1.862707459936879362e+00 9.586575344777568120e-01 4.323926667339853758e+00 2.734748865115333771e+00 2.229068935398914153e+00 1.910532757731733478e+00 1.053378017116337384e+00 4.643340331038218416e+00 2.904954457681265811e+00 2.306868890369046188e+00 1.951339135414314141e+00
0.000000000000000000e+00 5.051819513570376508e+00 8.605468950786322679e+00 3.180116377315516996e+00 1.174374775828691986e+00 -2.040422097773172405e-01 3.281151491241709905e+00 7.789753066130183257e+00 3.674364855581802480e+00 1.190554180122272987e+00 -3.165728544692050228e-01 2.057299481772703942e+00 7.155060838684719648e+00 3.812690846488639540e+00 1.161551715472412871e+00 -3.714382450591435791e-01 2.368948623078211746e+00 7.551428445270324197e+00 3.931743758953740731e+00 1.363650804101047109e+00 -2.988204488938862036e-01 1.577834847067835833e+00 6.377297189971041114e+00 3.951983615336069899e+00 1.281128618961063781e+00 -4.847823856633915462e-01 4.447053882420465287e-01 5.930266254382451585e+00 3.918192277208191854e+00 1.228070524407376851e+00 -6.180370121811291639e-01 2.558324769744593219e+00 6.746295842189264924e+00 4.033848009725949701e+00 1.393080307738240986e+00 -3.776557172997565548e-01 7.473963987273999354e-01 5.797957291408560643e+00 3.938155159488272883e+00 1.300187843264867249e+00 -6.161032149705346628e-01 -1.410556166095575104e-01 5.486125867722680738e+00 3.870186440474925327e+00 1.232138953384116720e+00
0.000000000000000000e+00 2.986690489385293024e+00 3.980244916797677224e+00 2.563624363992946797e+00 1.796263093284965029e+00 7.850744252667707368e-01 2.596730488975056872e+00 3.674364855581802480e+00 2.666649073071524434e+00 1.828941037879402209e+00 8.122203349290201269e-01 2.242694442086303752e+00 3.535436827475794352e+00 2.717819354028407908e+00 1.843512937259010886e+00 8.188921910303063045e-01 2.181127663046277032e+00 3.326541370431312927e+00 2.561413369114444727e+00 1.783853108903975526e+00 8.029164304251136253e-01 1.639101727535889452e+00 3.000653620676644096e+00 2.558518904979409481e+00 1.779375868416343209e+00 7.917717107200967774e-01 1.444150311928767971e+00 2.935825813674477480e+00 2.579683425918827488e+00 1.786499663840755314e+00 7.787324201958665260e-01 1.751009854251717845e+00 2.968380727891755111e+00 2.492905351890140508e+00 1.752143730120115928e+00 7.928101791072710292e-01 1.303930539846273495e+00 2.734586636192477993e+00 2.476407993786186701e+00 1.745834370126283064e+00 7.680397967847267804e-01 1.180930277572215470e+00 2.713718213987055261e+00 2.496487895649432520e+00 1.751389051468666080e+00
0.000000000000000000e+00 1.675954952022621347e+00 1.180917853071284274e+00 1.943234321114695629e+00 1.926657643003632181e+00 1.261559716326797975e+00 2.029386176703537270e+00 1.190554180122272987e+00 1.828941037879402209e+00 1.954709387735758863e+00 1.351261478368525282e+00 2.159201282908266073e+00 1.322647676108640757e+00 1.828034128105251899e+00 1.986554096767812139e+00 1.386617812499546298e+00 1.906142740533603996e+00 8.393662765364487965e-01 1.558713919053756669e+00 1.804792551796373434e+00 1.326808546669247857e+00 1.560431487910319381e+00 9.796961380529060071e-01 1.541991379927648564e+00 1.836190314059485518e+00 1.401428479633849422e+00 1.852617492932494558e+00 1.112770478116570594e+00 1.587195710586797759e+00 1.871750292111931335e+00 1.448745155766902215e+00 1.229347149331720290e+00 7.528653240712062100e-01 1.413437017727832368e+00 1.743593905638714414e+00 1.349279619740175296e+00 1.504569261691652615e+00 9.027244767353376220e-01 1.437098352716804195e+00 1.779276333362141305e+00 1.431490857093267177e+00 1.774592506719903096e+00 1.028728566338767525e+00 1.498123695583199355e+00 1.820691045131643371e+00
0.000000000000000000e+00 4.265287994539600502e-01 -4.457722589727662887e-01 9.876213752111021593e-01 1.347292424730180516e+00 1.142509760151961817e+00 9.340374997396551082e-01 -3.165728544692050228e-01 8.122203349290201269e-01 1.351261478368525282e+00 1.218800512038224815e+00 1.209378293166494700e+00 -1.250154891550518399e-01 7.862387019779409902e-01 1.374941845637668525e+00 1.250564714761266183e+00 9.788350746943557112e-01 -5.389378635927691841e-01 5.705196563164389723e-01 1.208733058369902524e+00 1.194937358925774795e+00 8.508054851925740403e-01 -2.622567315583031466e-01 5.491379659722357420e-01 1.238894494861689122e+00 1.272496144885982394e+00 1.234858355381996731e+00 -9.878302587617078523e-02 5.867908431304779127e-01 1.272540044846673712e+00 1.324582881821099622e+00 4.625917557961691795e-01 -4.830823599691627668e-01 4.427348393850666919e-01 1.152940119640088135e+00 1.219003129243660055e+00 9.385974635364102703e-01 -2.330271624394647800e-01 4.720831220707860654e-01 1.190907408752636565e+00 1.310083104314301305e+00 1.269410992957455964e+00 -9.391902698680562600e-02 5.276485931713787991e-01 1.232170371806155185e+00
0.000000000000000000e+00 4.450278330272016802e+00 1.528751615366628291e+00 2.315637529921792392e+00 2.032372899972058722e+00 1.050817354095447742e+00 5.973057595125713881e+00 2.057299481772703942e+00 2.242694442086303752e+00 2.159201282908266073e+00 1.209378293166494700e+00 6.523364838248847164e+00 2.504511453816720135e+00 2.285220759659681189e+00 2.234496099893584109e+00 1.274074025143004940e+00 5.647431571890830782e+00 1.480717459730904073e+00 1.825961930306376768e+00 1.957425153271348695e+00 1.189245748330138630e+00 5.148981673646655821e+00 1.958020269125008817e+00 1.870186943638876498e+00 2.047293902045424829e+00 1.339083289233807372e+00 5.819044320966434647e+00 2.281853594568460597e+00 1.963898828036828359e+00 2.109120486650618798e+00 1.434727122124507259e+00 4.364468449075697976e+00 1.460951699106607160e+00 1.642143518974288341e+00 1.903825881066648185e+00 1.250172747127934025e+00 4.923596050829526227e+00 1.863009212374813428e+00 1.728833544008186562e+00 1.982718397528720811e+00 1.419260478094921618e+00 5.515852804499456141e+00 2.141298948788500134e+00 1.839242293288138930e+00 2.048469796409568833e+00
0.000000000000000000e+00 4.981766700019105265e+00 7.821306710462820000e+00 3.106196947812215114e+00 1.293299375105855686e+00 -4.384406992957708138e-02 3.536214553587515574e+00 7.155060838684719648e+00 3.535436827475794352e+00 1.322647676108640757e+00 -1.250154891550518399e-01 2.504511453816720135e+00 6.642693239050708520e+00 3.663952787582801740e+00 1.306259855638131295e+00 -1.660484865153412926e-01 2.689205178129557172e+00 6.868324643455973266e+00 3.709472279776394821e+00 1.449185277800192573e+00 -1.124062745375663808e-01 1.926701674946941001e+00 5.879955134748226619e+00 3.733091673466303106e+00 1.387069447515707710e+00 -2.596653940250702175e-01 1.000399031973767228e+00 5.521512529690900450e+00 3.715438154493853062e+00 1.348050262247254105e+00 -3.665447065857622144e-01 2.705962799681522313e+00 6.147000473729697489e+00 3.775931812015123956e+00 1.467509262815950510e+00 -1.755183226131318552e-01 1.170752197953983442e+00 5.352001085802061020e+00 3.702309500043699853e+00 1.395221401209325363e+00 -3.670143807969374339e-01 4.527435157915890573e-01 5.109170744437205869e+00 3.656516976264606367e+00 1.343498893218875168e+00
0.000000000000000000e+00 3.080582031371253748e+00 4.128460801291065962e+00 2.603020495533992840e+00 1.793921464486120332e+00 7.614570147617459872e-01 2.660131691724551217e+00 3.812690846488639540e+00 2.717819354028407908e+00 1.828034128105251899e+00 7.862387019779409902e-01 2.285220759659681189e+00 3.663952787582801740e+00 2.772761475382267360e+00 1.842593763346987989e+00 7.919343743650346656e-01 2.228642001154791163e+00 3.461221246967321363e+00 2.617701352700193329e+00 1.786103653393786628e+00 7.767912154317494489e-01 1.675134545710417200e+00 3.116020890827692291e+00 2.616881987970081092e+00 1.780875759149843862e+00 7.624242561482620362e-01 1.459952907784954679e+00 3.043819635363048448e+00 2.638061290537697001e+00 1.787344015572034817e+00 7.471596562316988877e-01 1.804447251749440539e+00 3.089804747228131365e+00 2.552191520696434957e+00 1.755349327959630390e+00 7.650863266881325897e-01 1.325421036761471161e+00 2.840030878603228448e+00 2.535111445528186014e+00 1.747929091146073199e+00 7.362779052331799301e-01 1.186226455669949553e+00 2.813994884335503599e+00 2.554359134710540324e+00 1.752480079167035187e+00
0.000000000000000000e+00 1.701605868674681554e+00 1.138006592081922674e+00 1.962892602601067793e+00 1.955768526606649793e+00 1.281097810498016853e+00 2.087143904049399090e+00 1.161551715472412871e+00 1.843512937259010886e+00 1.986554096767812139e+00 1.374941845637668525e+00 2.234496099893584109e+00 1.306259855638131295e+00 1.842593763346987989e+00 2.020405043762462327e+00 1.412129140835730379e+00 1.966983042480522359e+00 8.001947496727975784e-01 1.562142130625402858e+00 1.830516138823570449e+00 1.349473913259907620e+00 1.617769384895251239e+00 9.584106895321828912e-01 1.546406080087239232e+00 1.864697015096796306e+00 1.428763528663405280e+00 1.931664404512767108e+00 1.101164987848636034e+00 1.594015137082919420e+00 1.902187603697786722e+00 1.479218619936514489e+00 1.264643176263576585e+00 7.191108804855813608e-01 1.412142253174131667e+00 1.767811545761908354e+00 1.373638092128749655e+00 1.566981509863521138e+00 8.842327556495990226e-01 1.438595365975764206e+00 1.806156232339968026e+00 1.461379118097160479e+00 1.855315358972277284e+00 1.018154239623129564e+00 1.502642576586487921e+00 1.849704826705581118e+00
0.000000000000000000e+00 4.339452351341581693e-01 -5.150742983843333844e-01 1.002242812171010300e+00 1.380713398352682253e+00 1.169678582557230673e+00 9.773263154466325098e-01 -3.714382450591435791e-01 8.188921910303063045e-01 1.386617812499546298e+00 1.250564714761266183e+00 1.274074025143004940e+00 -1.660484865153412926e-01 7.919343743650346656e-01 1.412129140835730379e+00 1.284359890412573257e+00 1.028956594846728967e+00 -6.024297194311506454e-01 5.654265640968688666e-01 1.237397178926930685e+00 1.225592193369456240e+00 8.999605498118781188e-01 -3.048791575750638416e-01 5.443311298329392978e-01 1.270211448578753233e+00 1.308383440483093185e+00 1.308559369551066665e+00 -1.307392949204065624e-01 5.842227149223317983e-01 1.305823786973431710e+00 1.364018003032704041e+00 4.875959814954044513e-01 -5.386184469603407798e-01 4.323568256517169028e-01 1.179774314111076583e+00 1.251555808798774150e+00 9.955280029652897600e-01 -2.708216738991342520e-01 4.643405983546405880e-01 1.220413511722332700e+00 1.348869413968570630e+00 1.346936118610274624e+00 -1.231847588448718306e-01 5.229333157903324203e-01 1.263939340310551440e+00
0.000000000000000000e+00 4.058325583008640436e+00 1.980235844076755791e+00 2.198815381536583846e+00 1.801348130252820701e+00 8.564991578322211918e-01 5.296131197363942889e+00 2.368948623078211746e+00 2.181127663046277032e+00 1.906142740533603996e+00 9.788350746943557112e-01 5.647431571890830782e+00 2.689205178129557172e+00 2.228642001154791163e+00 1.966983042480522359e+00 1.028956594846728967e+00 4.968534746048531403e+00 1.900008295628624166e+00 1.868239450754956232e+00 1.752239454655770245e+00 9.574942094261812420e-01 4.470118483819242705e+00 2.203234278424995640e+00 1.908871995523210519e+00 1.820458829211968999e+00 1.067720227283641021e+00 4.910431899179616977e+00 2.430285572806011096e+00 1.983479893999217536e+00 1.868435764745916883e+00 1.137763073293136973e+00 3.918013731128690669e+00 1.832991722232591103e+00 1.731376392050278046e+00 1.709891151528218467e+00 9.987325188212280436e-01 4.200127476802644644e+00 2.086350944137804753e+00 1.796056793921455563e+00 1.768340106090625197e+00 1.121312156674370897e+00 4.599259529970420424e+00 2.285346318618372674e+00 1.880879258564828849e+00 1.818300124443407384e+00
0.000000000000000000e+00 4.520254664329096173e+00 8.390820088927510412e+00 2.814221746332373097e+00 8.425171994675746401e-01 -4.020365964307845430e-01 2.756329368048064055e+00 7.551428445270324197e+00 3.326541370431312927e+00 8.393662765364487965e-01 -5.389378635927691841e-01 1.480717459730904073e+00 6.868324643455973266e+00 3.461221246967321363e+00 8.001947496727975784e-01 -6.024297194311506454e-01 1.900008295628624166e+00 7.437940840823988431e+00 3.664143626616569005e+00 1.044991852044993452e+00 -5.250509268700884746e-01 1.177357718330833691e+00 6.212964794516786071e+00 3.682925907725742576e+00 9.499855763696409827e-01 -7.319053536828900031e-01 -7.140138486325886547e-02 5.718642544154671548e+00 3.634978090230282621e+00 8.884772382625489850e-01 -8.773011437271827084e-01 2.280962410110545679e+00 6.663306161248962134e+00 3.805616949555641781e+00 1.084052837049283902e+00 -6.161512859001028186e-01 3.459010467927342014e-01 5.661194179275585547e+00 3.698899576308749992e+00 9.799476158380263646e-01 -8.773386805599282523e-01 -6.460031788433188149e-01 5.304407942353706495e+00 3.612788551541641358e+00 9.025917464065730256e-01
0.000000000000000000e+00 2.845279141642606202e+00 4.313382157953875584e+00 2.408572312086452616e+00 1.538278256199643090e+00 5.716048475582833355e-01 2.304802334088801530e+00 3.931743758953740731e+00 2.561413369114444727e+00 1.558713919053756669e+00 5.705196563164389723e-01 1.825961930306376768e+00 3.709472279776394821e+00 2.617701352700193329e+00 1.562142130625402858e+00 5.654265640968688666e-01 1.868239450754956232e+00 3.664143626616569005e+00 2.540867581686760523e+00 1.558324755243655879e+00 5.652627073894521681e-01 1.336070446402623180e+00 3.217560476494189192e+00 2.537622701775175127e+00 1.537993427210435637e+00 5.233976870156822336e-01 9.804759194692306279e-01 3.084593653195332852e+00 2.543449825441554957e+00 1.532908035817720727e+00 4.900483043385931992e-01 1.606261699041400037e+00 3.274304478353667225e+00 2.512298695967002615e+00 1.540065528176607801e+00 5.426097555734361588e-01 9.526199964538719644e-01 2.934023607364920405e+00 2.479659618710372548e+00 1.517410099791502986e+00 4.815966038581301900e-01 6.937726615856234513e-01 2.856354159522520586e+00 2.478893188421399163e+00 1.508759399206112128e+00
0.000000000000000000e+00 1.646821985515734221e+00 1.398469707232599113e+00 1.867691173804049143e+00 1.780460765147044988e+00 1.133666072457711671e+00 1.898905012208268905e+00 1.363650804101047109e+00 1.783853108903975526e+00 1.804792551796373434e+00 1.208733058369902524e+00 1.957425153271348695e+00 1.449185277800192573e+00 1.786103653393786628e+00 1.830516138823570449e+00 1.237397178926930685e+00 1.752239454655770245e+00 1.044991852044993452e+00 1.558324755243655879e+00 1.682540640749036864e+00 1.190511240852736963e+00 1.404991431682156344e+00 1.115644162002878748e+00 1.541327200355745219e+00 1.705470407050875492e+00 1.248058642616816982e+00 1.614638222191295602e+00 1.211961092784010763e+00 1.577815103602768998e+00 1.733463000066188808e+00 1.283494863526873031e+00 1.154103015827844025e+00 9.336482841168683988e-01 1.433964249909112754e+00 1.630586530772350828e+00 1.208210959549227415e+00 1.320247315684736966e+00 1.023533138613890614e+00 1.448351034587081143e+00 1.656800038219495397e+00 1.269817135914642847e+00 1.521219927532927674e+00 1.119695249951999871e+00 1.497661406630846459e+00 1.689316527004873114e+00
0.000000000000000000e+00 4.345219904125958710e-01 -4.218602632350358372e-01 9.739759181659145559e-01 1.321239867892879394e+00 1.119486405440315746e+00 9.222373250289299662e-01 -2.988204488938862036e-01 8.029164304251136253e-01 1.326808546669247857e+00 1.194937358925774795e+00 1.189245748330138630e+00 -1.124062745375663808e-01 7.767912154317494489e-01 1.349473913259907620e+00 1.225592193369456240e+00 9.574942094261812420e-01 -5.250509268700884746e-01 5.652627073894521681e-01 1.190511240852736963e+00 1.176232310255809876e+00 8.253769291900174832e-01 -2.567502042321705980e-01 5.433384655397582863e-01 1.219711121968600320e+00 1.251653503176978433e+00 1.206833702930602881e+00 -9.641554283413925064e-02 5.794249487705965818e-01 1.251548293327046535e+00 1.301653609380889698e+00 4.390171804959560053e-01 -4.757740565432707625e-01 4.391372289806969031e-01 1.137524068915386932e+00 1.202107466615098819e+00 9.103502288039947432e-01 -2.319427497785818137e-01 4.669445923039881041e-01 1.173841210566670235e+00 1.290212938588783498e+00 1.239442197013134850e+00 -9.491629908616826261e-02 5.207102686841497130e-01 1.212977124945939789e+00
0.000000000000000000e+00 3.446958157896336417e+00 1.150149127874465105e+00 1.689201302539052874e+00 1.469206288310162201e+00 7.348232418955873424e-01 4.693103470976662805e+00 1.577834847067835833e+00 1.639101727535889452e+00 1.560431487910319381e+00 8.508054851925740403e-01 5.148981673646655821e+00 1.926701674946941001e+00 1.675134545710417200e+00 1.617769384895251239e+00 8.999605498118781188e-01 4.470118483819242705e+00 1.177357718330833691e+00 1.336070446402623180e+00 1.404991431682156344e+00 8.253769291900174832e-01 4.147000565940616390e+00 1.551941907552230493e+00 1.374754455675736287e+00 1.472582173929867455e+00 9.379573192022723216e-01 4.638542677726227303e+00 1.798006929385891128e+00 1.447150198999019866e+00 1.520791698059540620e+00 1.011461154756728931e+00 3.569031451239728536e+00 1.185016884572080764e+00 1.205689533334989294e+00 1.362407240707854239e+00 8.654283913392373240e-01 3.968975949441126083e+00 1.493898771023000949e+00 1.273967498711324309e+00 1.422637239692978728e+00 9.936469046162054175e-01 4.399147776697360790e+00 1.702061778834250028e+00 1.357683072573757865e+00 1.473968098726673226e+00
0.000000000000000000e+00 4.177888061421703547e+00 6.992259955542223793e+00 2.596406346696293888e+00 9.668652690586524434e-01 -1.720303158292422474e-01 2.928656590943209626e+00 6.377297189971041114e+00 3.000653620676644096e+00 9.796961380529060071e-01 -2.622567315583031466e-01 1.958020269125008817e+00 5.879955134748226619e+00 3.116020890827692291e+00 9.584106895321828912e-01 -3.048791575750638416e-01 2.203234278424995640e+00 6.212964794516786071e+00 3.217560476494189192e+00 1.115644162002878748e+00 -2.567502042321705980e-01 1.551941907552230493e+00 5.281744230955448316e+00 3.239361348233140703e+00 1.050923381091119158e+00 -4.042665370243935241e-01 6.219018520470304123e-01 4.922382345799797498e+00 3.213950802283036534e+00 1.010381604270092604e+00 -5.088963479539768686e-01 2.351057884072836224e+00 5.584069731804255809e+00 3.307488119216989819e+00 1.138225349187968138e+00 -3.240442563358166272e-01 8.556866947283618963e-01 4.824093866352201054e+00 3.233539605121924954e+00 1.065261953125843153e+00 -5.127470731797639791e-01 1.242375122540357729e-01 4.570635515120392789e+00 3.179438196843567432e+00 1.012587724312747017e+00
0.000000000000000000e+00 2.876871563096275342e+00 4.324858460614026789e+00 2.401328466876535117e+00 1.519299699145387095e+00 5.499438178920077469e-01 2.347266409553139699e+00 3.951983615336069899e+00 2.558518904979409481e+00 1.541991379927648564e+00 5.491379659722357420e-01 1.870186943638876498e+00 3.733091673466303106e+00 2.616881987970081092e+00 1.546406080087239232e+00 5.443311298329392978e-01 1.908871995523210519e+00 3.682925907725742576e+00 2.537622701775175127e+00 1.541327200355745219e+00 5.433384655397582863e-01 1.374754455675736287e+00 3.239361348233140703e+00 2.536974713144720006e+00 1.522293648618944450e+00 5.021886400136438278e-01 1.020302903691919783e+00 3.107933528118690614e+00 2.543922974003194337e+00 1.517756218943739466e+00 4.693876853674887051e-01 1.642671856031410194e+00 3.293853691062076816e+00 2.510247999274284325e+00 1.523637704822241812e+00 5.207463737991961938e-01 9.888186287324318702e-01 2.955369274843055560e+00 2.479375602058501382e+00 1.501917964478123313e+00 4.606375745517335418e-01 7.307984692490445688e-01 2.878910066058649964e+00 2.479411496790150160e+00 1.493687340162971111e+00
0.000000000000000000e+00 1.653487506720570543e+00 1.292112516506717990e+00 1.872207478119392254e+00 1.808018235669526907e+00 1.157764504472279521e+00 1.958812352056268358e+00 1.281128618961063781e+00 1.779375868416343209e+00 1.836190314059485518e+00 1.238894494861689122e+00 2.047293902045424829e+00 1.387069447515707710e+00 1.780875759149843862e+00 1.864697015096796306e+00 1.270211448578753233e+00 1.820458829211968999e+00 9.499855763696409827e-01 1.537993427210435637e+00 1.705470407050875492e+00 1.219711121968600320e+00 1.472582173929867455e+00 1.050923381091119158e+00 1.522293648618944450e+00 1.732573680841662966e+00 1.284383543859350496e+00 1.717777030925875748e+00 1.162577408214044539e+00 1.562065858707681443e+00 1.763282606675472541e+00 1.324599234938780734e+00 1.186397151391046512e+00 8.501574778236462571e-01 1.407047383164261145e+00 1.651707084479220322e+00 1.240313059566581222e+00 1.398965378382532210e+00 9.655425349504117571e-01 1.425670160740978076e+00 1.681898559701031415e+00 1.310430288833813073e+00 1.629550726476248768e+00 1.073964617261946586e+00 1.479244833037423934e+00 1.717448241677647980e+00
0.000000000000000000e+00 4.245032864362532354e-01 -6.500325276710031686e-01 9.851607574720770977e-01 1.390829010976570190e+00 1.185064357466019791e+00 1.011227207120316551e+00 -4.847823856633915462e-01 7.917717107200967774e-01 1.401428479633849422e+00 1.272496144885982394e+00 1.339083289233807372e+00 -2.596653940250702175e-01 7.624242561482620362e-01 1.428763528663405280e+00 1.308383440483093185e+00 1.067720227283641021e+00 -7.319053536828900031e-01 5.233976870156822336e-01 1.248058642616816982e+00 1.251653503176978433e+00 9.379573192022723216e-01 -4.042665370243935241e-01 5.021886400136438278e-01 1.284383543859350496e+00 1.341051217038299104e+00 1.388442154873734458e+00 -2.144565619750362917e-01 5.439986760861846848e-01 1.321275336033437497e+00 1.400501246236363961e+00 4.843808660253579035e-01 -6.582206192022417302e-01 3.836422117273413646e-01 1.190706612910686468e+00 1.283048053183686754e+00 1.047341739288885964e+00 -3.642731227679322226e-01 4.186457452743189700e-01 1.234165929274829709e+00 1.387894451282204455e+00 1.433985039719310350e+00 -2.038974835611103709e-01 4.802877948356025217e-01 1.279151039702397963e+00
0.000000000000000000e+00 3.298468105201515232e+00 -2.081057611348332559e-01 1.615087108745933309e+00 1.736237610198686498e+00 1.060273231588293008e+00 5.027449299830855978e+00 4.447053882420465287e-01 1.444150311928767971e+00 1.852617492932494558e+00 1.234858355381996731e+00 5.819044320966434647e+00 1.000399031973767228e+00 1.459952907784954679e+00 1.931664404512767108e+00 1.308559369551066665e+00 4.910431899179616977e+00 -7.140138486325886547e-02 9.804759194692306279e-01 1.614638222191295602e+00 1.206833702930602881e+00 4.638542677726227303e+00 6.219018520470304123e-01 1.020302903691919783e+00 1.717777030925875748e+00 1.388442154873734458e+00 5.515819293884825392e+00 1.026923686528297797e+00 1.120619532240294092e+00 1.789847257473051734e+00 1.507836937872873539e+00 3.688328740302375230e+00 6.594068956947492233e-02 7.777995410868195902e-01 1.552187873412734787e+00 1.278578430550604050e+00 4.607704725237055321e+00 6.455659236566847481e-01 8.826262329298788512e-01 1.648037937716188672e+00 1.489548900223631067e+00 5.357222622965104541e+00 9.800363427565044194e-01 1.006121096389020142e+00 1.727357912805694395e+00
0.000000000000000000e+00 4.146184399356683592e+00 6.446740788521115206e+00 2.581396780857504236e+00 1.089485101594406036e+00 -3.333731079326222868e-02 3.110978936302769338e+00 5.930266254382451585e+00 2.935825813674477480e+00 1.112770478116570594e+00 -9.878302587617078523e-02 2.281853594568460597e+00 5.521512529690900450e+00 3.043819635363048448e+00 1.101164987848636034e+00 -1.307392949204065624e-01 2.430285572806011096e+00 5.718642544154671548e+00 3.084593653195332852e+00 1.211961092784010763e+00 -9.641554283413925064e-02 1.798006929385891128e+00 4.922382345799797498e+00 3.107933528118690614e+00 1.162577408214044539e+00 -2.144565619750362917e-01 1.026923686528297797e+00 4.630162118256651915e+00 3.095117404701392072e+00 1.132757346750266958e+00 -2.992436206865226045e-01 2.442978061564162306e+00 5.145185769430675293e+00 3.144282990696231295e+00 1.225240070157191496e+00 -1.512958705491438682e-01 1.159825424227352686e+00 4.499072421342014572e+00 3.086509078692732277e+00 1.167802218534429004e+00 -3.045429460804045529e-01 5.599791573652758148e-01 4.298815595433515213e+00 3.049853474528056108e+00 1.127634881294893754e+00
0.000000000000000000e+00 2.916228327767614203e+00 4.274117231004379569e+00 2.429884820209771146e+00 1.561836693140519206e+00 5.825778297845871645e-01 2.418252355441542711e+00 3.918192277208191854e+00 2.579683425918827488e+00 1.587195710586797759e+00 5.867908431304779127e-01 1.963898828036828359e+00 3.715438154493853062e+00 2.638061290537697001e+00 1.594015137082919420e+00 5.842227149223317983e-01 1.983479893999217536e+00 3.634978090230282621e+00 2.543449825441554957e+00 1.577815103602768998e+00 5.794249487705965818e-01 1.447150198999019866e+00 3.213950802283036534e+00 2.543922974003194337e+00 1.562065858707681443e+00 5.439986760861846848e-01 1.120619532240294092e+00 3.095117404701392072e+00 2.554186039357204230e+00 1.560075640921178231e+00 5.150914284826516587e-01 1.687133146280184848e+00 3.252072025989426685e+00 2.509362480796691663e+00 1.557558821467347254e+00 5.587294164958439557e-01 1.068504963261156737e+00 2.933019500608416319e+00 2.482128504878660991e+00 1.539187707398192551e+00 5.054476726028355182e-01 8.340070626474577198e-01 2.867005737097080953e+00 2.486331730628438930e+00 1.533845938361159122e+00
0.000000000000000000e+00 1.659495156358317791e+00 1.224078295242867043e+00 1.887165251161521340e+00 1.841956798273286067e+00 1.187189523184360773e+00 1.999643374535345242e+00 1.228070524407376851e+00 1.786499663840755314e+00 1.871750292111931335e+00 1.272540044846673712e+00 2.109120486650618798e+00 1.348050262247254105e+00 1.787344015572034817e+00 1.902187603697786722e+00 1.305823786973431710e+00 1.868435764745916883e+00 8.884772382625489850e-01 1.532908035817720727e+00 1.733463000066188808e+00 1.251548293327046535e+00 1.520791698059540620e+00 1.010381604270092604e+00 1.517756218943739466e+00 1.763282606675472541e+00 1.321275336033437497e+00 1.789847257473051734e+00 1.132757346750266958e+00 1.560075640921178231e+00 1.796203727253763205e+00 1.365015748173243004e+00 1.211207383008586547e+00 7.967247962390086036e-01 1.396553472660854833e+00 1.677413137203621174e+00 1.273586267637558889e+00 1.455221055724428281e+00 9.298573833459360394e-01 1.418106255439250507e+00 1.710485257456368924e+00 1.349818204939310595e+00 1.705680759143069380e+00 1.046873525205630040e+00 1.475010529940341986e+00 1.748581685062439828e+00
0.000000000000000000e+00 4.099219550564714432e-01 -8.126161217702488893e-01 9.876077729896944879e-01 1.435211715175471969e+00 1.229300315441950842e+00 1.065000533823364570e+00 -6.180370121811291639e-01 7.787324201958665260e-01 1.448745155766902215e+00 1.324582881821099622e+00 1.434727122124507259e+00 -3.665447065857622144e-01 7.471596562316988877e-01 1.479218619936514489e+00 1.364018003032704041e+00 1.137763073293136973e+00 -8.773011437271827084e-01 4.900483043385931992e-01 1.283494863526873031e+00 1.301653609380889698e+00 1.011461154756728931e+00 -5.088963479539768686e-01 4.693876853674887051e-01 1.324599234938780734e+00 1.400501246236363961e+00 1.507836937872873539e+00 -2.992436206865226045e-01 5.150914284826516587e-01 1.365015748173243004e+00 1.466450371175526568e+00 5.134984903060685335e-01 -7.858073900905979681e-01 3.413594356314628153e-01 1.222984060556302710e+00 1.336424635244189973e+00 1.137968775153380019e+00 -4.576789684488411503e-01 3.813127219522957079e-01 1.271337413445920772e+00 1.452685492649490095e+00 1.562723862956716170e+00 -2.817236251542156733e-01 4.482868080564318958e-01 1.320416531408479699e+00
0.000000000000000000e+00 3.480700996759332533e+00 2.351635694368855223e+00 1.689455159526796146e+00 1.165675437340473852e+00 4.048264736926744933e-01 4.227219946768395076e+00 2.558324769744593219e+00 1.751009854251717845e+00 1.229347149331720290e+00 4.625917557961691795e-01 4.364468449075697976e+00 2.705962799681522313e+00 1.804447251749440539e+00 1.264643176263576585e+00 4.875959814954044513e-01 3.918013731128690669e+00 2.280962410110545679e+00 1.606261699041400037e+00 1.154103015827844025e+00 4.390171804959560053e-01 3.569031451239728536e+00 2.351057884072836224e+00 1.642671856031410194e+00 1.186397151391046512e+00 4.843808660253579035e-01 3.688328740302375230e+00 2.442978061564162306e+00 1.687133146280184848e+00 1.211207383008586547e+00 5.134984903060685335e-01 3.355265257228022602e+00 2.171190059218601753e+00 1.546947105742572992e+00 1.130508257694464946e+00 4.478118099319091105e-01 3.263637786271756713e+00 2.221398187044302475e+00 1.579426498376720778e+00 1.155888719228225892e+00 4.958728524048962583e-01 3.384468337563136142e+00 2.306422704954989022e+00 1.623882082618834488e+00 1.180020148048980921e+00
0.000000000000000000e+00 4.050866605855976132e+00 7.468830758859338559e+00 2.510720868587154708e+00 7.561931194335457240e-01 -3.616050477130085539e-01 2.585218270403375485e+00 6.746295842189264924e+00 2.968380727891755111e+00 7.528653240712062100e-01 -4.830823599691627668e-01 1.460951699106607160e+00 6.147000473729697489e+00 3.089804747228131365e+00 7.191108804855813608e-01 -5.386184469603407798e-01 1.832991722232591103e+00 6.663306161248962134e+00 3.274304478353667225e+00 9.336482841168683988e-01 -4.757740565432707625e-01 1.185016884572080764e+00 5.584069731804255809e+00 3.293853691062076816e+00 8.501574778236462571e-01 -6.582206192022417302e-01 6.594068956947492233e-02 5.145185769430675293e+00 3.252072025989426685e+00 7.967247962390086036e-01 -7.858073900905979681e-01 2.171190059218601753e+00 5.987870927676846478e+00 3.404566690753732860e+00 9.677318473277083388e-01 -5.588675648733907320e-01 4.331450047299277295e-01 5.100471390057041532e+00 3.311430707478054014e+00 8.762822620211734304e-01 -7.889145609732112208e-01 -4.570906185533871180e-01 4.781954414901190553e+00 3.235123308623325311e+00 8.087630545936749238e-01
0.000000000000000000e+00 2.772241585580023759e+00 4.443336044217102376e+00 2.315610185696493684e+00 1.397674705436960929e+00 4.567901813064637051e-01 2.175099122495621096e+00 4.033848009725949701e+00 2.492905351890140508e+00 1.413437017727832368e+00 4.427348393850666919e-01 1.642143518974288341e+00 3.775931812015123956e+00 2.552191520696434957e+00 1.412142253174131667e+00 4.323568256517169028e-01 1.731376392050278046e+00 3.805616949555641781e+00 2.512298695967002615e+00 1.433964249909112754e+00 4.391372289806969031e-01 1.205689533334989294e+00 3.307488119216989819e+00 2.510247999274284325e+00 1.407047383164261145e+00 3.836422117273413646e-01 7.777995410868195902e-01 3.144282990696231295e+00 2.509362480796691663e+00 1.396553472660854833e+00 3.413594356314628153e-01 1.546947105742572992e+00 3.404566690753732860e+00 2.503427376572414875e+00 1.422511323843995701e+00 4.108459428382001399e-01 8.007644908809655737e-01 3.017859391797033553e+00 2.464344602485183611e+00 1.392844959751692757e+00 3.338603254610494897e-01 4.804195167743925965e-01 2.914646146353885747e+00 2.454157495846307047e+00 1.377802733140348179e+00
0.000000000000000000e+00 1.629030297747563694e+00 1.435562534865729711e+00 1.826213986227178232e+00 1.718874445648895577e+00 1.081676356503357139e+00 1.862707459936879362e+00 1.393080307738240986e+00 1.752143730120115928e+00 1.743593905638714414e+00 1.152940119640088135e+00 1.903825881066648185e+00 1.467509262815950510e+00 1.755349327959630390e+00 1.767811545761908354e+00 1.179774314111076583e+00 1.709891151528218467e+00 1.084052837049283902e+00 1.540065528176607801e+00 1.630586530772350828e+00 1.137524068915386932e+00 1.362407240707854239e+00 1.138225349187968138e+00 1.523637704822241812e+00 1.651707084479220322e+00 1.190706612910686468e+00 1.552187873412734787e+00 1.225240070157191496e+00 1.557558821467347254e+00 1.677413137203621174e+00 1.222984060556302710e+00 1.130508257694464946e+00 9.677318473277083388e-01 1.422511323843995701e+00 1.582399851848042660e+00 1.154674772465944965e+00 1.270426781011191553e+00 1.043016328657127678e+00 1.434704621452543183e+00 1.606158972110524719e+00 1.210966768801366555e+00 1.454641674786072647e+00 1.131448043365424372e+00 1.480524994864364174e+00 1.635900937107250597e+00
