1.333788138890438546e+01 1.353340558108881808e+01 6.025272058670078756e+00 2.180688174105896326e+00 1.222820316271473751e-01 1.095840350567572408e+01 1.259406869736363177e+01 6.490131744303231365e+00 2.261065766920039799e+00 1.054428895465191890e-01 8.689991183087284909e+00 1.168797328936032542e+01 6.495795718492026971e+00 2.225927018722512418e+00 9.326819984131298757e-02 1.188166307786222475e+01 1.421688021843165295e+01 7.279903236300596880e+00 2.499868037293941470e+00 1.122918136869898165e-01 9.971470417971831424e+00 1.278109980299042903e+01 7.163091365301546887e+00 2.396861918415338355e+00 6.139746914409552336e-02 7.912947788848657460e+00 1.196591347802061200e+01 6.950870275383494779e+00 2.298842084783823569e+00 2.492505802079474087e-02 1.269665889407381343e+01 1.404123827916641254e+01 7.554294909748183073e+00 2.546237407079291692e+00 9.059081212744721223e-02 9.089546232685037808e+00 1.266549769475538056e+01 7.248531013534212697e+00 2.394409621360488849e+00 2.300629282857250685e-02 7.353983580606960224e+00 1.194195905514010470e+01 6.973824274259964540e+00 2.274678984558046846e+00 -1.190849092645624753e-02
1.353340558108881808e+01 1.928658769139402906e+01 6.360085361199718790e+00 1.438320279482486530e+00 -1.745575717506370195e-01 6.850924676995884255e+00 1.686619327964478643e+01 7.199889391639672453e+00 1.404070423163211068e+00 -2.740910361490046521e-01 3.219831572169030931e+00 1.484934272819407930e+01 7.204145381060429898e+00 1.287276407375627540e+00 -3.193643702825629260e-01 5.428824549012415623e+00 1.962924981679138270e+01 8.695775535731614880e+00 1.884473590072148763e+00 -2.403044383494897795e-01 3.140045767325138293e+00 1.636633683735044542e+01 8.429146898059102000e+00 1.637363891821074446e+00 -3.846755615892299973e-01 -1.025654148176404323e+00 1.462088394975189409e+01 8.021406674872599396e+00 1.459669368440382531e+00 -4.798484687128736770e-01 7.777120160175962305e+00 1.894723085500807969e+01 9.244392307814772280e+00 1.977971497225748720e+00 -2.914364392897753619e-01 2.039912994402678370e-01 1.592733630857787830e+01 8.644601743248415460e+00 1.691768830939628376e+00 -4.686649888265069230e-01 -3.459696032258604337e+00 1.441490884316615961e+01 8.125374668412247203e+00 1.481891620079444083e+00 -5.548094927612601257e-01
6.025272058670078756e+00 6.360085361199718790e+00 4.796259267800816239e+00 2.766479540284982885e+00 5.565321834875154305e-01 5.669437184751608072e+00 5.852001782451938361e+00 4.737041949745672831e+00 2.815728102907627317e+00 5.854825118606716838e-01 4.767572935547017998e+00 5.562657187482174415e+00 4.647835702356098331e+00 2.792758040610387127e+00 5.842479225103658358e-01 6.483499834651218485e+00 6.261421817012383428e+00 4.963511656727441768e+00 2.898073359897590517e+00 5.927435411972187262e-01 5.162891575203598649e+00 5.883615505978795568e+00 4.824645456347523620e+00 2.841769824846868353e+00 5.843890308503811859e-01 4.779395393162885419e+00 5.697639962066906705e+00 4.721628540980959521e+00 2.779514958741362562e+00 5.717848661785168707e-01 5.791247008350379311e+00 6.164493171182150455e+00 4.953597728146591272e+00 2.889441930402371739e+00 5.900817359048370347e-01 5.085857453292956798e+00 5.855755084449333125e+00 4.794748304174840214e+00 2.798651534464976720e+00 5.720688257916404229e-01 4.854116921449040056e+00 5.706024957688525134e+00 4.687679547728338392e+00 2.728693722215761674e+00 5.551321115684810792e-01
2.180688174105896326e+00 1.438320279482486530e+00 2.766479540284982885e+00 2.116059452304549726e+00 5.590624954672067659e-01 3.077803795749522564e+00 1.441397737673321577e+00 2.517342863942013675e+00 2.143643868298011679e+00 6.002524378261769877e-01 3.061679098622411832e+00 1.579494409529316634e+00 2.429884535253663991e+00 2.138964006461465672e+00 6.057575427174884952e-01 3.965286703277119518e+00 1.240112583030061666e+00 2.416093231470827440e+00 2.121879696049910002e+00 6.017477963818429476e-01 3.365287820614797365e+00 1.537772230356342362e+00 2.334585347819672752e+00 2.111448003710099552e+00 6.184661487587569395e-01 3.844008856334165447e+00 1.715522275940559060e+00 2.322878026974530385e+00 2.089374181465164515e+00 6.234164114488107700e-01 2.993331191848447315e+00 1.278992634436439291e+00 2.291766529573621813e+00 2.091031071107691819e+00 6.080703624053125367e-01 3.849503316706143430e+00 1.593431811709507651e+00 2.264986959412770950e+00 2.062422230585656546e+00 6.224870541089192466e-01 4.356927673826875846e+00 1.758536405371466715e+00 2.273777548271217253e+00 2.041308984839187435e+00 6.219456392511932830e-01
1.222820316271473751e-01 -1.745575717506370195e-01 5.565321834875154305e-01 5.590624954672067659e-01 1.851566811605444007e-01 4.831344108038201357e-01 -1.294969911863021461e-01 4.529645686938569837e-01 5.566212835179562557e-01 1.969586044685264214e-01 5.861752317442956439e-01 -4.724711830119109751e-02 4.245291151247424510e-01 5.541538528724585522e-01 1.982217296137767093e-01 7.185613685995059230e-01 -2.553883391155440385e-01 3.883245302858952530e-01 5.400324490824376378e-01 1.975948542504382399e-01 6.495841107404838333e-01 -1.041892569245756739e-01 3.658944073330353541e-01 5.378094109689804947e-01 2.031135983217316199e-01 8.761726604978409272e-01 -1.618749531551335816e-02 3.711215257513043042e-01 5.342721338943891007e-01 2.050944098356408396e-01 4.359217262791530434e-01 -2.338800737093773563e-01 3.374090839370851302e-01 5.267643733012901119e-01 1.997274606655832785e-01 8.407981754628151005e-01 -8.187775461914793829e-02 3.409629174742833668e-01 5.224239910515026120e-01 2.051448732885015336e-01 1.061501600990811811e+00 -1.890239833243470037e-03 3.554335326270259832e-01 5.205519208397562103e-01 2.054047086688849388e-01
1.095840350567572408e+01 6.850924676995884255e+00 5.669437184751608072e+00 3.077803795749522564e+00 4.831344108038201357e-01 1.404795901193717889e+01 7.404336571922560672e+00 5.722044809818115141e+00 3.290959358900365839e+00 5.567082800641550699e-01 1.330746388692782212e+01 7.665953293523170231e+00 5.710340422023811868e+00 3.339769218446627441e+00 5.783800263766212257e-01 1.726118063924640467e+01 7.737511692333157498e+00 5.775573803996875810e+00 3.295087268540080050e+00 5.434946038668626578e-01 1.569136672457970683e+01 8.258850774411362394e+00 5.800227290998614116e+00 3.345394996990722625e+00 5.894883509411711353e-01 1.598901344992974671e+01 8.445052354951892326e+00 5.783275438249536826e+00 3.325405009154462910e+00 6.117690565617055487e-01 1.609843997601565491e+01 8.086559168668934205e+00 5.760295143870195034e+00 3.304322511610120028e+00 5.567619905379990186e-01 1.688726893103844873e+01 8.495288722004216808e+00 5.757306818587045960e+00 3.291591148440820458e+00 6.010710492630430002e-01 1.728172507120355306e+01 8.622420336345141934e+00 5.732667092030127698e+00 3.259178025548637780e+00 6.162175871592564524e-01
1.259406869736363177e+01 1.686619327964478643e+01 5.852001782451938361e+00 1.441397737673321577e+00 -1.294969911863021461e-01 7.404336571922560672e+00 1.496575360268142418e+01 6.587533274316029974e+00 1.446992218976307143e+00 -2.043760581481508520e-01 4.270297773861917001e+00 1.332419546556668699e+01 6.601737123356246961e+00 1.360154424230118675e+00 -2.387787921567613159e-01 6.600574082443371182e+00 1.731848961177686519e+01 7.840832751065457629e+00 1.845300315943353642e+00 -1.791812309328001118e-01 4.491565172649297999e+00 1.466935611461467914e+01 7.638077792381673170e+00 1.652441008148328061e+00 -2.926535448363901115e-01 1.048090554928867268e+00 1.323511377524636323e+01 7.301891972629559469e+00 1.505920263068398102e+00 -3.680842038375333747e-01 8.406449842786145155e+00 1.680185992149583285e+01 8.306732956128795919e+00 1.927733088393055683e+00 -2.200608076201923113e-01 2.183268335763749235e+00 1.433399493666430047e+01 7.817622918537385779e+00 1.694279733977344105e+00 -3.606613137923605494e-01 -8.323931832523790986e-01 1.308671736303181810e+01 7.385540419452740757e+00 1.518968752933522737e+00 -4.291524425858060376e-01
6.490131744303231365e+00 7.199889391639672453e+00 4.737041949745672831e+00 2.517342863942013675e+00 4.529645686938569837e-01 5.722044809818115141e+00 6.587533274316029974e+00 4.771816047054421972e+00 2.568168909334532124e+00 4.716149099458067928e-01 4.623029274228819929e+00 6.180223980092306668e+00 4.700481101182771404e+00 2.542865747149725575e+00 4.679876406852210291e-01 6.367723660991831736e+00 7.171744508870825818e+00 5.090363613295133760e+00 2.677218634824738874e+00 4.793651184941113419e-01 4.992650342288377452e+00 6.593442957261807180e+00 4.957028980413946684e+00 2.613983820073182862e+00 4.625628257716383196e-01 4.332278387849227919e+00 6.294851931477048801e+00 4.836832964652255207e+00 2.547471088551248375e+00 4.453088739991670764e-01 5.908840963077580888e+00 7.040981990079457020e+00 5.130971911437146815e+00 2.679746809985144029e+00 4.733767795636150688e-01 4.706808542015211927e+00 6.538806021914878031e+00 4.949907566418636051e+00 2.581518353386726972e+00 4.457488303142557173e-01 4.219124146062064540e+00 6.289178699853493093e+00 4.816019499981879726e+00 2.505084904549724989e+00 4.254538953581347149e-01
2.261065766920039799e+00 1.404070423163211068e+00 2.815728102907627317e+00 2.143643868298011679e+00 5.566212835179562557e-01 3.290959358900365839e+00 1.446992218976307143e+00 2.568168909334532124e+00 2.180860832452030440e+00 6.007916530686610024e-01 3.286448940104953920e+00 1.610457251156759639e+00 2.483156209012742366e+00 2.180270374621051221e+00 6.076988353846328739e-01 4.251895121708376024e+00 1.222559785321206904e+00 2.452845011470254910e+00 2.153870512999876752e+00 6.011878061723485711e-01 3.623877423391865360e+00 1.563884261662998432e+00 2.378325122437975558e+00 2.149674700230512769e+00 6.212163960738618096e-01 4.153977463605817988e+00 1.762990730529977901e+00 2.371370052681894602e+00 2.130043656834089028e+00 6.282041910306009891e-01 3.204088120025186726e+00 1.274115478510260413e+00 2.324762424665392846e+00 2.123685223783433162e+00 6.085700244525366065e-01 4.157066933455527469e+00 1.627671715823663323e+00 2.306277644071067723e+00 2.099708201873535796e+00 6.266991403342738742e-01 4.713060539884332378e+00 1.810936240299236388e+00 2.320318174368353858e+00 2.080813583129060618e+00 6.279951503042687788e-01
1.054428895465191890e-01 -2.740910361490046521e-01 5.854825118606716838e-01 6.002524378261769877e-01 1.969586044685264214e-01 5.567082800641550699e-01 -2.043760581481508520e-01 4.716149099458067928e-01 6.007916530686610024e-01 2.109788221402053854e-01 6.853511818720336990e-01 -1.005038850373670134e-01 4.418895467767286478e-01 5.999163654836257020e-01 2.129905617081952474e-01 8.382271455738580235e-01 -3.569543918072485278e-01 3.921314815439072565e-01 5.794580495837091672e-01 2.111731387378015246e-01 7.649586175041566127e-01 -1.685629447472520304e-01 3.713367877312324095e-01 5.800178047806111570e-01 2.187705120351860488e-01 1.039429640536252197e+00 -6.080949304586415888e-02 3.800178676225945407e-01 5.777165136064779105e-01 2.219647291289439106e-01 5.041489569504717938e-01 -3.270604435773663554e-01 3.343012828822860549e-01 5.650845690086571116e-01 2.140275815729298370e-01 9.968554243131644288e-01 -1.401830753174309052e-01 3.430254539426197402e-01 5.630224278398694437e-01 2.217864642037268297e-01 1.262306775274343762e+00 -4.298362434280204175e-02 3.621882149714897303e-01 5.625649478071050869e-01 2.230397774584082504e-01
8.689991183087284909e+00 3.219831572169030931e+00 4.767572935547017998e+00 3.061679098622411832e+00 5.861752317442956439e-01 1.330746388692782212e+01 4.270297773861917001e+00 4.623029274228819929e+00 3.286448940104953920e+00 6.853511818720336990e-01 1.331082657573402095e+01 4.963046926130031622e+00 4.601604610035710863e+00 3.359142105487836094e+00 7.171994747957284311e-01 1.699439151145774929e+01 4.032219181737850100e+00 4.361199171594684287e+00 3.188584828361740620e+00 6.644813991254181484e-01 1.585332462059059644e+01 5.262234130254408448e+00 4.432025625897011878e+00 3.288319786924097432e+00 7.423122541668937258e-01 1.705331194933710037e+01 5.828124657783385842e+00 4.497194502343421441e+00 3.302156274299147931e+00 7.849187907776835615e-01 1.530217872120326916e+01 4.535610969052255470e+00 4.219980877599143199e+00 3.174100171231438505e+00 6.885923594297627126e-01 1.774941417262516907e+01 5.603364592400429167e+00 4.336283765372041188e+00 3.216309534174250473e+00 7.712222110764679339e-01 1.894397017649878379e+01 6.058827024734410038e+00 4.418488672093542569e+00 3.224373699436319463e+00 8.042143275016115922e-01
1.168797328936032542e+01 1.484934272819407930e+01 5.562657187482174415e+00 1.579494409529316634e+00 -4.724711830119109751e-02 7.665953293523170231e+00 1.332419546556668699e+01 6.180223980092306668e+00 1.610457251156759639e+00 -1.005038850373670134e-01 4.963046926130031622e+00 1.198469834353082497e+01 6.190779913952069613e+00 1.544413207369486729e+00 -1.264755696358530468e-01 7.334404944922842340e+00 1.531068163242004765e+01 7.225739842699106852e+00 1.940642797992588431e+00 -8.137231519515408795e-02 5.376751998933548826e+00 1.316164944860994979e+01 7.060177870994933436e+00 1.786716784816571257e+00 -1.702009700383927682e-01 2.553558864176410204e+00 1.198951693806017715e+01 6.779257051897315201e+00 1.662789204233000362e+00 -2.302924547611551742e-01 8.660496422972851605e+00 1.491296929796937576e+01 7.609397821757806213e+00 2.009554557358803173e+00 -1.138872912785799663e-01 3.582602927748582022e+00 1.290507617376830041e+01 7.202996080966775239e+00 1.814359668292029326e+00 -2.255319607601810883e-01 1.127438563338451161e+00 1.188373728476818769e+01 6.841671288491745884e+00 1.665032534396005959e+00 -2.807131320801508068e-01
6.495795718492026971e+00 7.204145381060429898e+00 4.647835702356098331e+00 2.429884535253663991e+00 4.245291151247424510e-01 5.710340422023811868e+00 6.601737123356246961e+00 4.700481101182771404e+00 2.483156209012742366e+00 4.418895467767286478e-01 4.601604610035710863e+00 6.190779913952069613e+00 4.635460953133745399e+00 2.459504668951195683e+00 4.383965067964708529e-01 6.343511909815251926e+00 7.199532316588371117e+00 5.023987469703437014e+00 2.592279000689520441e+00 4.489418962459194584e-01 4.980186115503212996e+00 6.612689083900581188e+00 4.897797443116407301e+00 2.531388369041610353e+00 4.321030671931950229e-01 4.299660477628794553e+00 6.307319771358938176e+00 4.779116504170374036e+00 2.466551918841660918e+00 4.151032173734151565e-01 5.917107826235130652e+00 7.070940940558077870e+00 5.071907303515909682e+00 2.596656182692587578e+00 4.427020037293612487e-01 4.683105909223761465e+00 6.557861110962889484e+00 4.894122756186506606e+00 2.500943750592484083e+00 4.152190072436779955e-01 4.174347348081698605e+00 6.301522599701510963e+00 4.760342862581627976e+00 2.425948916409673028e+00 3.954218843936905259e-01
2.225927018722512418e+00 1.287276407375627540e+00 2.792758040610387127e+00 2.138964006461465672e+00 5.541538528724585522e-01 3.339769218446627441e+00 1.360154424230118675e+00 2.542865747149725575e+00 2.180270374621051221e+00 5.999163654836257020e-01 3.359142105487836094e+00 1.544413207369486729e+00 2.459504668951195683e+00 2.182124740599651336e+00 6.076525723362795617e-01 4.337856542823672612e+00 1.113206957904435468e+00 2.414101152598300715e+00 2.148293685523086527e+00 5.994987895716649140e-01 3.713816804329795218e+00 1.489009389775677095e+00 2.344621542598014585e+00 2.148153548547297120e+00 6.216497356074924818e-01 4.284623388607025518e+00 1.705522607708204186e+00 2.342046340956746686e+00 2.130702032262731471e+00 6.300236735527567911e-01 3.253094783587241690e+00 1.174034885801096051e+00 2.282192676512051932e+00 2.117861369363669422e+00 6.074948617926115846e-01 4.282529922847556847e+00 1.558663539966004485e+00 2.270707972054728518e+00 2.097582823132386753e+00 6.281229294473815727e-01 4.875278655554066809e+00 1.756756916761021081e+00 2.289792190366892743e+00 2.080954804681943493e+00 6.307056917592018808e-01
9.326819984131298757e-02 -3.193643702825629260e-01 5.842479225103658358e-01 6.057575427174884952e-01 1.982217296137767093e-01 5.783800263766212257e-01 -2.387787921567613159e-01 4.679876406852210291e-01 6.076988353846328739e-01 2.129905617081952474e-01 7.171994747957284311e-01 -1.264755696358530468e-01 4.383965067964708529e-01 6.076525723362795617e-01 2.153298497494207930e-01 8.762364414777654709e-01 -4.010222034563942772e-01 3.828992132742617405e-01 5.844033868013981392e-01 2.129012765757071490e-01 8.035738816927237016e-01 -1.983811275126508844e-01 3.635194752912510041e-01 5.863613258944134765e-01 2.213584511884196249e-01 1.095407929291804860e+00 -8.327390900387744710e-02 3.737887966102769188e-01 5.847775083111510508e-01 2.250941074344590120e-01 5.255549855088761380e-01 -3.675038107328986170e-01 3.230221018261105193e-01 5.697800379318072039e-01 2.160166664332499042e-01 1.050589845166413516e+00 -1.675431171499318361e-01 3.342202727248552718e-01 5.689553128391888759e-01 2.247725040614050040e-01 1.331967601664841849e+00 -6.403204958393511614e-02 3.553353493636070004e-01 5.692694837670750907e-01 2.265079941826432519e-01
1.188166307786222475e+01 5.428824549012415623e+00 6.483499834651218485e+00 3.965286703277119518e+00 7.185613685995059230e-01 1.726118063924640467e+01 6.600574082443371182e+00 6.367723660991831736e+00 4.251895121708376024e+00 8.382271455738580235e-01 1.699439151145774929e+01 7.334404944922842340e+00 6.343511909815251926e+00 4.337856542823672612e+00 8.762364414777654709e-01 2.183899835114301879e+01 6.509229709637178729e+00 6.148934447696247751e+00 4.162631042632734868e+00 8.130686122031649532e-01 2.018222093649507443e+01 7.839679862832427126e+00 6.226027103632188364e+00 4.274592675107347972e+00 9.032955619948190851e-01 2.139400796411832673e+01 8.428957170959805012e+00 6.280269916243908845e+00 4.280626948911433693e+00 9.518845789043719474e-01 1.981851120964618929e+01 7.110855634351786136e+00 6.017101898484862765e+00 4.153287073364380966e+00 8.403192625307754904e-01 2.236223572395361714e+01 8.249785651422005373e+00 6.125339876714998688e+00 4.188517322607965276e+00 9.346708075288838735e-01 2.360535508941013916e+01 8.714988737777401795e+00 6.191967037924759332e+00 4.184637319337927153e+00 9.717086185806528276e-01
1.421688021843165295e+01 1.962924981679138270e+01 6.261421817012383428e+00 1.240112583030061666e+00 -2.553883391155440385e-01 7.737511692333157498e+00 1.731848961177686519e+01 7.171744508870825818e+00 1.222559785321206904e+00 -3.569543918072485278e-01 4.032219181737850100e+00 1.531068163242004765e+01 7.199532316588371117e+00 1.113206957904435468e+00 -4.010222034563942772e-01 6.509229709637178729e+00 2.018860155501445419e+01 8.701835153618995733e+00 1.708229602264179192e+00 -3.257854866754953393e-01 4.193252217418449668e+00 1.693223068080544991e+01 8.465240716909368857e+00 1.470962512309572645e+00 -4.685514784336697880e-01 -6.488605466212296613e-02 1.516574641231145648e+01 8.060909032326499357e+00 1.297540858275368469e+00 -5.618922271111143063e-01 8.984844154581352882e+00 1.956146933279986300e+01 9.286398652638325757e+00 1.811267856877874616e+00 -3.771720117183887666e-01 1.291924427701964806e+00 1.652098170126762611e+01 8.698577182252522633e+00 1.532384453600019070e+00 -5.520951217713548909e-01 -2.463189519576488795e+00 1.498130872684995474e+01 8.175860440999057843e+00 1.325182980498459839e+00 -6.358394182402560268e-01
7.279903236300596880e+00 8.695775535731614880e+00 4.963511656727441768e+00 2.416093231470827440e+00 3.883245302858952530e-01 5.775573803996875810e+00 7.840832751065457629e+00 5.090363613295133760e+00 2.452845011470254910e+00 3.921314815439072565e-01 4.361199171594684287e+00 7.225739842699106852e+00 5.023987469703437014e+00 2.414101152598300715e+00 3.828992132742617405e-01 6.148934447696247751e+00 8.701835153618995733e+00 5.561910847061928287e+00 2.611764660252033909e+00 4.039368315789274577e-01 4.651441651482539186e+00 7.779722973631628236e+00 5.406200590481126333e+00 2.522707630021224112e+00 3.704140824944217036e-01 3.544563848459310940e+00 7.295790878194533313e+00 5.246846265201364545e+00 2.440430138076690625e+00 3.427957641147204026e-01 6.036217127475836719e+00 8.501087021878525718e+00 5.666138614541630147e+00 2.625824565853364323e+00 3.922828553308382871e-01 4.019280442427387356e+00 7.677802446530123781e+00 5.428010820202993969e+00 2.501280532071277651e+00 3.449776256933697605e-01 3.127565946730807234e+00 7.266222484502939061e+00 5.243022769042697817e+00 2.406335042883211539e+00 3.157437380269755844e-01
2.499868037293941470e+00 1.884473590072148763e+00 2.898073359897590517e+00 2.121879696049910002e+00 5.400324490824376378e-01 3.295087268540080050e+00 1.845300315943353642e+00 2.677218634824738874e+00 2.153870512999876752e+00 5.794580495837091672e-01 3.188584828361740620e+00 1.940642797992588431e+00 2.592279000689520441e+00 2.148293685523086527e+00 5.844033868013981392e-01 4.162631042632734868e+00 1.708229602264179192e+00 2.611764660252033909e+00 2.144181015903360521e+00 5.817271474429345224e-01 3.490736730223219730e+00 1.936833847219408655e+00 2.527974095952865152e+00 2.130785564292583700e+00 5.960850780459389098e-01 3.878020887087036073e+00 2.075765064167045537e+00 2.507465266235686663e+00 2.105377987648474836e+00 5.994625813113841906e-01 3.218734065642002928e+00 1.735158383902929202e+00 2.503296764184660184e+00 2.117865126172964629e+00 5.874377005727807743e-01 3.908076132432944494e+00 1.984050980853440560e+00 2.464934504833943052e+00 2.084468268245171618e+00 5.988335333001104654e-01 4.335493324869713838e+00 2.114997124109787130e+00 2.461795228707871708e+00 2.058905781954025294e+00 5.969328259006718707e-01
1.122918136869898165e-01 -2.403044383494897795e-01 5.927435411972187262e-01 6.017477963818429476e-01 1.975948542504382399e-01 5.434946038668626578e-01 -1.791812309328001118e-01 4.793651184941113419e-01 6.011878061723485711e-01 2.111731387378015246e-01 6.644813991254181484e-01 -8.137231519515408795e-02 4.489418962459194584e-01 5.994987895716649140e-01 2.129012765757071490e-01 8.130686122031649532e-01 -3.257854866754953393e-01 4.039368315789274577e-01 5.817271474429345224e-01 2.118886047789361182e-01 7.361930018595799208e-01 -1.476096157760500571e-01 3.813823855913454630e-01 5.809983719468271302e-01 2.188015223511420859e-01 9.993713781685358288e-01 -4.495600492721092689e-02 3.886001412064942762e-01 5.778986961760719243e-01 2.215127729204592333e-01 4.859051902264197031e-01 -2.990415913994710073e-01 3.471406548202805586e-01 5.676148031536808469e-01 2.146909261997037299e-01 9.563722485293481013e-01 -1.213586620430830570e-01 3.535888821691981487e-01 5.643094056014269499e-01 2.216177693983996944e-01 1.211816829024715769e+00 -2.844353195306313295e-02 3.711214087000201389e-01 5.630052861625665095e-01 2.224021368532202725e-01
9.971470417971831424e+00 3.140045767325138293e+00 5.162891575203598649e+00 3.365287820614797365e+00 6.495841107404838333e-01 1.569136672457970683e+01 4.491565172649297999e+00 4.992650342288377452e+00 3.623877423391865360e+00 7.649586175041566127e-01 1.585332462059059644e+01 5.376751998933548826e+00 4.980186115503212996e+00 3.713816804329795218e+00 8.035738816927237016e-01 2.018222093649507443e+01 4.193252217418449668e+00 4.651441651482539186e+00 3.490736730223219730e+00 7.361930018595799208e-01 1.909743967439465706e+01 5.750190725243991885e+00 4.757570986734579677e+00 3.616526663028100330e+00 8.310868358829968106e-01 2.057616487588421350e+01 6.462054285173913115e+00 4.851231865492124484e+00 3.641951302621026176e+00 8.844564259785963056e-01 1.842688856811085429e+01 4.848874043123387878e+00 4.485522053473567361e+00 3.470412886584385959e+00 7.639808913120352818e-01 2.148945009378048354e+01 6.192658074998491635e+00 4.648099266707330202e+00 3.532509130188474789e+00 8.662394801074059236e-01 2.293058413379346305e+01 6.760272372616410230e+00 4.762101466054127208e+00 3.552518438097583164e+00 9.086877771443097052e-01
1.278109980299042903e+01 1.636633683735044542e+01 5.883615505978795568e+00 1.537772230356342362e+00 -1.041892569245756739e-01 8.258850774411362394e+00 1.466935611461467914e+01 6.593442957261807180e+00 1.563884261662998432e+00 -1.685629447472520304e-01 5.262234130254408448e+00 1.316164944860994979e+01 6.612689083900581188e+00 1.489009389775677095e+00 -1.983811275126508844e-01 7.839679862832427126e+00 1.693223068080544991e+01 7.779722973631628236e+00 1.936833847219408655e+00 -1.476096157760500571e-01 5.750190725243991885e+00 1.450813814936916835e+01 7.602372102444768132e+00 1.763816455640509817e+00 -2.489256161048716276e-01 2.527292792959199286e+00 1.317829341308401858e+01 7.288464006299584241e+00 1.627002877614623699e+00 -3.166183828146468815e-01 9.491581987425732336e+00 1.650322207693952592e+01 8.226077404520820480e+00 2.016953404282341378e+00 -1.849996018643962903e-01 3.711044928162345879e+00 1.423006210619717038e+01 7.773625517250767558e+00 1.800371557770436226e+00 -3.114102893563029939e-01 8.934848235094504654e-01 1.306685544759605300e+01 7.367284720434139622e+00 1.635313986883221382e+00 -3.730248866728178014e-01
7.163091365301546887e+00 8.429146898059102000e+00 4.824645456347523620e+00 2.334585347819672752e+00 3.658944073330353541e-01 5.800227290998614116e+00 7.638077792381673170e+00 4.957028980413946684e+00 2.378325122437975558e+00 3.713367877312324095e-01 4.432025625897011878e+00 7.060177870994933436e+00 4.897797443116407301e+00 2.344621542598014585e+00 3.635194752912510041e-01 6.226027103632188364e+00 8.465240716909368857e+00 5.406200590481126333e+00 2.527974095952865152e+00 3.813823855913454630e-01 4.757570986734579677e+00 7.602372102444768132e+00 5.264561212035110849e+00 2.447358736005847302e+00 3.514101027612996364e-01 3.712468799780001660e+00 7.146501006618787066e+00 5.114652407077928231e+00 2.370235352523325290e+00 3.263328403949471990e-01 6.079300972120301516e+00 8.284047334190479006e+00 5.508229410767602197e+00 2.542537663419795368e+00 3.706264831381463898e-01 4.182764069237537186e+00 7.511648771685118575e+00 5.285642992430361176e+00 2.426386952732541680e+00 3.277021684392838474e-01 3.343800442715117338e+00 7.123199322755106699e+00 5.110478286875071774e+00 2.336744012049629227e+00 3.010069720718950848e-01
2.396861918415338355e+00 1.637363891821074446e+00 2.841769824846868353e+00 2.111448003710099552e+00 5.378094109689804947e-01 3.345394996990722625e+00 1.652441008148328061e+00 2.613983820073182862e+00 2.149674700230512769e+00 5.800178047806111570e-01 3.288319786924097432e+00 1.786716784816571257e+00 2.531388369041610353e+00 2.148153548547297120e+00 5.863613258944134765e-01 4.274592675107347972e+00 1.470962512309572645e+00 2.522707630021224112e+00 2.130785564292583700e+00 5.809983719468271302e-01 3.616526663028100330e+00 1.763816455640509817e+00 2.447358736005847302e+00 2.124342686250204171e+00 5.990604700102430957e-01 4.081077681008860480e+00 1.935564481601278031e+00 2.434907506764063090e+00 2.102808916020177943e+00 6.048483530764998672e-01 3.265070863660837652e+00 1.514364199002103062e+00 2.406337014286694664e+00 2.103753653538626089e+00 5.878403629735501346e-01 4.098392553208330291e+00 1.821470685284728441e+00 2.380670375981383646e+00 2.076904910814013405e+00 6.036167318410541327e-01 4.595272991125149531e+00 1.980488789096261248e+00 2.387025660338790267e+00 2.055467069559073767e+00 6.039357288643564248e-01
6.139746914409552336e-02 -3.846755615892299973e-01 5.843890308503811859e-01 6.184661487587569395e-01 2.031135983217316199e-01 5.894883509411711353e-01 -2.926535448363901115e-01 4.625628257716383196e-01 6.212163960738618096e-01 2.187705120351860488e-01 7.423122541668937258e-01 -1.702009700383927682e-01 4.321030671931950229e-01 6.216497356074924818e-01 2.213584511884196249e-01 9.032955619948190851e-01 -4.685514784336697880e-01 3.704140824944217036e-01 5.960850780459389098e-01 2.188015223511420859e-01 8.310868358829968106e-01 -2.489256161048716276e-01 3.514101027612996364e-01 5.990604700102430957e-01 2.280579731892833362e-01 1.145471719010241918e+00 -1.246804499588218124e-01 3.631778426614265531e-01 5.979223420393338095e-01 2.322324407352402698e-01 5.293450841750183544e-01 -4.316941611865877104e-01 3.071841538225227319e-01 5.810655919580977047e-01 2.223521326664692765e-01 1.094570192659866326e+00 -2.158111671166582091e-01 3.206018392033005426e-01 5.811338987893779340e-01 2.320030714054732157e-01 1.396873372953515435e+00 -1.042925026898106483e-01 3.438568910372111209e-01 5.819985178901786460e-01 2.340726062343966574e-01
7.912947788848657460e+00 -1.025654148176404323e+00 4.779395393162885419e+00 3.844008856334165447e+00 8.761726604978409272e-01 1.598901344992974671e+01 1.048090554928867268e+00 4.332278387849227919e+00 4.153977463605817988e+00 1.039429640536252197e+00 1.705331194933710037e+01 2.553558864176410204e+00 4.299660477628794553e+00 4.284623388607025518e+00 1.095407929291804860e+00 2.139400796411832673e+01 -6.488605466212296613e-02 3.544563848459310940e+00 3.878020887087036073e+00 9.993713781685358288e-01 2.057616487588421350e+01 2.527292792959199286e+00 3.712468799780001660e+00 4.081077681008860480e+00 1.145471719010241918e+00 2.340168373666204005e+01 3.794773187623391664e+00 3.917881771879958119e+00 4.150328966686609888e+00 1.229982875047541890e+00 1.850449222129035576e+01 8.067107685557645125e-01 3.188993739290103324e+00 3.825669236641397575e+00 1.045034539017781539e+00 2.402563974739150865e+01 3.118024143119165981e+00 3.516202207869787433e+00 3.962930346441581264e+00 1.206845029204059117e+00 2.669184263772283572e+01 4.170406004789422028e+00 3.777489642055240626e+00 4.034115979550534803e+00 1.275730407815779843e+00
1.196591347802061200e+01 1.462088394975189409e+01 5.697639962066906705e+00 1.715522275940559060e+00 -1.618749531551335816e-02 8.445052354951892326e+00 1.323511377524636323e+01 6.294851931477048801e+00 1.762990730529977901e+00 -6.080949304586415888e-02 5.828124657783385842e+00 1.198951693806017715e+01 6.307319771358938176e+00 1.705522607708204186e+00 -8.327390900387744710e-02 8.428957170959805012e+00 1.516574641231145648e+01 7.295790878194533313e+00 2.075765064167045537e+00 -4.495600492721092689e-02 6.462054285173913115e+00 1.317829341308401858e+01 7.146501006618787066e+00 1.935564481601278031e+00 -1.246804499588218124e-01 3.794773187623391664e+00 1.208060771513608067e+01 6.880002453033009502e+00 1.817624859447583674e+00 -1.791086242700004882e-01 9.633323104255840263e+00 1.483375798943019497e+01 7.665093740294120828e+00 2.142654345730483190e+00 -7.497462060942956807e-02 4.873138907280152310e+00 1.296621890601073801e+01 7.282730192496834398e+00 1.958161538122044520e+00 -1.761654293027943297e-01 2.559737459537034354e+00 1.200439838754985722e+01 6.938233193331442727e+00 1.815067132266206640e+00 -2.264219265150028693e-01
6.950870275383494779e+00 8.021406674872599396e+00 4.721628540980959521e+00 2.322878026974530385e+00 3.711215257513043042e-01 5.783275438249536826e+00 7.301891972629559469e+00 4.836832964652255207e+00 2.371370052681894602e+00 3.800178676225945407e-01 4.497194502343421441e+00 6.779257051897315201e+00 4.779116504170374036e+00 2.342046340956746686e+00 3.737887966102769188e-01 6.280269916243908845e+00 8.060909032326499357e+00 5.246846265201364545e+00 2.507465266235686663e+00 3.886001412064942762e-01 4.851231865492124484e+00 7.288464006299584241e+00 5.114652407077928231e+00 2.434907506764063090e+00 3.631778426614265531e-01 3.917881771879958119e+00 6.880002453033009502e+00 4.976112579090075094e+00 2.362839839727977953e+00 3.410562467414429144e-01 6.056221447584926310e+00 7.900828710057661297e+00 5.335111521787401223e+00 2.519703591962501488e+00 3.792506203992284664e-01 4.366663603472987099e+00 7.211280606991809172e+00 5.129630777028945765e+00 2.411841804379720511e+00 3.417770603515218331e-01 3.627384943547206753e+00 6.863755066806262128e+00 4.968417331574285889e+00 2.327906231396189796e+00 3.177593720410269440e-01
2.298842084783823569e+00 1.459669368440382531e+00 2.779514958741362562e+00 2.089374181465164515e+00 5.342721338943891007e-01 3.325405009154462910e+00 1.505920263068398102e+00 2.547471088551248375e+00 2.130043656834089028e+00 5.777165136064779105e-01 3.302156274299147931e+00 1.662789204233000362e+00 2.466551918841660918e+00 2.130702032262731471e+00 5.847775083111510508e-01 4.280626948911433693e+00 1.297540858275368469e+00 2.440430138076690625e+00 2.105377987648474836e+00 5.778986961760719243e-01 3.641951302621026176e+00 1.627002877614623699e+00 2.370235352523325290e+00 2.102808916020177943e+00 5.979223420393338095e-01 4.150328966686609888e+00 1.817624859447583674e+00 2.362839839727977953e+00 2.083760295592226086e+00 6.050441270489722578e-01 3.244125322392148458e+00 1.350065657525326035e+00 2.319474915994056197e+00 2.077699737874724395e+00 5.852839360853755446e-01 4.159298106767839620e+00 1.690306333229671054e+00 2.301576300959411903e+00 2.054865963416250274e+00 6.034502687654011988e-01 4.694712623587194322e+00 1.865466178044015155e+00 2.313853344712095250e+00 2.036149307035154177e+00 6.050335553309297287e-01
2.492505802079474087e-02 -4.798484687128736770e-01 5.717848661785168707e-01 6.234164114488107700e-01 2.050944098356408396e-01 6.117690565617055487e-01 -3.680842038375333747e-01 4.453088739991670764e-01 6.282041910306009891e-01 2.219647291289439106e-01 7.849187907776835615e-01 -2.302924547611551742e-01 4.151032173734151565e-01 6.300236735527567911e-01 2.250941074344590120e-01 9.518845789043719474e-01 -5.618922271111143063e-01 3.427957641147204026e-01 5.994625813113841906e-01 2.215127729204592333e-01 8.844564259785963056e-01 -3.166183828146468815e-01 3.263328403949471990e-01 6.048483530764998672e-01 2.322324407352402698e-01 1.229982875047541890e+00 -1.791086242700004882e-01 3.410562467414429144e-01 6.050441270489722578e-01 2.373415341246796484e-01 5.513634792787214245e-01 -5.185643012962809495e-01 2.758405641330108904e-01 5.839270923126600454e-01 2.255064599817363513e-01 1.174489791532186800e+00 -2.791805351051440676e-01 2.938069597611940864e-01 5.862474699731532457e-01 2.368761823122545740e-01 1.505093247589093020e+00 -1.562843980536809951e-01 3.206997298440849020e-01 5.885774411799702399e-01 2.397837599556615906e-01
1.269665889407381343e+01 7.777120160175962305e+00 5.791247008350379311e+00 2.993331191848447315e+00 4.359217262791530434e-01 1.609843997601565491e+01 8.406449842786145155e+00 5.908840963077580888e+00 3.204088120025186726e+00 5.041489569504717938e-01 1.530217872120326916e+01 8.660496422972851605e+00 5.917107826235130652e+00 3.253094783587241690e+00 5.255549855088761380e-01 1.981851120964618929e+01 8.984844154581352882e+00 6.036217127475836719e+00 3.218734065642002928e+00 4.859051902264197031e-01 1.842688856811085429e+01 9.491581987425732336e+00 6.079300972120301516e+00 3.265070863660837652e+00 5.293450841750183544e-01 1.850449222129035576e+01 9.633323104255840263e+00 6.056221447584926310e+00 3.244125322392148458e+00 5.513634792787214245e-01 1.926509260533334711e+01 9.441092997154306943e+00 6.068066301301377585e+00 3.230855572553683608e+00 4.951729330437223964e-01 1.979408114677930897e+01 9.797135208755788582e+00 6.059053270591973295e+00 3.213640772966122050e+00 5.373862837802436676e-01 1.996345618738532579e+01 9.863940964623717278e+00 6.018769450478378857e+00 3.179359100219521395e+00 5.531333623102293595e-01
1.404123827916641254e+01 1.894723085500807969e+01 6.164493171182150455e+00 1.278992634436439291e+00 -2.338800737093773563e-01 8.086559168668934205e+00 1.680185992149583285e+01 7.040981990079457020e+00 1.274115478510260413e+00 -3.270604435773663554e-01 4.535610969052255470e+00 1.491296929796937576e+01 7.070940940558077870e+00 1.174034885801096051e+00 -3.675038107328986170e-01 7.110855634351786136e+00 1.956146933279986300e+01 8.501087021878525718e+00 1.735158383902929202e+00 -2.990415913994710073e-01 4.848874043123387878e+00 1.650322207693952592e+01 8.284047334190479006e+00 1.514364199002103062e+00 -4.316941611865877104e-01 8.067107685557645125e-01 1.483375798943019497e+01 7.900828710057661297e+00 1.350065657525326035e+00 -5.185643012962809495e-01 9.441092997154306943e+00 1.899869110744516476e+01 9.062364344300164021e+00 1.834769688435858637e+00 -3.473196980725947181e-01 2.164357833969499545e+00 1.613430353257765759e+01 8.507814019756624546e+00 1.571338976130093101e+00 -5.102915630292282900e-01 -1.397923567138131373e+00 1.467514462916458307e+01 8.010636612997220851e+00 1.374244712753039499e+00 -5.882824387074073735e-01
7.554294909748183073e+00 9.244392307814772280e+00 4.953597728146591272e+00 2.291766529573621813e+00 3.374090839370851302e-01 5.760295143870195034e+00 8.306732956128795919e+00 5.130971911437146815e+00 2.324762424665392846e+00 3.343012828822860549e-01 4.219980877599143199e+00 7.609397821757806213e+00 5.071907303515909682e+00 2.282192676512051932e+00 3.230221018261105193e-01 6.017101898484862765e+00 9.286398652638325757e+00 5.666138614541630147e+00 2.503296764184660184e+00 3.471406548202805586e-01 4.485522053473567361e+00 8.226077404520820480e+00 5.508229410767602197e+00 2.406337014286694664e+00 3.071841538225227319e-01 3.188993739290103324e+00 7.665093740294120828e+00 5.335111521787401223e+00 2.319474915994056197e+00 2.758405641330108904e-01 6.068066301301377585e+00 9.062364344300164021e+00 5.801894709882830625e+00 2.523707497820280921e+00 3.331485066249224025e-01 3.709415533849304225e+00 8.106962955945496319e+00 5.544866860912340378e+00 2.391290716256238458e+00 2.784645347495467993e-01 2.643206984980188246e+00 7.627065462398747719e+00 5.340256027051426990e+00 2.290510045903362712e+00 2.462693754713140282e-01
2.546237407079291692e+00 1.977971497225748720e+00 2.889441930402371739e+00 2.091031071107691819e+00 5.267643733012901119e-01 3.304322511610120028e+00 1.927733088393055683e+00 2.679746809985144029e+00 2.123685223783433162e+00 5.650845690086571116e-01 3.174100171231438505e+00 2.009554557358803173e+00 2.596656182692587578e+00 2.117861369363669422e+00 5.697800379318072039e-01 4.153287073364380966e+00 1.811267856877874616e+00 2.625824565853364323e+00 2.117865126172964629e+00 5.676148031536808469e-01 3.470412886584385959e+00 2.016953404282341378e+00 2.542537663419795368e+00 2.103753653538626089e+00 5.810655919580977047e-01 3.825669236641397575e+00 2.142654345730483190e+00 2.519703591962501488e+00 2.077699737874724395e+00 5.839270923126600454e-01 3.230855572553683608e+00 1.834769688435858637e+00 2.523707497820280921e+00 2.093372490417435117e+00 5.730948694527414622e-01 3.861833320126132563e+00 2.061297648300979724e+00 2.482518195278510031e+00 2.059026324763371996e+00 5.834358807878118336e-01 4.259887870410334010e+00 2.180400173970608257e+00 2.475892189560525480e+00 2.032495746589720653e+00 5.811544070895428016e-01
9.059081212744721223e-02 -2.914364392897753619e-01 5.900817359048370347e-01 6.080703624053125367e-01 1.997274606655832785e-01 5.567619905379990186e-01 -2.200608076201923113e-01 4.733767795636150688e-01 6.085700244525366065e-01 2.140275815729298370e-01 6.885923594297627126e-01 -1.138872912785799663e-01 4.427020037293612487e-01 6.074948617926115846e-01 2.160166664332499042e-01 8.403192625307754904e-01 -3.771720117183887666e-01 3.922828553308382871e-01 5.874377005727807743e-01 2.146909261997037299e-01 7.639808913120352818e-01 -1.849996018643962903e-01 3.706264831381463898e-01 5.878403629735501346e-01 2.223521326664692765e-01 1.045034539017781539e+00 -7.497462060942956807e-02 3.792506203992284664e-01 5.852839360853755446e-01 2.255064599817363513e-01 4.951729330437223964e-01 -3.473196980725947181e-01 3.331485066249224025e-01 5.730948694527414622e-01 2.178227286866217527e-01 9.980346710650921382e-01 -1.566748993176758920e-01 3.417573292219469594e-01 5.707896495120540203e-01 2.256032472320163573e-01 1.269951450720205433e+00 -5.736435048853441576e-02 3.611337660944098360e-01 5.700939833298248605e-01 2.267593414728182044e-01
