0.000000000000000000e+00 0.000000000000000000e+00 0.000000000000000000e+00 0.000000000000000000e+00 0.000000000000000000e+00 0.000000000000000000e+00 0.000000000000000000e+00 0.000000000000000000e+00 0.000000000000000000e+00 0.000000000000000000e+00 0.000000000000000000e+00 0.000000000000000000e+00 0.000000000000000000e+00 0.000000000000000000e+00 0.000000000000000000e+00 0.000000000000000000e+00 0.000000000000000000e+00 0.000000000000000000e+00 0.000000000000000000e+00 0.000000000000000000e+00 0.000000000000000000e+00 0.000000000000000000e+00 0.000000000000000000e+00 0.000000000000000000e+00 0.000000000000000000e+00 0.000000000000000000e+00 0.000000000000000000e+00 0.000000000000000000e+00 0.000000000000000000e+00 0.000000000000000000e+00 0.000000000000000000e+00 0.000000000000000000e+00 0.000000000000000000e+00 0.000000000000000000e+00 0.000000000000000000e+00 0.000000000000000000e+00 0.000000000000000000e+00 0.000000000000000000e+00 0.000000000000000000e+00 0.000000000000000000e+00 0.000000000000000000e+00 0.000000000000000000e+00 0.000000000000000000e+00 0.000000000000000000e+00 0.000000000000000000e+00
0.000000000000000000e+00 0.000000000000000000e+00 0.000000000000000000e+00 0.000000000000000000e+00 0.000000000000000000e+00 0.000000000000000000e+00 0.000000000000000000e+00 0.000000000000000000e+00 0.000000000000000000e+00 0.000000000000000000e+00 0.000000000000000000e+00 0.000000000000000000e+00 0.000000000000000000e+00 0.000000000000000000e+00 0.000000000000000000e+00 0.000000000000000000e+00 0.000000000000000000e+00 0.000000000000000000e+00 0.000000000000000000e+00 0.000000000000000000e+00 0.000000000000000000e+00 0.000000000000000000e+00 0.000000000000000000e+00 0.000000000000000000e+00 0.000000000000000000e+00 0.000000000000000000e+00 0.000000000000000000e+00 0.000000000000000000e+00 0.000000000000000000e+00 0.000000000000000000e+00 0.000000000000000000e+00 0.000000000000000000e+00 0.000000000000000000e+00 0.000000000000000000e+00 0.000000000000000000e+00 0.000000000000000000e+00 0.000000000000000000e+00 0.000000000000000000e+00 0.000000000000000000e+00 0.000000000000000000e+00 0.000000000000000000e+00 0.000000000000000000e+00 0.000000000000000000e+00 0.000000000000000000e+00 0.000000000000000000e+00
0.000000000000000000e+00 0.000000000000000000e+00 9.065094901247835679e+00 1.950927023165800023e+01 1.482847335078386131e+01 1.001097091332263922e+01 1.878199043682726027e-02 1.290878931928482132e+01 1.628954837413810708e+01 1.378444697956429721e+01 9.922789643312867724e+00 -1.396078020027901323e-01 1.005850918450906839e+01 1.510374637404889775e+01 1.347392143437174816e+01 9.803093634472233475e+00 -1.840954631370593508e-01 1.144804922914735279e+01 1.501720244533598070e+01 1.313585494827022693e+01 9.755944361757915573e+00 -5.984633728902165606e-01 7.560896506922213156e+00 1.280687460426313962e+01 1.234107171390547109e+01 9.430566898555264643e+00 -1.996090427155995828e+00 6.171381134507154087e+00 1.217165719973749383e+01 1.219331796473049856e+01 9.358175120519968360e+00 -1.000471991334220379e+00 7.737610954248163253e+00 1.241881904223171595e+01 1.199544804050149160e+01 9.321570007321062334e+00 -1.688395882079539501e+00 5.412766843482637036e+00 1.104861337784655717e+01 1.147663254842630387e+01 9.079923601915815823e+00 -2.554955835788868423e+00 4.630076689674231361e+00 1.069831761212546972e+01 1.143847227095764829e+01
0.000000000000000000e+00 0.000000000000000000e+00 1.950927023165800023e+01 4.929869570348134999e+01 3.789911554220194034e+01 2.611155686667274267e+01 -7.148059879810533701e+00 2.887569283094784822e+01 3.994563692232974716e+01 3.466735899017749745e+01 2.560421348972979061e+01 -7.751227446530771559e+00 2.074518482135795594e+01 3.632991518842637646e+01 3.362974095144807762e+01 2.517108555406897707e+01 -6.701251219017688499e+00 2.658507801325536946e+01 3.762227230741698492e+01 3.351940393127587470e+01 2.525476529512007318e+01 -7.264225907623845124e+00 1.585011097323784668e+01 3.130887258794841799e+01 3.115381846212072148e+01 2.420840748991835767e+01 -1.156570999750564610e+01 1.168659619004533923e+01 2.929326336027263622e+01 3.060861588550719503e+01 2.395885196139510143e+01 -8.198419074983842592e+00 1.735247821952221869e+01 3.106685980771137068e+01 3.068034183773542978e+01 2.401809014215304927e+01 -9.566537553761605750e+00 1.073038701975489850e+01 2.706339437129800629e+01 2.909355596179048575e+01 2.325950853113733174e+01 -1.246533222823823372e+01 8.229503898185168254e+00 2.584988484380447105e+01 2.884817662373477276e+01
0.000000000000000000e+00 0.000000000000000000e+00 1.482847335078386131e+01 3.789911554220194034e+01 3.011197184154047335e+01 2.227386492482008151e+01 -4.974503143429786611e+00 2.192929609123331858e+01 3.065610085246755645e+01 2.743769919352154218e+01 2.167218184380327983e+01 -5.398536782307258086e+00 1.587176700181779943e+01 2.790959239285709259e+01 2.661666492583893628e+01 2.130908736630727418e+01 -4.661943648040634436e+00 2.017389747969418679e+01 2.879539588591515908e+01 2.638279153743976124e+01 2.113310696026400493e+01 -5.134755507913645545e+00 1.217060814630181831e+01 2.402560297329528538e+01 2.453462361092626409e+01 2.028188996715403292e+01 -8.342272690643241617e+00 9.079336394709198288e+00 2.252442572398746634e+01 2.413787841680786173e+01 2.011681497547465014e+01 -5.789939351007778789e+00 1.326569765635426812e+01 2.379385326446220006e+01 2.407282633409065653e+01 1.996144235962753299e+01 -6.914614154103825960e+00 8.342611468560848564e+00 2.079665613637016719e+01 2.287304382798905422e+01 1.939838603655296012e+01 -9.083572144667424908e+00 6.490952470287034259e+00 1.991058657086918160e+01 2.271960973192185307e+01
0.000000000000000000e+00 0.000000000000000000e+00 1.001097091332263922e+01 2.611155686667274267e+01 2.227386492482008151e+01 1.908396123662495469e+01 -2.463503282691032581e+00 1.479509966078829564e+01 2.106004202557778626e+01 2.012054847326645302e+01 1.828535932815088572e+01 -2.727480166180638044e+00 1.092900895077411683e+01 1.923324359709890530e+01 1.951205945711987511e+01 1.796924799988978805e+01 -2.327965926785921180e+00 1.354085444101140645e+01 1.963182296022239015e+01 1.911391065685928581e+01 1.749151184107198986e+01 -2.733185512055014588e+00 8.420099744977752820e+00 1.648812925827153464e+01 1.778871062614108922e+01 1.680802656973594722e+01 -4.759664353557398364e+00 6.478037543504771456e+00 1.553910921770977183e+01 1.754800903090974273e+01 1.672714588237051103e+01 -3.105204159346185655e+00 9.050420987660876548e+00 1.623308171889480178e+01 1.731308222681688136e+01 1.632248626645980494e+01 -3.958742031652992210e+00 5.937160957929286553e+00 1.430354033409494896e+01 1.651595804060267270e+01 1.595261103597447061e+01 -5.335292764842680668e+00 4.788575648589746159e+00 1.377254340890783446e+01 1.646468880037602389e+01
0.000000000000000000e+00 0.000000000000000000e+00 1.878199043682726027e-02 -7.148059879810533701e+00 -4.974503143429786611e+00 -2.463503282691032581e+00 1.150573662159790977e+01 3.325994075548708850e-01 -4.414956614389105916e+00 -4.066244190300681183e+00 -2.381364654714744677e+00 1.243070647042731025e+01 2.909106750815486642e+00 -3.115433225805845474e+00 -3.628032077595856109e+00 -2.183459665998905841e+00 1.042877612856243985e+01 -6.459668824389078745e-01 -4.988685423936748187e+00 -4.603207287140246073e+00 -2.844717568512361350e+00 1.036438216913370169e+01 2.357481743879506819e+00 -3.097111290278387052e+00 -3.861132347434147238e+00 -2.480379383418067629e+00 1.188685628121418070e+01 3.849683346947527340e+00 -2.265936337134270673e+00 -3.542617856418333488e+00 -2.302738766420444616e+00 1.036150568557565776e+01 9.579691582678018236e-01 -3.861086326091214715e+00 -4.337280239983934749e+00 -2.841517069546356300e+00 9.947704884338717690e+00 2.977585924940971296e+00 -2.550191845948186931e+00 -3.758382073127660483e+00 -2.510663897414162182e+00 1.115040471639141550e+01 4.004940645694769152e+00 -1.946308243212867994e+00 -3.500447598002138339e+00
0.000000000000000000e+00 0.000000000000000000e+00 1.290878931928482132e+01 2.887569283094784822e+01 2.192929609123331858e+01 1.479509966078829564e+01 3.325994075548708850e-01 1.930234449894418347e+01 2.409165373703440594e+01 2.032759055562220851e+01 1.460199899947713931e+01 3.398745148045186903e-01 1.504422769587986686e+01 2.233284514503716522e+01 1.985726442049660889e+01 1.442157565092139748e+01 1.446740646108843897e-01 1.734906189074239435e+01 2.237909731552500148e+01 1.943677081844743171e+01 1.430459004598719197e+01 -2.458665680493933858e-01 1.153950535139858147e+01 1.910894335862020199e+01 1.824303738602591451e+01 1.380762456580803033e+01 -2.435787813226300891e+00 9.425723622409503122e+00 1.815526125487056319e+01 1.801933930139101037e+01 1.371051123787947112e+01 -8.902629120450181732e-01 1.191737684789467266e+01 1.863029825330332656e+01 1.777818864422453515e+01 1.361133501000334256e+01 -1.958715391414812546e+00 8.396227286510042020e+00 1.658086987323592254e+01 1.699474460214743488e+01 1.325453609763745888e+01 -3.348904100893885794e+00 7.182508677117994900e+00 1.603812614330998443e+01 1.693170454032689065e+01
0.000000000000000000e+00 0.000000000000000000e+00 1.628954837413810708e+01 3.994563692232974716e+01 3.065610085246755645e+01 2.106004202557778626e+01 -4.414956614389105916e+00 2.409165373703440594e+01 3.260115857847389975e+01 2.813935957410544475e+01 2.068094697138793592e+01 -4.813088738199267524e+00 1.767844056247895068e+01 2.979031443834907833e+01 2.735011875556998717e+01 2.035666874222956579e+01 -4.192368333494445487e+00 2.203670566237698125e+01 3.059088882363542083e+01 2.712375822220313992e+01 2.035058977343993192e+01 -4.698890361294142615e+00 1.351498917234052222e+01 2.561919253853896805e+01 2.527817092359590490e+01 1.954475583862092591e+01 -8.067953215447413839e+00 1.025605427004506254e+01 2.406329646742127437e+01 2.487292136367230100e+01 1.936258471240575219e+01 -5.461487868093318987e+00 1.456696534447747204e+01 2.530639137337781008e+01 2.482216092813343167e+01 1.935042827495274764e+01 -6.667041721711365554e+00 9.335385522207483078e+00 2.216528174136947271e+01 2.359144723257454501e+01 1.877002402477341647e+01 -8.913932132350801396e+00 7.396871018785486029e+00 2.124067218291523673e+01 2.342406652390765487e+01
0.000000000000000000e+00 0.000000000000000000e+00 1.378444697956429721e+01 3.466735899017749745e+01 2.743769919352154218e+01 2.012054847326645302e+01 -4.066244190300681183e+00 2.032759055562220851e+01 2.813935957410544475e+01 2.505656243253419646e+01 1.960968086808816224e+01 -4.426926452694962322e+00 1.484460184328783328e+01 2.566877955152359547e+01 2.433051483707607687e+01 1.929307466539020766e+01 -3.835694280304618786e+00 1.863856021431018917e+01 2.638713372011615377e+01 2.407178949726161221e+01 1.912512952960339163e+01 -4.294221543657044116e+00 1.137453506902953215e+01 2.207140031564400218e+01 2.241527714552483630e+01 1.837083691187065071e+01 -7.184283372789249000e+00 8.586587578647712604e+00 2.072380446812539745e+01 2.206544665080680900e+01 1.822590379551073880e+01 -4.894836222896014277e+00 1.231232077353041632e+01 2.181516093464834327e+01 2.197127288616735896e+01 1.807879436823522568e+01 -5.959406648517974858e+00 7.854263799578482974e+00 1.910732869130523781e+01 2.089528466886710945e+01 1.757700810593537000e+01 -7.903547953603099252e+00 6.191889523714168675e+00 1.831651968022433152e+01 2.076459013703257028e+01
0.000000000000000000e+00 0.000000000000000000e+00 9.922789643312867724e+00 2.560421348972979061e+01 2.167218184380327983e+01 1.828535932815088572e+01 -2.381364654714744677e+00 1.460199899947713931e+01 2.068094697138793592e+01 1.960968086808816224e+01 1.755573006610361020e+01 -2.641676129073332824e+00 1.080003359094697402e+01 1.889352816760379739e+01 1.902318753553770492e+01 1.725680475295859750e+01 -2.262159704380192871e+00 1.334468291621727687e+01 1.927440879151555464e+01 1.864234481847634939e+01 1.682499055574423252e+01 -2.666209369648599115e+00 8.304126287113945182e+00 1.618976597378125604e+01 1.735644288649670841e+01 1.617184065993377118e+01 -4.653029510398280166e+00 6.394833781822604202e+00 1.525769296064315839e+01 1.712015018954787138e+01 1.609028121420585933e+01 -3.038164537367313400e+00 8.911224102780364476e+00 1.593373277194119986e+01 1.689855929949877122e+01 1.572462568137342309e+01 -3.875935444284217102e+00 5.846980436503261380e+00 1.403796504805634804e+01 1.611949835722016289e+01 1.536347930496578051e+01 -5.220345349043587824e+00 4.719138800915396281e+00 1.351562104129977371e+01 1.606609404813216813e+01
0.000000000000000000e+00 0.000000000000000000e+00 -1.396078020027901323e-01 -7.751227446530771559e+00 -5.398536782307258086e+00 -2.727480166180638044e+00 1.243070647042731025e+01 3.398745148045186903e-01 -4.813088738199267524e+00 -4.426926452694962322e+00 -2.641676129073332824e+00 1.363746890581586868e+01 3.111057647526134673e+00 -3.426032230808720325e+00 -3.961103980194807583e+00 -2.429221997163174773e+00 1.134524757141838514e+01 -6.012371183005317254e-01 -5.336780667441806791e+00 -4.950552183358813529e+00 -3.130481055587635897e+00 1.144349810859071859e+01 2.629385951552468459e+00 -3.307648874196275290e+00 -4.157729283590779090e+00 -2.741277436732140416e+00 1.304344105923496855e+01 4.209481758971146625e+00 -2.428467083481551381e+00 -3.821885008325105471e+00 -2.550217897971714720e+00 1.143660260573097887e+01 1.179680317779641996e+00 -4.072027025163615477e+00 -4.633684916350842009e+00 -3.123531722751951012e+00 1.094026351460372304e+01 3.322304285128086399e+00 -2.677158105896402240e+00 -4.020031050877449275e+00 -2.770002612825023469e+00 1.219579050549043231e+01 4.399880867660393768e+00 -2.043897891566877068e+00 -3.751454387105288113e+00
0.000000000000000000e+00 0.000000000000000000e+00 1.005850918450906839e+01 2.074518482135795594e+01 1.587176700181779943e+01 1.092900895077411683e+01 2.909106750815486642e+00 1.504422769587986686e+01 1.767844056247895068e+01 1.484460184328783328e+01 1.080003359094697402e+01 3.111057647526134673e+00 1.234905547522328462e+01 1.662333722922029366e+01 1.458581041798915656e+01 1.070797717827180584e+01 2.510776210353524718e+00 1.328431406020702177e+01 1.619648740634046646e+01 1.401194437214065225e+01 1.045113935378072156e+01 2.176846157994998698e+00 9.489252350300549921e+00 1.410810109333829132e+01 1.326377270420561594e+01 1.015362755201166500e+01 8.439126974362853861e-01 8.205685325208509795e+00 1.356801672541971193e+01 1.316866014746333668e+01 1.012186074817330095e+01 1.686809535188832365e+00 9.445820359478789285e+00 1.354544741977476008e+01 1.278040516659651971e+01 9.909676224990947802e+00 7.649898321939028190e-01 7.197484485270414289e+00 1.226890912469052353e+01 1.231318438664812653e+01 9.713625925260023664e+00 -2.620433184116883335e-02 6.502565743666790965e+00 1.199423781298658298e+01 1.232875769192894388e+01
0.000000000000000000e+00 0.000000000000000000e+00 1.510374637404889775e+01 3.632991518842637646e+01 2.790959239285709259e+01 1.923324359709890530e+01 -3.115433225805845474e+00 2.233284514503716522e+01 2.979031443834907833e+01 2.566877955152359547e+01 1.889352816760379739e+01 -3.426032230808720325e+00 1.662333722922029366e+01 2.731236995192035621e+01 2.498161893544842016e+01 1.861339086196620585e+01 -3.003597956307459960e+00 2.033447591871706095e+01 2.787040578969918769e+01 2.467365307879011382e+01 1.854132521518172894e+01 -3.497113723917381733e+00 1.271234071854964220e+01 2.344595531774457697e+01 2.303722362991634043e+01 1.783167602214492931e+01 -6.479459557210114795e+00 9.829801651209507440e+00 2.208472097393894984e+01 2.269398116526108566e+01 1.768087937071996052e+01 -4.194324513852522252e+00 1.355840634776200559e+01 2.308069744417167257e+01 2.256653812525996727e+01 1.761530403061428984e+01 -5.345245432798527929e+00 8.897908806972186113e+00 2.029573081478557839e+01 2.148383494151039486e+01 1.711091620445745320e+01 -7.318713711768936925e+00 7.196851526766948837e+00 1.949671273232624813e+01 2.135494333658574106e+01
0.000000000000000000e+00 0.000000000000000000e+00 1.347392143437174816e+01 3.362974095144807762e+01 2.661666492583893628e+01 1.951205945711987511e+01 -3.628032077595856109e+00 1.985726442049660889e+01 2.735011875556998717e+01 2.433051483707607687e+01 1.902318753553770492e+01 -3.961103980194807583e+00 1.458581041798915656e+01 2.498161893544842016e+01 2.364028570757982450e+01 1.872367430850151138e+01 -3.435395223693246347e+00 1.817301723830680871e+01 2.561467448261225144e+01 2.334796797240201016e+01 1.853346859628112853e+01 -3.894725391115483326e+00 1.117772304300969033e+01 2.146295183375158899e+01 2.175988742934463360e+01 1.781332725799853733e+01 -6.667194916615011735e+00 8.504629646493651052e+00 2.017540194425566824e+01 2.143115303796533411e+01 1.767941066220747004e+01 -4.474966497039106983e+00 1.204714816546023037e+01 2.118407241698341892e+01 2.130696470326850900e+01 1.751425628093855025e+01 -5.529008673859426182e+00 7.761441028375406503e+00 1.858398767326067968e+01 2.027852483794169203e+01 1.703806886027892631e+01 -7.389292096015153355e+00 6.172476633480269648e+00 1.783268740694280297e+01 2.016129066639168244e+01
0.000000000000000000e+00 0.000000000000000000e+00 9.803093634472233475e+00 2.517108555406897707e+01 2.130908736630727418e+01 1.796924799988978805e+01 -2.183459665998905841e+00 1.442157565092139748e+01 2.035666874222956579e+01 1.929307466539020766e+01 1.725680475295859750e+01 -2.429221997163174773e+00 1.070797717827180584e+01 1.861339086196620585e+01 1.872367430850151138e+01 1.696765334448939910e+01 -2.080650115711194292e+00 1.316478818788727523e+01 1.895714913175203620e+01 1.832810364851341589e+01 1.652684469760114538e+01 -2.483841694075459294e+00 8.235646566711189109e+00 1.594223272961061078e+01 1.707342906881730826e+01 1.589159580796901139e+01 -4.422444790804957115e+00 6.374037638279787643e+00 1.503571360551052116e+01 1.684666886857532120e+01 1.581551483608528308e+01 -2.847987408679074850e+00 8.813322415595958859e+00 1.567611119952553267e+01 1.661192805397406147e+01 1.544251668444345604e+01 -3.683286919051950381e+00 5.820124204664802292e+00 1.382578406038712870e+01 1.585388330199570817e+01 1.509371409706187528e+01 -4.992919062762399385e+00 4.722771460324502790e+00 1.332017034853609871e+01 1.580636503258500980e+01
0.000000000000000000e+00 0.000000000000000000e+00 -1.840954631370593508e-01 -6.701251219017688499e+00 -4.661943648040634436e+00 -2.327965926785921180e+00 1.042877612856243985e+01 1.446740646108843897e-01 -4.192368333494445487e+00 -3.835694280304618786e+00 -2.262159704380192871e+00 1.134524757141838514e+01 2.510776210353524718e+00 -3.003597956307459960e+00 -3.435395223693246347e+00 -2.080650115711194292e+00 9.495823784615565089e+00 -6.705715133852062637e-01 -4.661327617664118073e+00 -4.303022379612906789e+00 -2.695398632024377683e+00 9.510058570066473038e+00 2.097090699740801867e+00 -2.921787401093604242e+00 -3.622441591587159060e+00 -2.362346428155652323e+00 1.088579578488127453e+01 3.455657642560935550e+00 -2.164657977139039513e+00 -3.331610734076687841e+00 -2.196909097363207497e+00 9.514234662300804501e+00 8.550418498568137515e-01 -3.587939922240755752e+00 -4.042404973528138434e+00 -2.699430368883455333e+00 9.131537933489436654e+00 2.701820278800188824e+00 -2.387860158143155331e+00 -3.512767900562175694e+00 -2.394218435404669165e+00 1.020919323511825283e+01 3.630752902915694413e+00 -1.841260261893123751e+00 -3.278604139182373700e+00
0.000000000000000000e+00 0.000000000000000000e+00 1.144804922914735279e+01 2.658507801325536946e+01 2.017389747969418679e+01 1.354085444101140645e+01 -6.459668824389078745e-01 1.734906189074239435e+01 2.203670566237698125e+01 1.863856021431018917e+01 1.334468291621727687e+01 -6.012371183005317254e-01 1.328431406020702177e+01 2.033447591871706095e+01 1.817301723830680871e+01 1.316478818788727523e+01 -6.705715133852062637e-01 1.576884504854478841e+01 2.062102995962303709e+01 1.791900073762277401e+01 1.310515464643457939e+01 -9.246828186967438468e-01 1.026807402923019197e+01 1.751161817052827629e+01 1.677478429365825718e+01 1.262253258234593289e+01 -3.072035792616345518e+00 8.212036229206152171e+00 1.657130613661943386e+01 1.654242668950554673e+01 1.252302731115083745e+01 -1.508525468100279765e+00 1.077932453404916302e+01 1.719271603577270113e+01 1.642174162197004961e+01 1.246850968529761694e+01 -2.474796455940060813e+00 7.405069535716611639e+00 1.522338915335862097e+01 1.565998659493802947e+01 1.211931054836146870e+01 -3.870604834178585030e+00 6.198943723643029813e+00 1.467006838139939973e+01 1.557629385423109625e+01
0.000000000000000000e+00 0.000000000000000000e+00 1.501720244533598070e+01 3.762227230741698492e+01 2.879539588591515908e+01 1.963182296022239015e+01 -4.988685423936748187e+00 2.237909731552500148e+01 3.059088882363542083e+01 2.638713372011615377e+01 1.927440879151555464e+01 -5.336780667441806791e+00 1.619648740634046646e+01 2.787040578969918769e+01 2.561467448261225144e+01 1.895714913175203620e+01 -4.661327617664118073e+00 2.062102995962303709e+01 2.884480159752089179e+01 2.553733119485587721e+01 1.902326940722517179e+01 -5.059054458317031155e+00 1.243720683641858749e+01 2.407213789764783129e+01 2.375969213813308301e+01 1.824364737897505861e+01 -8.353124795653041446e+00 9.261879730607814665e+00 2.254822452445824155e+01 2.335080890543923360e+01 1.805864793460936468e+01 -5.774500075328734994e+00 1.356917038964115818e+01 2.388706702002999904e+01 2.340771651902605299e+01 1.810451934064201751e+01 -6.900777890964346462e+00 8.509465950665626721e+00 2.085009175602404596e+01 2.220935741059723512e+01 1.753519306126868571e+01 -9.118988348401655841e+00 6.600351983811250101e+00 1.992772452285797513e+01 2.202416123703917350e+01
0.000000000000000000e+00 0.000000000000000000e+00 1.313585494827022693e+01 3.351940393127587470e+01 2.638279153743976124e+01 1.911391065685928581e+01 -4.603207287140246073e+00 1.943677081844743171e+01 2.712375822220313992e+01 2.407178949726161221e+01 1.864234481847634939e+01 -4.950552183358813529e+00 1.401194437214065225e+01 2.467365307879011382e+01 2.334796797240201016e+01 1.832810364851341589e+01 -4.303022379612906789e+00 1.791900073762277401e+01 2.553733119485587721e+01 2.321721453438001603e+01 1.825715360226202222e+01 -4.699243615143262609e+00 1.075498628490331221e+01 2.128459374778342550e+01 2.158662480265905614e+01 1.751478657967603070e+01 -7.583420105853549309e+00 7.973041916352801017e+00 1.993154423166125255e+01 2.122330842897724068e+01 1.735867280878074226e+01 -5.284417395161974618e+00 1.176391883145824657e+01 2.111912481481045134e+01 2.122636478504436042e+01 1.729144272480703037e+01 -6.296391721329134050e+00 7.342497705281575193e+00 1.843282061394356575e+01 2.015233418580703884e+01 1.678368578955022272e+01 -8.248368495769348385e+00 5.669624843832986372e+00 1.762493784180437117e+01 1.999973875373237675e+01
0.000000000000000000e+00 0.000000000000000000e+00 9.755944361757915573e+00 2.525476529512007318e+01 2.113310696026400493e+01 1.749151184107198986e+01 -2.844717568512361350e+00 1.430459004598719197e+01 2.035058977343993192e+01 1.912512952960339163e+01 1.682499055574423252e+01 -3.130481055587635897e+00 1.045113935378072156e+01 1.854132521518172894e+01 1.853346859628112853e+01 1.652684469760114538e+01 -2.695398632024377683e+00 1.310515464643457939e+01 1.902326940722517179e+01 1.825715360226202222e+01 1.621794091527872439e+01 -3.080261881719450034e+00 8.009917774344604169e+00 1.591345932504768257e+01 1.697215003068820494e+01 1.557034988215870186e+01 -5.094116034060109932e+00 6.062484208609498104e+00 1.495470989017694130e+01 1.671669537779580139e+01 1.547048528304238779e+01 -3.462201677467799943e+00 8.664975287051127850e+00 1.570969586134072848e+01 1.657907242558663086e+01 1.520792098745407728e+01 -4.256192962807181068e+00 5.554810655080921755e+00 1.378425183797677711e+01 1.578366584699677055e+01 1.482901508171909555e+01 -5.620004651137755936e+00 4.397331249271845266e+00 1.323596361548614553e+01 1.570646496426319949e+01
0.000000000000000000e+00 0.000000000000000000e+00 -5.984633728902165606e-01 -7.264225907623845124e+00 -5.134755507913645545e+00 -2.733185512055014588e+00 1.036438216913370169e+01 -2.458665680493933858e-01 -4.698890361294142615e+00 -4.294221543657044116e+00 -2.666209369648599115e+00 1.144349810859071859e+01 2.176846157994998698e+00 -3.497113723917381733e+00 -3.894725391115483326e+00 -2.483841694075459294e+00 9.510058570066473038e+00 -9.246828186967438468e-01 -5.059054458317031155e+00 -4.699243615143262609e+00 -3.080261881719450034e+00 9.698106848609889141e+00 1.926441954860431460e+00 -3.280895412294612790e+00 -4.009194681434670393e+00 -2.743976088251004253e+00 1.107635237517620119e+01 3.294659753985794914e+00 -2.523785821655788464e+00 -3.722633824722994866e+00 -2.578865383678410783e+00 9.693553263093720673e+00 7.343823947485815795e-01 -3.887930862343353056e+00 -4.388419407261070937e+00 -3.067860716264592114e+00 9.332392913239489829e+00 2.608496674670309545e+00 -2.672691303161159215e+00 -3.857182360463867976e+00 -2.761538273567341939e+00 1.039871263805361856e+01 3.531972044859045035e+00 -2.132815526243718729e+00 -3.631080647536862216e+00
0.000000000000000000e+00 0.000000000000000000e+00 7.560896506922213156e+00 1.585011097323784668e+01 1.217060814630181831e+01 8.420099744977752820e+00 2.357481743879506819e+00 1.153950535139858147e+01 1.351498917234052222e+01 1.137453506902953215e+01 8.304126287113945182e+00 2.629385951552468459e+00 9.489252350300549921e+00 1.271234071854964220e+01 1.117772304300969033e+01 8.235646566711189109e+00 2.097090699740801867e+00 1.026807402923019197e+01 1.243720683641858749e+01 1.075498628490331221e+01 8.009917774344604169e+00 1.926441954860431460e+00 7.378817354225118308e+00 1.085175235850305242e+01 1.018423121055578662e+01 7.782156573135820210e+00 8.788315517432134794e-01 6.388052739388157875e+00 1.043783468127491965e+01 1.011338807822174246e+01 7.764502457036575933e+00 1.553996103497923498e+00 7.379324329904698665e+00 1.045186935573945064e+01 9.825119773717890581e+00 7.575761493450074546e+00 8.057536126434382551e-01 5.650327991840842223e+00 9.476705572211837847e+00 9.468490872696424532e+00 7.431285994464968070e+00 1.713134111939745574e-01 5.105697370541147251e+00 9.261985927909304195e+00 9.481169096378506467e+00
0.000000000000000000e+00 0.000000000000000000e+00 1.280687460426313962e+01 3.130887258794841799e+01 2.402560297329528538e+01 1.648812925827153464e+01 -3.097111290278387052e+00 1.910894335862020199e+01 2.561919253853896805e+01 2.207140031564400218e+01 1.618976597378125604e+01 -3.307648874196275290e+00 1.410810109333829132e+01 2.344595531774457697e+01 2.146295183375158899e+01 1.594223272961061078e+01 -2.921787401093604242e+00 1.751161817052827629e+01 2.407213789764783129e+01 2.128459374778342550e+01 1.591345932504768257e+01 -3.280895412294612790e+00 1.085175235850305242e+01 2.021497699588181973e+01 1.985272053493793720e+01 1.529008008169384603e+01 -5.933772231707338918e+00 8.300923001805935897e+00 1.900834955759267331e+01 1.954160902932078159e+01 1.515447120858249619e+01 -3.876722115922142553e+00 1.167313355676459707e+01 1.997463353692835142e+01 1.949747701219742879e+01 1.512349461737183809e+01 -4.890350334081402295e+00 7.573042388272289038e+00 1.753026943785493685e+01 1.854197043313411797e+01 1.467744404010833392e+01 -6.661670236003868872e+00 6.052785618738228735e+00 1.680977987153713826e+01 1.841470557512807815e+01
0.000000000000000000e+00 0.000000000000000000e+00 1.234107171390547109e+01 3.115381846212072148e+01 2.453462361092626409e+01 1.778871062614108922e+01 -3.861132347434147238e+00 1.824303738602591451e+01 2.527817092359590490e+01 2.241527714552483630e+01 1.735644288649670841e+01 -4.157729283590779090e+00 1.326377270420561594e+01 2.303722362991634043e+01 2.175988742934463360e+01 1.707342906881730826e+01 -3.622441591587159060e+00 1.677478429365825718e+01 2.375969213813308301e+01 2.158662480265905614e+01 1.697215003068820494e+01 -4.009194681434670393e+00 1.018423121055578662e+01 1.985272053493793720e+01 2.009460099508751085e+01 1.629601759645665737e+01 -6.649510527617153777e+00 7.639271990637718446e+00 1.862039846360624651e+01 1.977021636036412389e+01 1.615932758280980863e+01 -4.548578905509518044e+00 1.107023938362448945e+01 1.966108731655787167e+01 1.973194820644470582e+01 1.606775642988734276e+01 -5.521211215218044366e+00 7.011476618425014351e+00 1.719895606306655012e+01 1.875301904387082885e+01 1.560901525619416752e+01 -7.302330099879869252e+00 5.487019749965132753e+00 1.646824073591592352e+01 1.862317660658922591e+01
0.000000000000000000e+00 0.000000000000000000e+00 9.430566898555264643e+00 2.420840748991835767e+01 2.028188996715403292e+01 1.680802656973594722e+01 -2.480379383418067629e+00 1.380762456580803033e+01 1.954475583862092591e+01 1.837083691187065071e+01 1.617184065993377118e+01 -2.741277436732140416e+00 1.015362755201166500e+01 1.783167602214492931e+01 1.781332725799853733e+01 1.589159580796901139e+01 -2.362346428155652323e+00 1.262253258234593289e+01 1.824364737897505861e+01 1.751478657967603070e+01 1.557034988215870186e+01 -2.743976088251004253e+00 7.782156573135820210e+00 1.529008008169384603e+01 1.629601759645665737e+01 1.495793349554414320e+01 -4.648310705419669731e+00 5.941211723136250455e+00 1.438651497153789194e+01 1.605927340479198051e+01 1.486785622975916255e+01 -3.106948136030482033e+00 8.377957180456931496e+00 1.507106698008500878e+01 1.590072425903675324e+01 1.459544682248005998e+01 -3.885806965250450329e+00 5.429274615119940250e+00 1.324681406506817893e+01 1.514985536464643268e+01 1.424080506420772885e+01 -5.171698981045566690e+00 4.338985220836512724e+00 1.273399597222919866e+01 1.508348785304918138e+01
0.000000000000000000e+00 0.000000000000000000e+00 -1.996090427155995828e+00 -1.156570999750564610e+01 -8.342272690643241617e+00 -4.759664353557398364e+00 1.188685628121418070e+01 -2.435787813226300891e+00 -8.067953215447413839e+00 -7.184283372789249000e+00 -4.653029510398280166e+00 1.304344105923496855e+01 8.439126974362853861e-01 -6.479459557210114795e+00 -6.667194916615011735e+00 -4.422444790804957115e+00 1.088579578488127453e+01 -3.072035792616345518e+00 -8.353124795653041446e+00 -7.583420105853549309e+00 -5.094116034060109932e+00 1.107635237517620119e+01 8.788315517432134794e-01 -5.933772231707338918e+00 -6.649510527617153777e+00 -4.648310705419669731e+00 1.294734696578033351e+01 2.713995061792987773e+00 -4.945218168501289924e+00 -6.290460683175703949e+00 -4.448723419216281449e+00 1.115080401525329279e+01 -5.774284122843580391e-01 -6.617247196103123841e+00 -7.056222439227838095e+00 -4.997313057595519581e+00 1.088121425936425446e+01 2.004406177804842315e+00 -4.976485473813627713e+00 -6.350104091771379800e+00 -4.603872943453357180e+00 1.229761942412356390e+01 3.225715117219617678e+00 -4.282518012423315312e+00 -6.077649238760963968e+00
0.000000000000000000e+00 0.000000000000000000e+00 6.171381134507154087e+00 1.168659619004533923e+01 9.079336394709198288e+00 6.478037543504771456e+00 3.849683346947527340e+00 9.425723622409503122e+00 1.025605427004506254e+01 8.586587578647712604e+00 6.394833781822604202e+00 4.209481758971146625e+00 8.205685325208509795e+00 9.829801651209507440e+00 8.504629646493651052e+00 6.374037638279787643e+00 3.455657642560935550e+00 8.212036229206152171e+00 9.261879730607814665e+00 7.973041916352801017e+00 6.062484208609498104e+00 3.294659753985794914e+00 6.388052739388157875e+00 8.300923001805935897e+00 7.639271990637718446e+00 5.941211723136250455e+00 2.713995061792987773e+00 5.846414297383095260e+00 8.111842388520459579e+00 7.640173312583891096e+00 5.959635369935290861e+00 3.000590054041736288e+00 6.141124761944420030e+00 7.832662324801005660e+00 7.253365098446709958e+00 5.701819415937268154e+00 2.329881315701967548e+00 5.094005954307860407e+00 7.270566636663121862e+00 7.067255733996527844e+00 5.644247915273042260e+00 2.025232380878946525e+00 4.834247781174072500e+00 7.204615717391301466e+00 7.126196756530478460e+00
0.000000000000000000e+00 0.000000000000000000e+00 1.217165719973749383e+01 2.929326336027263622e+01 2.252442572398746634e+01 1.553910921770977183e+01 -2.265936337134270673e+00 1.815526125487056319e+01 2.406329646742127437e+01 2.072380446812539745e+01 1.525769296064315839e+01 -2.428467083481551381e+00 1.356801672541971193e+01 2.208472097393894984e+01 2.017540194425566824e+01 1.503571360551052116e+01 -2.164657977139039513e+00 1.657130613661943386e+01 2.254822452445824155e+01 1.993154423166125255e+01 1.495470989017694130e+01 -2.523785821655788464e+00 1.043783468127491965e+01 1.900834955759267331e+01 1.862039846360624651e+01 1.438651497153789194e+01 -4.945218168501289924e+00 8.111842388520459579e+00 1.791824008536220703e+01 1.834781589404549607e+01 1.427091995823598225e+01 -3.082236785132845380e+00 1.112770855109569546e+01 1.872530498101523477e+01 1.824527956119981909e+01 1.419753284578762731e+01 -4.066870479199667265e+00 7.365661195723379961e+00 1.649054387524994070e+01 1.737754247395903207e+01 1.379732569996269831e+01 -5.673357037073838427e+00 5.989085338351926247e+00 1.584724999437009352e+01 1.727603040808808998e+01
0.000000000000000000e+00 0.000000000000000000e+00 1.219331796473049856e+01 3.060861588550719503e+01 2.413787841680786173e+01 1.754800903090974273e+01 -3.542617856418333488e+00 1.801933930139101037e+01 2.487292136367230100e+01 2.206544665080680900e+01 1.712015018954787138e+01 -3.821885008325105471e+00 1.316866014746333668e+01 2.269398116526108566e+01 2.143115303796533411e+01 1.684666886857532120e+01 -3.331610734076687841e+00 1.654242668950554673e+01 2.335080890543923360e+01 2.122330842897724068e+01 1.671669537779580139e+01 -3.722633824722994866e+00 1.011338807822174246e+01 1.954160902932078159e+01 1.977021636036412389e+01 1.605927340479198051e+01 -6.290460683175703949e+00 7.640173312583891096e+00 1.834781589404549607e+01 1.946055710592623811e+01 1.593113425979943543e+01 -4.249765493528542493e+00 1.095172948126451473e+01 1.932822729360319869e+01 1.939288898670147532e+01 1.581594631617085689e+01 -5.220736155605880668e+00 6.998614651608484394e+00 1.693234753222859723e+01 1.844349639845247779e+01 1.537407397424337141e+01 -6.949694861397240686e+00 5.521046705611686534e+00 1.622829308421980699e+01 1.832470672489678520e+01
0.000000000000000000e+00 0.000000000000000000e+00 9.358175120519968360e+00 2.395885196139510143e+01 2.011681497547465014e+01 1.672714588237051103e+01 -2.302738766420444616e+00 1.371051123787947112e+01 1.936258471240575219e+01 1.822590379551073880e+01 1.609028121420585933e+01 -2.550217897971714720e+00 1.012186074817330095e+01 1.768087937071996052e+01 1.767941066220747004e+01 1.581551483608528308e+01 -2.196909097363207497e+00 1.252302731115083745e+01 1.805864793460936468e+01 1.735867280878074226e+01 1.547048528304238779e+01 -2.578865383678410783e+00 7.764502457036575933e+00 1.515447120858249619e+01 1.615932758280980863e+01 1.486785622975916255e+01 -4.448723419216281449e+00 5.959635369935290861e+00 1.427091995823598225e+01 1.593113425979943543e+01 1.478384391715811574e+01 -2.934597730989426445e+00 8.337081500160008929e+00 1.492394896054349651e+01 1.575371098217109811e+01 1.449153802876479169e+01 -3.717072587911464776e+00 5.441470944867907278e+00 1.313348272381048787e+01 1.501843660794947155e+01 1.414712674100067602e+01 -4.978690983153916783e+00 4.374572030073640150e+00 1.263472276977286057e+01 1.495896358552983507e+01
0.000000000000000000e+00 0.000000000000000000e+00 -1.000471991334220379e+00 -8.198419074983842592e+00 -5.789939351007778789e+00 -3.105204159346185655e+00 1.036150568557565776e+01 -8.902629120450181732e-01 -5.461487868093318987e+00 -4.894836222896014277e+00 -3.038164537367313400e+00 1.143660260573097887e+01 1.686809535188832365e+00 -4.194324513852522252e+00 -4.474966497039106983e+00 -2.847987408679074850e+00 9.514234662300804501e+00 -1.508525468100279765e+00 -5.774500075328734994e+00 -5.284417395161974618e+00 -3.462201677467799943e+00 9.693553263093720673e+00 1.553996103497923498e+00 -3.876722115922142553e+00 -4.548578905509518044e+00 -3.106948136030482033e+00 1.115080401525329279e+01 3.000590054041736288e+00 -3.082236785132845380e+00 -4.249765493528542493e+00 -2.934597730989426445e+00 9.731435039764736672e+00 3.438340589658401281e-01 -4.475080625796829636e+00 -4.922845277083827575e+00 -3.438459690181089101e+00 9.382041728004256953e+00 2.348813930519396020e+00 -3.182944732133458743e+00 -4.359312648013490943e+00 -3.115198781825284868e+00 1.049565519127757796e+01 3.318139160006290389e+00 -2.620421175920377266e+00 -4.126323509814858959e+00
0.000000000000000000e+00 0.000000000000000000e+00 7.737610954248163253e+00 1.735247821952221869e+01 1.326569765635426812e+01 9.050420987660876548e+00 9.579691582678018236e-01 1.191737684789467266e+01 1.456696534447747204e+01 1.231232077353041632e+01 8.911224102780364476e+00 1.179680317779641996e+00 9.445820359478789285e+00 1.355840634776200559e+01 1.204714816546023037e+01 8.813322415595958859e+00 8.550418498568137515e-01 1.077932453404916302e+01 1.356917038964115818e+01 1.176391883145824657e+01 8.664975287051127850e+00 7.343823947485815795e-01 7.379324329904698665e+00 1.167313355676459707e+01 1.107023938362448945e+01 8.377957180456931496e+00 -5.774284122843580391e-01 6.141124761944420030e+00 1.112770855109569546e+01 1.095172948126451473e+01 8.337081500160008929e+00 3.438340589658401281e-01 7.592105110115676680e+00 1.138613313742175137e+01 1.077653917566756014e+01 8.210005037564551245e+00 -3.983680845129594639e-01 5.515179074555909722e+00 1.019467607761797012e+01 1.032559169936779497e+01 8.015694377820620886e+00 -1.236432530238096072e+00 4.800846643140156189e+00 9.884534812652773894e+00 1.030099884851353487e+01
0.000000000000000000e+00 0.000000000000000000e+00 1.241881904223171595e+01 3.106685980771137068e+01 2.379385326446220006e+01 1.623308171889480178e+01 -3.861086326091214715e+00 1.863029825330332656e+01 2.530639137337781008e+01 2.181516093464834327e+01 1.593373277194119986e+01 -4.072027025163615477e+00 1.354544741977476008e+01 2.308069744417167257e+01 2.118407241698341892e+01 1.567611119952553267e+01 -3.587939922240755752e+00 1.719271603577270113e+01 2.388706702002999904e+01 2.111912481481045134e+01 1.570969586134072848e+01 -3.887930862343353056e+00 1.045186935573945064e+01 1.997463353692835142e+01 1.966108731655787167e+01 1.507106698008500878e+01 -6.617247196103123841e+00 7.832662324801005660e+00 1.872530498101523477e+01 1.932822729360319869e+01 1.492394896054349651e+01 -4.475080625796829636e+00 1.138613313742175137e+01 1.982688675953844637e+01 1.937165894512880016e+01 1.494319811137781251e+01 -5.457868467423844905e+00 7.209554483577474748e+00 1.733195566626114115e+01 1.838858733539884227e+01 1.447974316073008261e+01 -7.297973693041702070e+00 5.632263348934201552e+00 1.657324589808918347e+01 1.823872165252110378e+01
0.000000000000000000e+00 0.000000000000000000e+00 1.199544804050149160e+01 3.068034183773542978e+01 2.407282633409065653e+01 1.731308222681688136e+01 -4.337280239983934749e+00 1.777818864422453515e+01 2.482216092813343167e+01 2.197127288616735896e+01 1.689855929949877122e+01 -4.633684916350842009e+00 1.278040516659651971e+01 2.256653812525996727e+01 2.130696470326850900e+01 1.661192805397406147e+01 -4.042404973528138434e+00 1.642174162197004961e+01 2.340771651902605299e+01 2.122636478504436042e+01 1.657907242558663086e+01 -4.388419407261070937e+00 9.825119773717890581e+00 1.949747701219742879e+01 1.973194820644470582e+01 1.590072425903675324e+01 -7.056222439227838095e+00 7.253365098446709958e+00 1.824527956119981909e+01 1.939288898670147532e+01 1.575371098217109811e+01 -4.922845277083827575e+00 1.077653917566756014e+01 1.937165894512880016e+01 1.942624563187086650e+01 1.571840701215532299e+01 -5.863088359809125905e+00 6.695911918416797448e+00 1.689456685423728644e+01 1.843547383384305860e+01 1.524865014589728140e+01 -7.671820251029232374e+00 5.144900777762744681e+00 1.614203513668011070e+01 1.828767444861311375e+01
