0.000000000000000000e+00 0.000000000000000000e+00 0.000000000000000000e+00 0.000000000000000000e+00 0.000000000000000000e+00 0.000000000000000000e+00 0.000000000000000000e+00 0.000000000000000000e+00 0.000000000000000000e+00 0.000000000000000000e+00 0.000000000000000000e+00 0.000000000000000000e+00 0.000000000000000000e+00 0.000000000000000000e+00 0.000000000000000000e+00 0.000000000000000000e+00 0.000000000000000000e+00 0.000000000000000000e+00 0.000000000000000000e+00 0.000000000000000000e+00 0.000000000000000000e+00 0.000000000000000000e+00 0.000000000000000000e+00 0.000000000000000000e+00 0.000000000000000000e+00 0.000000000000000000e+00 0.000000000000000000e+00 0.000000000000000000e+00 0.000000000000000000e+00 0.000000000000000000e+00 0.000000000000000000e+00 0.000000000000000000e+00 0.000000000000000000e+00 0.000000000000000000e+00 0.000000000000000000e+00 0.000000000000000000e+00 0.000000000000000000e+00 0.000000000000000000e+00 0.000000000000000000e+00 0.000000000000000000e+00 0.000000000000000000e+00 0.000000000000000000e+00 0.000000000000000000e+00 0.000000000000000000e+00 0.000000000000000000e+00
0.000000000000000000e+00 0.000000000000000000e+00 0.000000000000000000e+00 0.000000000000000000e+00 0.000000000000000000e+00 0.000000000000000000e+00 0.000000000000000000e+00 0.000000000000000000e+00 0.000000000000000000e+00 0.000000000000000000e+00 0.000000000000000000e+00 0.000000000000000000e+00 0.000000000000000000e+00 0.000000000000000000e+00 0.000000000000000000e+00 0.000000000000000000e+00 0.000000000000000000e+00 0.000000000000000000e+00 0.000000000000000000e+00 0.000000000000000000e+00 0.000000000000000000e+00 0.000000000000000000e+00 0.000000000000000000e+00 0.000000000000000000e+00 0.000000000000000000e+00 0.000000000000000000e+00 0.000000000000000000e+00 0.000000000000000000e+00 0.000000000000000000e+00 0.000000000000000000e+00 0.000000000000000000e+00 0.000000000000000000e+00 0.000000000000000000e+00 0.000000000000000000e+00 0.000000000000000000e+00 0.000000000000000000e+00 0.000000000000000000e+00 0.000000000000000000e+00 0.000000000000000000e+00 0.000000000000000000e+00 0.000000000000000000e+00 0.000000000000000000e+00 0.000000000000000000e+00 0.000000000000000000e+00 0.000000000000000000e+00
0.000000000000000000e+00 0.000000000000000000e+00 9.411289072248717247e+00 2.100984745532332099e+01 1.601814692300905918e+01 1.105099286857663898e+01 -2.017048367289174804e-01 1.363767132921941361e+01 1.730849355068484030e+01 1.475981100814661318e+01 1.088295881597887416e+01 -6.403225427194736419e-01 1.051955642442457162e+01 1.596051632110167873e+01 1.437268203938401356e+01 1.070717058893620255e+01 -5.038039974906750595e-01 1.200121294178849141e+01 1.586776607716171839e+01 1.403084901496682235e+01 1.074565616512989230e+01 -1.048863262149232645e+00 7.748418784778123403e+00 1.339392412247495834e+01 1.309818463086929619e+01 1.033066515816398123e+01 -2.538647508471060910e+00 6.248873582724437270e+00 1.268668549240733512e+01 1.291025801587166733e+01 1.021794794249779592e+01 -1.604908865567734821e+00 7.920462191891523673e+00 1.296037338218190804e+01 1.272492194871416515e+01 1.025853145991873028e+01 -2.116856912740520347e+00 5.399275611137375641e+00 1.144444431519991134e+01 1.212013624122108624e+01 9.947987658978073355e+00 -3.015353395197047703e+00 4.564425640522063787e+00 1.106338164619188369e+01 1.206156277987357228e+01
0.000000000000000000e+00 0.000000000000000000e+00 2.100984745532332099e+01 5.307225205213897112e+01 4.081369798135868621e+01 2.899996573177255144e+01 -6.460251380426933920e+00 3.136112106271162503e+01 4.248254851014161915e+01 3.698186332911255647e+01 2.824156695213588719e+01 -8.119139626422278155e+00 2.265776016151500372e+01 3.850671714097237697e+01 3.570377619995954177e+01 2.760034538653457403e+01 -6.685530603897247737e+00 2.807512188113414098e+01 3.938931926226437241e+01 3.551073794319627552e+01 2.814489527397881474e+01 -7.866687962285615399e+00 1.647645708678655296e+01 3.244654857179282459e+01 3.274155106595340214e+01 2.679810230131469595e+01 -1.217074793338099070e+01 1.218695850811290171e+01 3.030877290241612698e+01 3.206703846129914126e+01 2.637308236420572172e+01 -9.372323407133585249e+00 1.764045148474735925e+01 3.186904516814168531e+01 3.213868087045514699e+01 2.684981241268339858e+01 -1.010232032657707180e+01 1.066773128389692538e+01 2.755917841364285081e+01 3.030709262170234908e+01 2.583277238362816064e+01 -1.283861445677773183e+01 8.183138594449577141e+00 2.633070717113412229e+01 2.999550490137774261e+01
0.000000000000000000e+00 0.000000000000000000e+00 1.601814692300905918e+01 4.081369798135868621e+01 3.231211595728552766e+01 2.444465162538628888e+01 -4.495139391558246267e+00 2.380537666856466572e+01 3.258221376860837637e+01 2.916982940616114917e+01 2.364897494988332127e+01 -5.797596789187509536e+00 1.730173262081172325e+01 2.954803797313111247e+01 2.815616762303666221e+01 2.311864253305062533e+01 -4.730061482261999295e+00 2.123285247535606857e+01 3.008525552648221080e+01 2.785489363437296362e+01 2.333617930879684010e+01 -5.700694287905291979e+00 1.256168577598556801e+01 2.481310699667502462e+01 2.568553784328270950e+01 2.224540554483075638e+01 -8.889502433468008391e+00 9.387405780549098466e+00 2.321699683335571152e+01 2.518329755168457496e+01 2.193529869584471825e+01 -6.816687952609306045e+00 1.337113065727112371e+01 2.430131532690487006e+01 2.511953148458963270e+01 2.213574860631125318e+01 -7.398015826366644454e+00 8.193726251852130105e+00 2.106415635477348758e+01 2.372394325411780613e+01 2.136189647920861034e+01 -9.419747846202055186e+00 6.369578812098956710e+00 2.016953382102106218e+01 2.351565737582845372e+01
0.000000000000000000e+00 0.000000000000000000e+00 1.105099286857663898e+01 2.899996573177255144e+01 2.444465162538628888e+01 2.107975870010013963e+01 -2.467697232455575485e+00 1.643599606112075406e+01 2.299778216197665515e+01 2.186550887282874100e+01 2.010977560748075277e+01 -3.411222712723996686e+00 1.209023097728982599e+01 2.087243103967598046e+01 2.108406579554011984e+01 1.965241060192585820e+01 -2.711827376608249462e+00 1.456858227634242908e+01 2.106752798819116990e+01 2.065710590947396952e+01 1.949712335677668307e+01 -3.453208400333006800e+00 8.771058833106197383e+00 1.741742150451622351e+01 1.903748715204201503e+01 1.860465627041743986e+01 -5.547976099578362685e+00 6.696587256065064331e+00 1.635268363377641876e+01 1.870054059819263870e+01 1.840373956894302410e+01 -4.200096351885188817e+00 9.234615535518040375e+00 1.696491829775911953e+01 1.848775788357792749e+01 1.828888519557560244e+01 -4.624435582889309337e+00 5.825212723725255337e+00 1.477598206768789346e+01 1.750681958457642651e+01 1.773796621913734128e+01 -5.946661558919831059e+00 4.653616967529409010e+00 1.421144093198688019e+01 1.740377354536396837e+01
0.000000000000000000e+00 0.000000000000000000e+00 -2.017048367289174804e-01 -6.460251380426933920e+00 -4.495139391558246267e+00 -2.467697232455575485e+00 9.319190895615495407e+00 -1.847563801834698760e-01 -3.870119138725869323e+00 -3.550081650929989063e+00 -2.329277167730047005e+00 1.040461627136004452e+01 2.070117669241696934e+00 -2.713409491929513528e+00 -3.095374187971821733e+00 -2.087442659335931872e+00 8.664329620532129184e+00 -6.855059966065246702e-01 -4.141885869736407599e+00 -3.931850529878033296e+00 -2.868186058909420577e+00 8.789657668171493299e+00 2.003264862635027121e+00 -2.437815979103388209e+00 -3.182754328315403392e+00 -2.460863884185172434e+00 1.000197283602507348e+01 3.248355134545962475e+00 -1.727006909033516724e+00 -2.865557475345151595e+00 -2.238503049415001112e+00 8.992858721939372302e+00 9.694021992452115377e-01 -2.975638146525510397e+00 -3.567823115902261311e+00 -2.893390302505714828e+00 8.398418375474035358e+00 2.709099959325683038e+00 -1.825340856973410641e+00 -3.004515527810433628e+00 -2.517287596451294185e+00 9.312178298853021730e+00 3.535567240363179486e+00 -1.325513735590770903e+00 -2.756530961410685432e+00
0.000000000000000000e+00 0.000000000000000000e+00 1.363767132921941361e+01 3.136112106271162503e+01 2.380537666856466572e+01 1.643599606112075406e+01 -1.847563801834698760e-01 2.046892466662756149e+01 2.577192479776411815e+01 2.186739208715981420e+01 1.612322339008894900e+01 -7.463999201204107870e-01 1.575097749001292691e+01 2.373075163725036063e+01 2.126311531833057700e+01 1.583686673072384643e+01 -5.960215836611472140e-01 1.812785667603969841e+01 2.372049116662462964e+01 2.084910494229206179e+01 1.595328495922074197e+01 -1.271589545889939776e+00 1.169479552397485733e+01 1.998811345779274973e+01 1.942107447724912461e+01 1.529584540234720968e+01 -3.576139522606284427e+00 9.412088688679979498e+00 1.890884003697507865e+01 1.911980701824398565e+01 1.511100175429580261e+01 -2.174499781572799773e+00 1.202137980351381863e+01 1.940419209144844714e+01 1.891648837541732675e+01 1.522000998803755323e+01 -2.914151607859327697e+00 8.189519552713990791e+00 1.710421130893831787e+01 1.798170833807694535e+01 1.472682030462478231e+01 -4.317528059767935744e+00 6.907574427698083497e+00 1.651023714446617063e+01 1.787496433713294408e+01
0.000000000000000000e+00 0.000000000000000000e+00 1.730849355068484030e+01 4.248254851014161915e+01 3.258221376860837637e+01 2.299778216197665515e+01 -3.870119138725869323e+00 2.577192479776411815e+01 3.427400456147102403e+01 2.965084184270541456e+01 2.244588039324228390e+01 -5.074174445299668434e+00 1.897803446409227845e+01 3.121337340738326915e+01 2.869331098222556165e+01 2.197293759527110524e+01 -4.153974404071824722e+00 2.298327902728787819e+01 3.169662535459081099e+01 2.840095320636929799e+01 2.230765839624100266e+01 -5.130129078464496395e+00 1.387967998873478237e+01 2.628758593275837896e+01 2.627411923981415853e+01 2.128969247387193775e+01 -8.473389267762540200e+00 1.055150598514881288e+01 2.465108577741948537e+01 2.577731925385554490e+01 2.098025062742231128e+01 -6.314534358687378557e+00 1.466850665520432351e+01 2.572316279363077385e+01 2.572252938702785841e+01 2.127668738479150790e+01 -7.024742571835953520e+00 9.214856188086615774e+00 2.237529303113317170e+01 2.432122558169609050e+01 2.051158664472087878e+01 -9.128958709950026673e+00 7.303868775313018702e+00 2.144693915032656761e+01 2.410693920975590743e+01
0.000000000000000000e+00 0.000000000000000000e+00 1.475981100814661318e+01 3.698186332911255647e+01 2.916982940616114917e+01 2.186550887282874100e+01 -3.550081650929989063e+00 2.186739208715981420e+01 2.965084184270541456e+01 2.640552715231802949e+01 2.119393938238092900e+01 -4.680355817660852402e+00 1.604104571291198411e+01 2.695331335416747010e+01 2.552145871730058957e+01 2.073742654012024644e+01 -3.805473109518320296e+00 1.946653555829306725e+01 2.734697114639126880e+01 2.519321425703776995e+01 2.090109633242940745e+01 -4.704475728027370351e+00 1.167764431821498761e+01 2.263052292440519508e+01 2.327415696458962913e+01 1.994831391559967670e+01 -7.553166429592174325e+00 8.841496635275303717e+00 2.121396998093118924e+01 2.283835300697033688e+01 1.968141151700220703e+01 -5.703116612008885866e+00 1.235148708966357844e+01 2.212422385182978957e+01 2.273575056763955970e+01 1.983467715975603696e+01 -6.287358712031620556e+00 7.707946902809017509e+00 1.923150599215770029e+01 2.150123331132802207e+01 1.915752849923982026e+01 -8.084146859310411770e+00 6.085004753571045200e+00 1.844244914698873217e+01 2.132677265022993041e+01
0.000000000000000000e+00 0.000000000000000000e+00 1.088295881597887416e+01 2.824156695213588719e+01 2.364897494988332127e+01 2.010977560748075277e+01 -2.329277167730047005e+00 1.612322339008894900e+01 2.244588039324228390e+01 2.119393938238092900e+01 1.922137110060671006e+01 -3.235716315233113427e+00 1.188843638354049759e+01 2.038813824990372936e+01 2.044859170025102912e+01 1.879163732540352427e+01 -2.574515006704219733e+00 1.428341671978792782e+01 2.056358052372727130e+01 2.003279003384429657e+01 1.865735160707560425e+01 -3.303029255838128009e+00 8.628218970072063954e+00 1.701807768712252056e+01 1.847634194700466637e+01 1.781126977318162119e+01 -5.342449320039985849e+00 6.605038288880486164e+00 1.598385000952660384e+01 1.815228734447785186e+01 1.761849237190748951e+01 -4.028116286629066956e+00 9.069312907264851731e+00 1.657078050112068723e+01 1.794500488109451908e+01 1.752066503231727523e+01 -4.457132327379190961e+00 5.741405412257485352e+00 1.444162611529520746e+01 1.699802275267156304e+01 1.699237891997315586e+01 -5.741515019120478236e+00 4.599297751936182621e+00 1.389251239258381965e+01 1.689811786891964829e+01
0.000000000000000000e+00 0.000000000000000000e+00 -6.403225427194736419e-01 -8.119139626422278155e+00 -5.797596789187509536e+00 -3.411222712723996686e+00 1.040461627136004452e+01 -7.463999201204107870e-01 -5.074174445299668434e+00 -4.680355817660852402e+00 -3.235716315233113427e+00 1.172500266259523016e+01 1.886281888885057656e+00 -3.734566769031430589e+00 -4.160614146307009875e+00 -2.960247461405931091e+00 9.714669017430646036e+00 -1.204935466057412086e+00 -5.280697277577119486e+00 -5.040326835297961772e+00 -3.795673290904073127e+00 9.964182425846146884e+00 1.953547549590901378e+00 -3.286569418289750910e+00 -4.169093023966959244e+00 -3.325647497093093818e+00 1.136734643219335616e+01 3.389415482645959710e+00 -2.473590108666204657e+00 -3.814048779716015858e+00 -3.078826959223388560e+00 1.019804755631078308e+01 8.123276450561758288e-01 -3.846123306897773375e+00 -4.559530754469055758e+00 -3.780408401473359881e+00 9.559779115286460183e+00 2.835218824245111957e+00 -2.512018652640774619e+00 -3.913350479501951806e+00 -3.354864351810990186e+00 1.060633645239527034e+01 3.778462681518687027e+00 -1.947813379279472068e+00 -3.642316273330830079e+00
0.000000000000000000e+00 0.000000000000000000e+00 1.051955642442457162e+01 2.265776016151500372e+01 1.730173262081172325e+01 1.209023097728982599e+01 2.070117669241696934e+00 1.575097749001292691e+01 1.897803446409227845e+01 1.604104571291198411e+01 1.188843638354049759e+01 1.886281888885057656e+00 1.265637989840060484e+01 1.768620186424426421e+01 1.568806328343100809e+01 1.172863440914892053e+01 1.595619084622118322e+00 1.381389209995860412e+01 1.731881793320624396e+01 1.515475970906920367e+01 1.162210067910895539e+01 1.089585684290788281e+00 9.502614614715634289e+00 1.485458519250285292e+01 1.423811548906207847e+01 1.121730079665880631e+01 -3.908453779925242788e-01 8.044453536995925802e+00 1.419637136524806387e+01 1.408507288223992404e+01 1.113044163249885621e+01 4.530830357171143352e-01 9.500135351759366742e+00 1.426686634537157161e+01 1.374926226597205314e+01 1.104992112497615508e+01 -2.646210577831626387e-01 6.967987882361242669e+00 1.277365785097821949e+01 1.316788107589136558e+01 1.076359048132212237e+01 -1.124330345475658799e+00 6.180889690680895221e+00 1.243863543465709398e+01 1.314803838608600195e+01
0.000000000000000000e+00 0.000000000000000000e+00 1.596051632110167873e+01 3.850671714097237697e+01 2.954803797313111247e+01 2.087243103967598046e+01 -2.713409491929513528e+00 2.373075163725036063e+01 3.121337340738326915e+01 2.695331335416747010e+01 2.038813824990372936e+01 -3.734566769031430589e+00 1.768620186424426421e+01 2.851182191110788366e+01 2.612041905477249770e+01 1.997976047970615099e+01 -3.035765185944690359e+00 2.110694114733142257e+01 2.880909117106738293e+01 2.576412906701560246e+01 2.021014676134583610e+01 -3.940071324615887161e+00 1.297705608552178269e+01 2.399731001282539822e+01 2.388442566512668819e+01 1.931770674496875628e+01 -6.902766665777984478e+00 1.003051955771602088e+01 2.256114317960928517e+01 2.346015477195056320e+01 1.905602074018425540e+01 -5.001261882210065401e+00 1.360245416775699034e+01 2.342091934378621332e+01 2.333660497128090938e+01 1.926356319987252519e+01 -5.716324838739452296e+00 8.746141083219512780e+00 2.045127105789111255e+01 2.210453717726758427e+01 1.859866174167547470e+01 -7.567569123356619798e+00 7.065569230867562389e+00 1.964561396413509797e+01 2.193293741105824779e+01
0.000000000000000000e+00 0.000000000000000000e+00 1.437268203938401356e+01 3.570377619995954177e+01 2.815616762303666221e+01 2.108406579554011984e+01 -3.095374187971821733e+00 2.126311531833057700e+01 2.869331098222556165e+01 2.552145871730058957e+01 2.044859170025102912e+01 -4.160614146307009875e+00 1.568806328343100809e+01 2.612041905477249770e+01 2.468586027643455694e+01 2.001900847962515329e+01 -3.369471430690604397e+00 1.890327617105003100e+01 2.643778659715428603e+01 2.432662501991855208e+01 2.014353051283876184e+01 -4.251105878473820709e+00 1.143819867396218193e+01 2.192348359057557161e+01 2.249812769612983487e+01 1.924011603290978556e+01 -6.971107738820734312e+00 8.731118570094798415e+00 2.057627407380003604e+01 2.208977840351303712e+01 1.899175318930896239e+01 -5.206508464041885276e+00 1.204970831901773920e+01 2.140579785770252386e+01 2.195658651762598623e+01 1.911158266599156264e+01 -5.802827901999784821e+00 7.605899387912305798e+00 1.864138990189725931e+01 2.078298198733212843e+01 1.847220577063909275e+01 -7.512853198259478837e+00 6.061834282184177525e+00 1.789536529285159361e+01 2.062505927181159393e+01
0.000000000000000000e+00 0.000000000000000000e+00 1.070717058893620255e+01 2.760034538653457403e+01 2.311864253305062533e+01 1.965241060192585820e+01 -2.087442659335931872e+00 1.583686673072384643e+01 2.197293759527110524e+01 2.073742654012024644e+01 1.879163732540352427e+01 -2.960247461405931091e+00 1.172863440914892053e+01 1.997976047970615099e+01 2.001900847962515329e+01 1.837842170637448902e+01 -2.343560971605302079e+00 1.401404914159494020e+01 2.011371548452382996e+01 1.958644229904360401e+01 1.822535448395603197e+01 -3.065206492811998196e+00 8.521094777389281560e+00 1.667141944909406703e+01 1.807883553710878033e+01 1.740831872512137224e+01 -5.039480223153555372e+00 6.562875613064262481e+00 1.567267912187735490e+01 1.776942523702705401e+01 1.722576049447448909e+01 -3.767972033371100427e+00 8.928867392861802088e+00 1.621692210480495788e+01 1.754584851834695058e+01 1.711184217958746601e+01 -4.205473283410818830e+00 5.700972334308502809e+00 1.415297899613656440e+01 1.663098236870075652e+01 1.660439349482873439e+01 -5.445490544243670961e+00 4.598740995345440119e+00 1.362587314059092769e+01 1.653970375895304201e+01
0.000000000000000000e+00 0.000000000000000000e+00 -5.038039974906750595e-01 -6.685530603897247737e+00 -4.730061482261999295e+00 -2.711827376608249462e+00 8.664329620532129184e+00 -5.960215836611472140e-01 -4.153974404071824722e+00 -3.805473109518320296e+00 -2.574515006704219733e+00 9.714669017430646036e+00 1.595619084622118322e+00 -3.035765185944690359e+00 -3.369471430690604397e+00 -2.343560971605302079e+00 8.079277773516896133e+00 -9.953506208878017958e-01 -4.348187576722462921e+00 -4.127048814233840623e+00 -3.064618630120266030e+00 8.241669446213535366e+00 1.635643365610417455e+00 -2.685814730664445538e+00 -3.399328919967936624e+00 -2.672009319265975513e+00 9.411326683923572745e+00 2.836605267634033201e+00 -2.004180125123694367e+00 -3.099080473892030785e+00 -2.462104464462226083e+00 8.446339464823562793e+00 6.772948160184423250e-01 -3.165185224335696823e+00 -3.739464606773400757e+00 -3.067577723106621690e+00 7.911377215135503072e+00 2.369292099437196875e+00 -2.049762751195924881e+00 -3.196992641924295331e+00 -2.708487634820209600e+00 8.783869575306136213e+00 3.160214557372457378e+00 -1.575255541864775566e+00 -2.965892857595338050e+00
0.000000000000000000e+00 0.000000000000000000e+00 1.200121294178849141e+01 2.807512188113414098e+01 2.123285247535606857e+01 1.456858227634242908e+01 -6.855059966065246702e-01 1.812785667603969841e+01 2.298327902728787819e+01 1.946653555829306725e+01 1.428341671978792782e+01 -1.204935466057412086e+00 1.381389209995860412e+01 2.110694114733142257e+01 1.890327617105003100e+01 1.401404914159494020e+01 -9.953506208878017958e-01 1.611550380702446716e+01 2.121515206763006134e+01 1.861324252751258967e+01 1.418188959399561178e+01 -1.556589079827942701e+00 1.025596381471147467e+01 1.781017693043916950e+01 1.730445318875456806e+01 1.357360033239117136e+01 -3.680818155525746427e+00 8.154033018113729270e+00 1.680860934334212331e+01 1.701530954181820832e+01 1.339398211015257090e+01 -2.379637323770514179e+00 1.062240655887888607e+01 1.734297245046307978e+01 1.689714343067064561e+01 1.354426401903961796e+01 -2.997687339543916529e+00 7.116971380517738588e+00 1.523447288845001246e+01 1.603252326027317309e+01 1.308151391858152834e+01 -4.304679962468237697e+00 5.925661991860307509e+00 1.467348000917718842e+01 1.591856430281683643e+01
0.000000000000000000e+00 0.000000000000000000e+00 1.586776607716171839e+01 3.938931926226437241e+01 3.008525552648221080e+01 2.106752798819116990e+01 -4.141885869736407599e+00 2.372049116662462964e+01 3.169662535459081099e+01 2.734697114639126880e+01 2.056358052372727130e+01 -5.280697277577119486e+00 1.731881793320624396e+01 2.880909117106738293e+01 2.643778659715428603e+01 2.011371548452382996e+01 -4.348187576722462921e+00 2.121515206763006134e+01 2.938037998048137567e+01 2.625697421751163319e+01 2.050204682058310723e+01 -5.216655699395103873e+00 1.265718935627879738e+01 2.429852488321161985e+01 2.425609621816285966e+01 1.954122419893430163e+01 -8.383859429987461809e+00 9.505156407508168925e+00 2.274312896517009364e+01 2.377452217189171435e+01 1.923851389989226490e+01 -6.330367553486000887e+00 1.346517643483664628e+01 2.383344639633594753e+01 2.379533193676786240e+01 1.957808825221105309e+01 -6.946791186308451493e+00 8.321739044470151114e+00 2.067551039100899857e+01 2.246703938236874265e+01 1.884628881294616320e+01 -8.951793864776474763e+00 6.501153347134888350e+00 1.978252282971216047e+01 2.224767129178144387e+01
0.000000000000000000e+00 0.000000000000000000e+00 1.403084901496682235e+01 3.551073794319627552e+01 2.785489363437296362e+01 2.065710590947396952e+01 -3.931850529878033296e+00 2.084910494229206179e+01 2.840095320636929799e+01 2.519321425703776995e+01 2.003279003384429657e+01 -5.040326835297961772e+00 1.515475970906920367e+01 2.576412906701560246e+01 2.432662501991855208e+01 1.958644229904360401e+01 -4.127048814233840623e+00 1.861324252751258967e+01 2.625697421751163319e+01 2.409902672245722499e+01 1.982543970030439695e+01 -4.960710033286387599e+00 1.101831178190870553e+01 2.166416561013295805e+01 2.223232946221997608e+01 1.889876401157350472e+01 -7.759620678096143642e+00 8.230534723483415860e+00 2.026721358656195449e+01 2.179404185450302833e+01 1.862715294448932823e+01 -5.934761839092502989e+00 1.173541219917821721e+01 2.123206044994293862e+01 2.176529169310573408e+01 1.884239293632068168e+01 -6.457674210257488667e+00 7.190978356928738435e+00 1.840222472386133745e+01 2.055314135855062574e+01 1.817159345190766828e+01 -8.232670653128574045e+00 5.585594794731242096e+00 1.761343153819818852e+01 2.036534162502958623e+01
0.000000000000000000e+00 0.000000000000000000e+00 1.074565616512989230e+01 2.814489527397881474e+01 2.333617930879684010e+01 1.949712335677668307e+01 -2.868186058909420577e+00 1.595328495922074197e+01 2.230765839624100266e+01 2.090109633242940745e+01 1.865735160707560425e+01 -3.795673290904073127e+00 1.162210067910895539e+01 2.021014676134583610e+01 2.014353051283876184e+01 1.822535448395603197e+01 -3.064618630120266030e+00 1.418188959399561178e+01 2.050204682058310723e+01 1.982543970030439695e+01 1.819318918220950465e+01 -3.763021489208561832e+00 8.413779549903091848e+00 1.690120777163481591e+01 1.825421593133399867e+01 1.734484052965255074e+01 -5.863229098672056772e+00 6.325992632991534137e+00 1.583135188986167385e+01 1.791035568662863398e+01 1.713549855346439443e+01 -4.503674434485917644e+00 8.923264893670527442e+00 1.651014297787506280e+01 1.778076749583707539e+01 1.712295152857683078e+01 -4.892584610513858401e+00 5.509492375836924083e+00 1.433180294813418243e+01 1.680991240490277860e+01 1.657535995041725485e+01 -6.223659611747716980e+00 4.319967982051294619e+00 1.375102595962625429e+01 1.668777523719562339e+01
0.000000000000000000e+00 0.000000000000000000e+00 -1.048863262149232645e+00 -7.866687962285615399e+00 -5.700694287905291979e+00 -3.453208400333006800e+00 8.789657668171493299e+00 -1.271589545889939776e+00 -5.130129078464496395e+00 -4.704475728027370351e+00 -3.303029255838128009e+00 9.964182425846146884e+00 1.089585684290788281e+00 -3.940071324615887161e+00 -4.251105878473820709e+00 -3.065206492811998196e+00 8.241669446213535366e+00 -1.556589079827942701e+00 -5.216655699395103873e+00 -4.960710033286387599e+00 -3.763021489208561832e+00 8.532424519900832394e+00 1.300647657151871250e+00 -3.422849044693466514e+00 -4.185913288641990526e+00 -3.351335196423931517e+00 9.778392671820023807e+00 2.576193916699881736e+00 -2.707313458243941540e+00 -3.880219248555665246e+00 -3.139740499279802144e+00 8.740972128796459018e+00 3.437672567294755011e-01 -3.862585976684106193e+00 -4.488407303306375162e+00 -3.726658141226771193e+00 8.244299872561311915e+00 2.159736166837119331e+00 -2.671002423794408998e+00 -3.918723184992978670e+00 -3.356436409366878593e+00 9.161875816326949362e+00 2.988893661984285632e+00 -2.180886804869163420e+00 -3.690103485783539305e+00
0.000000000000000000e+00 0.000000000000000000e+00 7.748418784778123403e+00 1.647645708678655296e+01 1.256168577598556801e+01 8.771058833106197383e+00 2.003264862635027121e+00 1.169479552397485733e+01 1.387967998873478237e+01 1.167764431821498761e+01 8.628218970072063954e+00 1.953547549590901378e+00 9.502614614715634289e+00 1.297705608552178269e+01 1.143819867396218193e+01 8.521094777389281560e+00 1.635643365610417455e+00 1.025596381471147467e+01 1.265718935627879738e+01 1.101831178190870553e+01 8.413779549903091848e+00 1.300647657151871250e+00 7.181164653519944707e+00 1.091111356098857144e+01 1.037570940592826219e+01 8.132521990152481450e+00 2.505253658787704452e-01 6.153299724241840352e+00 1.045460001776337755e+01 1.027589376363585316e+01 8.077783393772609344e+00 8.336905308116304703e-01 7.142225546663732771e+00 1.046092461072002244e+01 1.000465789015264662e+01 7.993793916956377643e+00 2.701924816843865873e-01 5.339309238089621878e+00 9.405520512183255022e+00 9.598882513794029236e+00 7.797870870801422605e+00 -3.335357802189439780e-01 4.789332921953723066e+00 9.177315503948792141e+00 9.593638379877603484e+00
0.000000000000000000e+00 0.000000000000000000e+00 1.339392412247495834e+01 3.244654857179282459e+01 2.481310699667502462e+01 1.741742150451622351e+01 -2.437815979103388209e+00 1.998811345779274973e+01 2.628758593275837896e+01 2.263052292440519508e+01 1.701807768712252056e+01 -3.286569418289750910e+00 1.485458519250285292e+01 2.399731001282539822e+01 2.192348359057557161e+01 1.667141944909406703e+01 -2.685814730664445538e+00 1.781017693043916950e+01 2.429852488321161985e+01 2.166416561013295805e+01 1.690120777163481591e+01 -3.422849044693466514e+00 1.091111356098857144e+01 2.022384901390104162e+01 2.007363787482392326e+01 1.614533537059835666e+01 -5.949619240867389358e+00 8.400660384329800223e+00 1.900009627035882076e+01 1.970838956630994332e+01 1.591880886272570450e+01 -4.324238426673870705e+00 1.146855326260216401e+01 1.976305625642674357e+01 1.963614871364324088e+01 1.612304782234312128e+01 -4.921364540337006765e+00 7.338712872635134943e+00 1.724112584230030265e+01 1.858794378170905404e+01 1.555466502191023359e+01 -6.505449665907990564e+00 5.901944098471640032e+00 1.654907293903464804e+01 1.843467683690623460e+01
0.000000000000000000e+00 0.000000000000000000e+00 1.309818463086929619e+01 3.274155106595340214e+01 2.568553784328270950e+01 1.903748715204201503e+01 -3.182754328315403392e+00 1.942107447724912461e+01 2.627411923981415853e+01 2.327415696458962913e+01 1.847634194700466637e+01 -4.169093023966959244e+00 1.423811548906207847e+01 2.388442566512668819e+01 2.249812769612983487e+01 1.807883553710878033e+01 -3.399328919967936624e+00 1.730445318875456806e+01 2.425609621816285966e+01 2.223232946221997608e+01 1.825421593133399867e+01 -4.185913288641990526e+00 1.037570940592826219e+01 2.007363787482392326e+01 2.054243416753856266e+01 1.742054037717497650e+01 -6.725881871299631776e+00 7.847023264572302814e+00 1.881271597500539983e+01 2.015452502991337269e+01 1.718228641908900656e+01 -5.071879394660599338e+00 1.098502771383265042e+01 1.963717544556973849e+01 2.008292465395523152e+01 1.734297174238798434e+01 -5.597845383514538753e+00 6.847914782649430876e+00 1.706585188175628787e+01 1.898914541533041955e+01 1.674312990056172978e+01 -7.201442479353751480e+00 5.398219690459308495e+00 1.635953041522118667e+01 1.882984773521064525e+01
0.000000000000000000e+00 0.000000000000000000e+00 1.033066515816398123e+01 2.679810230131469595e+01 2.224540554483075638e+01 1.860465627041743986e+01 -2.460863884185172434e+00 1.529584540234720968e+01 2.128969247387193775e+01 1.994831391559967670e+01 1.781126977318162119e+01 -3.325647497093093818e+00 1.121730079665880631e+01 1.931770674496875628e+01 1.924011603290978556e+01 1.740831872512137224e+01 -2.672009319265975513e+00 1.357360033239117136e+01 1.954122419893430163e+01 1.889876401157350472e+01 1.734484052965255074e+01 -3.351335196423931517e+00 8.132521990152481450e+00 1.614533537059835666e+01 1.742054037717497650e+01 1.654935563036468338e+01 -5.322570421121405992e+00 6.173042253239457544e+00 1.514408184592056550e+01 1.710336823778485282e+01 1.635815376516193353e+01 -4.047694579576033291e+00 8.583606604515953364e+00 1.574775695880651405e+01 1.694921413613265671e+01 1.631871067732611991e+01 -4.443856234671907046e+00 5.370054891496416793e+00 1.369829749135734964e+01 1.603960128426537679e+01 1.580939263760599189e+01 -5.688456740047607596e+00 4.258204450545373554e+00 1.315933020688661692e+01 1.593252653849371470e+01
0.000000000000000000e+00 0.000000000000000000e+00 -2.538647508471060910e+00 -1.217074793338099070e+01 -8.889502433468008391e+00 -5.547976099578362685e+00 1.000197283602507348e+01 -3.576139522606284427e+00 -8.473389267762540200e+00 -7.553166429592174325e+00 -5.342449320039985849e+00 1.136734643219335616e+01 -3.908453779925242788e-01 -6.902766665777984478e+00 -6.971107738820734312e+00 -5.039480223153555372e+00 9.411326683923572745e+00 -3.680818155525746427e+00 -8.383859429987461809e+00 -7.759620678096143642e+00 -5.863229098672056772e+00 9.778392671820023807e+00 2.505253658787704452e-01 -5.949619240867389358e+00 -6.725881871299631776e+00 -5.322570421121405992e+00 1.144893384913209822e+01 1.947901590188481968e+00 -5.018084449906398348e+00 -6.342486513053907871e+00 -5.059288331791912618e+00 1.012322676965341017e+01 -8.863675096882823734e-01 -6.404652696711516491e+00 -7.031839204295732060e+00 -5.752898869417330197e+00 9.631215206738438894e+00 1.591050815768832338e+00 -4.803007900590368529e+00 -6.281154256495247168e+00 -5.275524162846740417e+00 1.083107044071701175e+01 2.675487657883758530e+00 -4.177935789180344806e+00 -6.005179426458005842e+00
0.000000000000000000e+00 0.000000000000000000e+00 6.248873582724437270e+00 1.218695850811290171e+01 9.387405780549098466e+00 6.696587256065064331e+00 3.248355134545962475e+00 9.412088688679979498e+00 1.055150598514881288e+01 8.841496635275303717e+00 6.605038288880486164e+00 3.389415482645959710e+00 8.044453536995925802e+00 1.003051955771602088e+01 8.731118570094798415e+00 6.562875613064262481e+00 2.836605267634033201e+00 8.154033018113729270e+00 9.505156407508168925e+00 8.230534723483415860e+00 6.325992632991534137e+00 2.576193916699881736e+00 6.153299724241840352e+00 8.400660384329800223e+00 7.847023264572302814e+00 6.173042253239457544e+00 1.947901590188481968e+00 5.547982938024770938e+00 8.161092525617133830e+00 7.825408830244364289e+00 6.170522033126434103e+00 2.244794268504246570e+00 5.934345516308798807e+00 7.934734551157195170e+00 7.471433272930100955e+00 5.976754978292501796e+00 1.681685610986008772e+00 4.793372748147958440e+00 7.290240325703170932e+00 7.246908135510543580e+00 5.888195953344311562e+00 1.358070655896243206e+00 4.499175181562904413e+00 7.197480307254486398e+00 7.289592505811973489e+00
0.000000000000000000e+00 0.000000000000000000e+00 1.268668549240733512e+01 3.030877290241612698e+01 2.321699683335571152e+01 1.635268363377641876e+01 -1.727006909033516724e+00 1.890884003697507865e+01 2.465108577741948537e+01 2.121396998093118924e+01 1.598385000952660384e+01 -2.473590108666204657e+00 1.419637136524806387e+01 2.256114317960928517e+01 2.057627407380003604e+01 1.567267912187735490e+01 -2.004180125123694367e+00 1.680860934334212331e+01 2.274312896517009364e+01 2.026721358656195449e+01 1.583135188986167385e+01 -2.707313458243941540e+00 1.045460001776337755e+01 1.900009627035882076e+01 1.881271597500539983e+01 1.514408184592056550e+01 -5.018084449906398348e+00 8.161092525617133830e+00 1.789028288977285541e+01 1.848968535555325587e+01 1.494577288965844986e+01 -3.539798693721651901e+00 1.091232517055209961e+01 1.852380065334697079e+01 1.836829729176499981e+01 1.508975953969307504e+01 -4.145656569615037590e+00 7.119535827203650413e+00 1.621422532414754514e+01 1.741530423115019843e+01 1.457847179221464629e+01 -5.585036261465535112e+00 5.815132080759823019e+00 1.559358532728491653e+01 1.728847564922950752e+01
0.000000000000000000e+00 0.000000000000000000e+00 1.291025801587166733e+01 3.206703846129914126e+01 2.518329755168457496e+01 1.870054059819263870e+01 -2.865557475345151595e+00 1.911980701824398565e+01 2.577731925385554490e+01 2.283835300697033688e+01 1.815228734447785186e+01 -3.814048779716015858e+00 1.408507288223992404e+01 2.346015477195056320e+01 2.208977840351303712e+01 1.776942523702705401e+01 -3.099080473892030785e+00 1.701530954181820832e+01 2.377452217189171435e+01 2.179404185450302833e+01 1.791035568662863398e+01 -3.880219248555665246e+00 1.027589376363585316e+01 1.970838956630994332e+01 2.015452502991337269e+01 1.710336823778485282e+01 -6.342486513053907871e+00 7.825408830244364289e+00 1.848968535555325587e+01 1.978398467389871485e+01 1.687716809930350337e+01 -4.741087718732163836e+00 1.084206588839931840e+01 1.925790914165852996e+01 1.968539328621972118e+01 1.700872899538322969e+01 -5.278539962599834823e+00 6.823949083292401241e+00 1.676233896417087266e+01 1.862749182341642395e+01 1.643163216090783507e+01 -6.828879152760372939e+00 5.423170940377055160e+00 1.608353668262269309e+01 1.848006693859114336e+01
0.000000000000000000e+00 0.000000000000000000e+00 1.021794794249779592e+01 2.637308236420572172e+01 2.193529869584471825e+01 1.840373956894302410e+01 -2.238503049415001112e+00 1.511100175429580261e+01 2.098025062742231128e+01 1.968141151700220703e+01 1.761849237190748951e+01 -3.078826959223388560e+00 1.113044163249885621e+01 1.905602074018425540e+01 1.899175318930896239e+01 1.722576049447448909e+01 -2.462104464462226083e+00 1.339398211015257090e+01 1.923851389989226490e+01 1.862715294448932823e+01 1.713549855346439443e+01 -3.139740499279802144e+00 8.077783393772609344e+00 1.591880886272570450e+01 1.718228641908900656e+01 1.635815376516193353e+01 -5.059288331791912618e+00 6.170522033126434103e+00 1.494577288965844986e+01 1.687716809930350337e+01 1.617573328811143085e+01 -3.819097502341503247e+00 8.498882181304384886e+00 1.551013294263680287e+01 1.670250007696748540e+01 1.611363171055725019e+01 -4.224458543410260170e+00 5.364394209858032170e+00 1.351078142874390942e+01 1.581699088853095247e+01 1.562022126839280745e+01 -5.433470185497330185e+00 4.285461906618985850e+00 1.299054664052447094e+01 1.571846288933379654e+01
0.000000000000000000e+00 0.000000000000000000e+00 -1.604908865567734821e+00 -9.372323407133585249e+00 -6.816687952609306045e+00 -4.200096351885188817e+00 8.992858721939372302e+00 -2.174499781572799773e+00 -6.314534358687378557e+00 -5.703116612008885866e+00 -4.028116286629066956e+00 1.019804755631078308e+01 4.530830357171143352e-01 -5.001261882210065401e+00 -5.206508464041885276e+00 -3.767972033371100427e+00 8.446339464823562793e+00 -2.379637323770514179e+00 -6.330367553486000887e+00 -5.934761839092502989e+00 -4.503674434485917644e+00 8.740972128796459018e+00 8.336905308116304703e-01 -4.324238426673870705e+00 -5.071879394660599338e+00 -4.047694579576033291e+00 1.012322676965341017e+01 2.244794268504246570e+00 -3.539798693721651901e+00 -4.741087718732163836e+00 -3.819097502341503247e+00 9.012854989973929420e+00 -1.686457900208647165e-01 -4.760200706291161765e+00 -5.370382332665919911e+00 -4.438268549753637160e+00 8.520979356680674854e+00 1.866849242225973704e+00 -3.433685840349808505e+00 -4.740182190947075824e+00 -4.032106989773157402e+00 9.524302123727229841e+00 2.776607179795532510e+00 -2.901808884267079058e+00 -4.497030538995439919e+00
0.000000000000000000e+00 0.000000000000000000e+00 7.920462191891523673e+00 1.764045148474735925e+01 1.337113065727112371e+01 9.234615535518040375e+00 9.694021992452115377e-01 1.202137980351381863e+01 1.466850665520432351e+01 1.235148708966357844e+01 9.069312907264851731e+00 8.123276450561758288e-01 9.500135351759366742e+00 1.360245416775699034e+01 1.204970831901773920e+01 8.928867392861802088e+00 6.772948160184423250e-01 1.062240655887888607e+01 1.346517643483664628e+01 1.173541219917821721e+01 8.923264893670527442e+00 3.437672567294755011e-01 7.142225546663732771e+00 1.146855326260216401e+01 1.098502771383265042e+01 8.583606604515953364e+00 -8.863675096882823734e-01 5.934345516308798807e+00 1.091232517055209961e+01 1.084206588839931840e+01 8.498882181304384886e+00 -1.686457900208647165e-01 7.235059463670276081e+00 1.108173068132128236e+01 1.066027496474723257e+01 8.500074644376681476e+00 -6.745360023493263135e-01 5.170803472561646075e+00 9.858060991204508738e+00 1.017356692614760227e+01 8.251158303347956746e+00 -1.409220623399134897e+00 4.503300030270033893e+00 9.560666278486220193e+00 1.013544231104282289e+01
0.000000000000000000e+00 0.000000000000000000e+00 1.296037338218190804e+01 3.186904516814168531e+01 2.430131532690487006e+01 1.696491829775911953e+01 -2.975638146525510397e+00 1.940419209144844714e+01 2.572316279363077385e+01 2.212422385182978957e+01 1.657078050112068723e+01 -3.846123306897773375e+00 1.426686634537157161e+01 2.342091934378621332e+01 2.140579785770252386e+01 1.621692210480495788e+01 -3.165185224335696823e+00 1.734297245046307978e+01 2.383344639633594753e+01 2.123206044994293862e+01 1.651014297787506280e+01 -3.862585976684106193e+00 1.046092461072002244e+01 1.976305625642674357e+01 1.963717544556973849e+01 1.574775695880651405e+01 -6.404652696711516491e+00 7.934734551157195170e+00 1.852380065334697079e+01 1.925790914165852996e+01 1.551013294263680287e+01 -4.760200706291161765e+00 1.108173068132128236e+01 1.936503838978673997e+01 1.925171432197321764e+01 1.576696682013533035e+01 -5.299211595646910133e+00 6.948081872797793324e+00 1.683599696820455804e+01 1.819301416547806838e+01 1.518651153476883664e+01 -6.904187138896706877e+00 5.492368143148450343e+00 1.612617672479315800e+01 1.802331988919946681e+01
0.000000000000000000e+00 0.000000000000000000e+00 1.272492194871416515e+01 3.213868087045514699e+01 2.511953148458963270e+01 1.848775788357792749e+01 -3.567823115902261311e+00 1.891648837541732675e+01 2.572252938702785841e+01 2.273575056763955970e+01 1.794500488109451908e+01 -4.559530754469055758e+00 1.374926226597205314e+01 2.333660497128090938e+01 2.195658651762598623e+01 1.754584851834695058e+01 -3.739464606773400757e+00 1.689714343067064561e+01 2.379533193676786240e+01 2.176529169310573408e+01 1.778076749583707539e+01 -4.488407303306375162e+00 1.000465789015264662e+01 1.963614871364324088e+01 2.008292465395523152e+01 1.694921413613265671e+01 -7.031839204295732060e+00 7.471433272930100955e+00 1.836829729176499981e+01 1.968539328621972118e+01 1.670250007696748540e+01 -5.370382332665919911e+00 1.066027496474723257e+01 1.925171432197321764e+01 1.967071607825542401e+01 1.691253521798951809e+01 -5.851771184977554441e+00 6.532224561446975386e+00 1.668518766121528429e+01 1.857391971519032481e+01 1.630580889843643178e+01 -7.465519195426756127e+00 5.071885835945958654e+00 1.596688225066210798e+01 1.840118260282094909e+01
