0.000000000000000000e+00 0.000000000000000000e+00 0.000000000000000000e+00 0.000000000000000000e+00 0.000000000000000000e+00 0.000000000000000000e+00 0.000000000000000000e+00 0.000000000000000000e+00 0.000000000000000000e+00 0.000000000000000000e+00 0.000000000000000000e+00 0.000000000000000000e+00 0.000000000000000000e+00 0.000000000000000000e+00 0.000000000000000000e+00 0.000000000000000000e+00 0.000000000000000000e+00 0.000000000000000000e+00 0.000000000000000000e+00 0.000000000000000000e+00 0.000000000000000000e+00 0.000000000000000000e+00 0.000000000000000000e+00 0.000000000000000000e+00 0.000000000000000000e+00 0.000000000000000000e+00 0.000000000000000000e+00 0.000000000000000000e+00 0.000000000000000000e+00 0.000000000000000000e+00 0.000000000000000000e+00 0.000000000000000000e+00 0.000000000000000000e+00 0.000000000000000000e+00 0.000000000000000000e+00 0.000000000000000000e+00 0.000000000000000000e+00 0.000000000000000000e+00 0.000000000000000000e+00 0.000000000000000000e+00 0.000000000000000000e+00 0.000000000000000000e+00 0.000000000000000000e+00 0.000000000000000000e+00 0.000000000000000000e+00
0.000000000000000000e+00 0.000000000000000000e+00 0.000000000000000000e+00 0.000000000000000000e+00 0.000000000000000000e+00 0.000000000000000000e+00 0.000000000000000000e+00 0.000000000000000000e+00 0.000000000000000000e+00 0.000000000000000000e+00 0.000000000000000000e+00 0.000000000000000000e+00 0.000000000000000000e+00 0.000000000000000000e+00 0.000000000000000000e+00 0.000000000000000000e+00 0.000000000000000000e+00 0.000000000000000000e+00 0.000000000000000000e+00 0.000000000000000000e+00 0.000000000000000000e+00 0.000000000000000000e+00 0.000000000000000000e+00 0.000000000000000000e+00 0.000000000000000000e+00 0.000000000000000000e+00 0.000000000000000000e+00 0.000000000000000000e+00 0.000000000000000000e+00 0.000000000000000000e+00 0.000000000000000000e+00 0.000000000000000000e+00 0.000000000000000000e+00 0.000000000000000000e+00 0.000000000000000000e+00 0.000000000000000000e+00 0.000000000000000000e+00 0.000000000000000000e+00 0.000000000000000000e+00 0.000000000000000000e+00 0.000000000000000000e+00 0.000000000000000000e+00 0.000000000000000000e+00 0.000000000000000000e+00 0.000000000000000000e+00
0.000000000000000000e+00 0.000000000000000000e+00 1.039649186488610511e+01 1.533367690668780448e+01 9.271912957378621201e+00 3.006161373523232427e+00 -4.288452131484767338e-01 1.418753039301909524e+01 1.402376100065367481e+01 9.184114461572780996e+00 3.153248873905948102e+00 -1.000389722880829613e+00 1.119859496752574834e+01 1.300824244598923585e+01 8.924633830558649450e+00 3.106801277471640699e+00 -1.287383489557639482e+00 1.658326600383455940e+01 1.598693779874597887e+01 1.025335070895456546e+01 3.477618877426348121e+00 -2.286386833694233900e+00 1.188800821157838250e+01 1.426905086710173798e+01 9.758447542207402847e+00 3.357642173669242780e+00 -5.328374063176605446e+00 9.575822022409687051e+00 1.329606061571988995e+01 9.378646519139886450e+00 3.234729206034450133e+00 -4.316309165338712894e+00 1.420907814890636622e+01 1.574680231224714433e+01 1.051487710251348595e+01 3.594844652701282062e+00 -5.823136692761676336e+00 1.026141422150754501e+01 1.411481600497407385e+01 9.881042102446471631e+00 3.375410700440176104e+00 -7.927800726804956177e+00 8.495463244044547224e+00 1.321290401087429345e+01 9.455815033602050335e+00
0.000000000000000000e+00 0.000000000000000000e+00 1.533367690668780448e+01 2.533432980322068317e+01 1.546947779597263661e+01 5.174581877883317027e+00 -7.463825815076631898e+00 2.148671451482877970e+01 2.256240103419371934e+01 1.508533537282515802e+01 5.369629086010473173e+00 -7.398987512542832157e+00 1.597950107185084434e+01 2.060039477033970812e+01 1.454334535372297665e+01 5.258117546618653826e+00 -1.034147098548712407e+01 2.553116395725605514e+01 2.599454790043909469e+01 1.699753766756725781e+01 5.969847476656837237e+00 -1.062664583475165259e+01 1.680394530939864595e+01 2.269218640423623157e+01 1.599475421317430701e+01 5.713380490425862490e+00 -1.601046690366721492e+01 1.253212239448565768e+01 2.087851140826991525e+01 1.528305363412100881e+01 5.479463859634869038e+00 -1.570596102928386273e+01 2.095638784597337079e+01 2.539229968421126316e+01 1.739882562016460099e+01 6.165453798965803145e+00 -1.752015066669082444e+01 1.362232805775161637e+01 2.233533389604814801e+01 1.620262478221271252e+01 5.748386017879092869e+00 -2.132983754211920413e+01 1.035995734446334637e+01 2.068646822463994539e+01 1.542797891820244871e+01
0.000000000000000000e+00 0.000000000000000000e+00 9.271912957378621201e+00 1.546947779597263661e+01 9.713105860771252154e+00 3.450170799071363259e+00 -4.162445115976545651e+00 1.294377776766547505e+01 1.373661897363721351e+01 9.436034722574767386e+00 3.557123827964081997e+00 -4.233242502499749094e+00 9.673646699811552452e+00 1.254595746692104186e+01 9.094435297931934059e+00 3.483918320091025755e+00 -5.861582748376307883e+00 1.532603843555738621e+01 1.576340404144933949e+01 1.057557947414086819e+01 3.917298086299326076e+00 -6.165217196704495528e+00 1.015124149929144792e+01 1.377279767534183286e+01 9.950983270701939887e+00 3.752620895815789837e+00 -9.344699115633103403e+00 7.634742359097335118e+00 1.269034516134935409e+01 9.517384217035765204e+00 3.605523524758248222e+00 -9.137549379249573889e+00 1.259535838695284404e+01 1.537012550766078967e+01 1.078641955202915170e+01 4.023006153215848535e+00 -1.025479117463604695e+01 8.274102778400791891e+00 1.354629968830698061e+01 1.005814024334548762e+01 3.761333929885063654e+00 -1.249858381976651067e+01 6.360291356032821142e+00 1.257113411494007238e+01 9.590782656266787498e+00
0.000000000000000000e+00 0.000000000000000000e+00 3.006161373523232427e+00 5.174581877883317027e+00 3.450170799071363259e+00 1.390111003569652448e+00 -1.103082219991864399e+00 4.204147013701094338e+00 4.562765253026765500e+00 3.320891496970981294e+00 1.413548781715574965e+00 -1.198965152374146026e+00 3.173430782985173781e+00 4.168928230231301768e+00 3.196978575890761398e+00 1.383835711494490806e+00 -1.617893279812806062e+00 4.948222465826164651e+00 5.196278187234373291e+00 3.683619801823802664e+00 1.530265912585649701e+00 -1.792037131147884210e+00 3.323555149138922360e+00 4.547702409353914454e+00 3.463049759025202068e+00 1.466988324527810583e+00 -2.786721566894088564e+00 2.544605590375433213e+00 4.202713226352194020e+00 3.317799694986734327e+00 1.413705496111166360e+00 -2.696387615749137545e+00 4.084478389045644420e+00 5.049245029023950337e+00 3.728713561688973499e+00 1.554297253650848587e+00 -3.063540699746131413e+00 2.747016147871922609e+00 4.468138922762605603e+00 3.484917810875239663e+00 1.459940623121712022e+00 -3.764703385196177976e+00 2.159536228609663766e+00 4.163110986901792820e+00 3.332040534482358485e+00
0.000000000000000000e+00 0.000000000000000000e+00 -4.288452131484767338e-01 -7.463825815076631898e+00 -4.162445115976545651e+00 -1.103082219991864399e+00 2.827123025510507404e+01 -2.170348561730291448e-01 -4.959355400854660978e+00 -3.540395602646932538e+00 -1.110486866743947365e+00 2.457966178207350794e+01 3.591425081071277781e+00 -3.488769330753777265e+00 -3.082374094902336381e+00 -1.000083520783905167e+00 3.512346629207768700e+01 -1.476325304937352367e+00 -6.636867116134463451e+00 -4.614467277476479445e+00 -1.519766166979648947e+00 3.084187809108791356e+01 4.853213571476385546e+00 -4.148483295540322580e+00 -3.820049372624923389e+00 -1.316193807942202421e+00 3.344743351128309428e+01 7.874601775540569726e+00 -2.895846751803105246e+00 -3.356948563371081384e+00 -1.169811512512941132e+00 3.872944717366767975e+01 2.669157530342969764e+00 -5.794528753228974871e+00 -4.752101723819793122e+00 -1.661315275446607176e+00 3.726369480675806045e+01 8.007791496959237421e+00 -3.640107446697781857e+00 -3.960785507220698332e+00 -1.406234709796522875e+00 3.919208831083629008e+01 1.027881450405698871e+01 -2.573721548898209033e+00 -3.497731953549940709e+00
0.000000000000000000e+00 0.000000000000000000e+00 1.418753039301909524e+01 2.148671451482877970e+01 1.294377776766547505e+01 4.204147013701094338e+00 -2.170348561730291448e-01 2.002631098842974922e+01 1.961642868857887478e+01 1.278660825306935500e+01 4.393361659509241512e+00 -9.677182054278363754e-01 1.579572369126576348e+01 1.817835649718476532e+01 1.241055515816169930e+01 4.322504211563571452e+00 -1.218561939268853811e+00 2.354297568545774766e+01 2.244091696641307010e+01 1.431108662936882503e+01 4.852618004257839956e+00 -2.427627071141375215e+00 1.690402331084994358e+01 2.000901012355008035e+01 1.359607048248661165e+01 4.674185177745838082e+00 -6.862806438417790034e+00 1.361644910719089907e+01 1.862891839715405595e+01 1.305434010225966546e+01 4.498707640485119619e+00 -5.269119870815725193e+00 2.029102567031253912e+01 2.214185277634478766e+01 1.468177134248531246e+01 5.012140310952181821e+00 -7.316410720798489642e+00 1.468610722749894215e+01 1.982452291675219769e+01 1.377422893196322917e+01 4.697472568002656779e+00 -1.044132261409093942e+01 1.215770253903255593e+01 1.853739243181745877e+01 1.316958661868123492e+01
0.000000000000000000e+00 0.000000000000000000e+00 1.402376100065367481e+01 2.256240103419371934e+01 1.373661897363721351e+01 4.562765253026765500e+00 -4.959355400854660978e+00 1.961642868857887478e+01 2.024317739249969250e+01 1.345031713439182219e+01 4.744876200883461514e+00 -5.150617288550143336e+00 1.484812158669391913e+01 1.856502814206280050e+01 1.299578511475041687e+01 4.653625573269892790e+00 -7.132330273093089090e+00 2.322109609104859729e+01 2.326469263754813710e+01 1.511978944990464768e+01 5.261941214565806213e+00 -7.712316907130559507e+00 1.568676295899036610e+01 2.043762317943789597e+01 1.427240157180563251e+01 5.046792682320558221e+00 -1.244364952174092664e+01 1.199105463610752409e+01 1.887229130253480847e+01 1.365943667813422380e+01 4.846210805552537693e+00 -1.179781971113537686e+01 1.932850757833352517e+01 2.278812276945006943e+01 1.548667034040679447e+01 5.433352764720482675e+00 -1.358642099436392670e+01 1.299690496774304016e+01 2.015347768639889381e+01 1.445761864026152921e+01 5.075113710806702372e+00 -1.692858310521085130e+01 1.017169268556992989e+01 1.872166020433328271e+01 1.378556249313157345e+01
0.000000000000000000e+00 0.000000000000000000e+00 9.184114461572780996e+00 1.508533537282515802e+01 9.436034722574767386e+00 3.320891496970981294e+00 -3.540395602646932538e+00 1.278660825306935500e+01 1.345031713439182219e+01 9.190948725056149016e+00 3.430186230040757511e+00 -3.685788903439625841e+00 9.638249717246448967e+00 1.231178724864017937e+01 8.869261402725484800e+00 3.362469893506538909e+00 -5.078638393414667718e+00 1.511133340113203971e+01 1.541793219615464672e+01 1.029261833362203760e+01 3.775632224259660052e+00 -5.483205229102550149e+00 1.013612893360842371e+01 1.351301069882829786e+01 9.701574815339299107e+00 3.621026163900195716e+00 -8.564254125275999385e+00 7.713505527356057101e+00 1.247236599016451031e+01 9.286180888800053879e+00 3.480908445839602461e+00 -8.243101359635648606e+00 1.250279105856306394e+01 1.505478834184473946e+01 1.050505424251575270e+01 3.879286385488354139e+00 -9.396319396093559817e+00 8.347310403479589525e+00 1.330306293743678481e+01 9.807912800144093168e+00 3.629787179522884877e+00 -1.156734999668371167e+01 6.503939763365378823e+00 1.236258866078809149e+01 9.358024371266521868e+00
0.000000000000000000e+00 0.000000000000000000e+00 3.153248873905948102e+00 5.369629086010473173e+00 3.557123827964081997e+00 1.413548781715574965e+00 -1.110486866743947365e+00 4.393361659509241512e+00 4.744876200883461514e+00 3.430186230040757511e+00 1.440125222372477642e+00 -1.213033560176415726e+00 3.323650417468716700e+00 4.338690076553000985e+00 3.304078403182379109e+00 1.410393770280583547e+00 -1.637658162893424807e+00 5.168237927852501912e+00 5.404220192305636772e+00 3.806857344560500955e+00 1.560890667590988601e+00 -1.827398543200538628e+00 3.482119566960049539e+00 4.734260699234056347e+00 3.581568991082678899e+00 1.496995736253997178e+00 -2.860985589812466756e+00 2.672470142970877927e+00 4.376669547282027395e+00 3.431863356251342090e+00 1.442573799770645593e+00 -2.756976974949199910e+00 4.272813924177813583e+00 5.254905226042726696e+00 3.856881602197594461e+00 1.587192091598679911e+00 -3.147485160188985276e+00 2.882983076947901235e+00 4.652815993564807684e+00 3.605736828062284349e+00 1.490778930327500307e+00 -3.874732158955751515e+00 2.272004507761374636e+00 4.335916929902960071e+00 3.447554617525779186e+00
0.000000000000000000e+00 0.000000000000000000e+00 -1.000389722880829613e+00 -7.398987512542832157e+00 -4.233242502499749094e+00 -1.198965152374146026e+00 2.457966178207350794e+01 -9.677182054278363754e-01 -5.150617288550143336e+00 -3.685788903439625841e+00 -1.213033560176415726e+00 2.157905864212980163e+01 2.495742692729692624e+00 -3.822474358104856140e+00 -3.275851902121998727e+00 -1.115205676635933951e+00 3.067416044886767779e+01 -2.129200830414803125e+00 -6.681177005195140239e+00 -4.660718723162506016e+00 -1.580081439341914473e+00 2.724732802801312914e+01 3.615140349386312568e+00 -4.434291268411286069e+00 -3.946608341747439574e+00 -1.397325063145270052e+00 2.963953426920691925e+01 6.341701611621584078e+00 -3.302960744945647509e+00 -3.527122852897983218e+00 -1.263973530150346081e+00 3.423525974843030184e+01 1.643764060749321132e+00 -5.914991730973599537e+00 -4.781659239490842594e+00 -1.704238761323039864e+00 3.307462368268569008e+01 6.460925355181730723e+00 -3.968849955357250714e+00 -4.065005549456559564e+00 -1.471383396033372870e+00 3.481580346653255020e+01 8.500824432881293191e+00 -3.005196978219612625e+00 -3.644377265292849888e+00
0.000000000000000000e+00 0.000000000000000000e+00 1.119859496752574834e+01 1.597950107185084434e+01 9.673646699811552452e+00 3.173430782985173781e+00 3.591425081071277781e+00 1.579572369126576348e+01 1.484812158669391913e+01 9.638249717246448967e+00 3.323650417468716700e+00 2.495742692729692624e+00 1.297027559342360981e+01 1.391412967531258893e+01 9.405163316086559533e+00 3.283371260363091793e+00 3.707791593924979701e+00 1.839154361017038752e+01 1.684735659249825801e+01 1.069407026318591747e+01 3.629852795896885365e+00 2.153086887409304317e+00 1.400681923484098945e+01 1.526796136495621958e+01 1.023997471494772782e+01 3.517700496757100836e+00 -9.833798992071387524e-01 1.182214912256799089e+01 1.434974481141425962e+01 9.876227763271547389e+00 3.399422114247820925e+00 9.802156769902118372e-01 1.637781697264032132e+01 1.672468085175923846e+01 1.096809007271198233e+01 3.736739773962354239e+00 -8.485781084375221273e-01 1.267931884669179787e+01 1.519001685620255415e+01 1.036100734368828569e+01 3.523691531220230377e+00 -3.044136372731609086e+00 1.099371633413739069e+01 1.431978380041634402e+01 9.947391122029518584e+00
0.000000000000000000e+00 0.000000000000000000e+00 1.300824244598923585e+01 2.060039477033970812e+01 1.254595746692104186e+01 4.168928230231301768e+00 -3.488769330753777265e+00 1.817835649718476532e+01 1.856502814206280050e+01 1.231178724864017937e+01 4.338690076553000985e+00 -3.822474358104856140e+00 1.391412967531258893e+01 1.707430474936313303e+01 1.191185719087744666e+01 4.259487244445033127e+00 -5.236373544509551614e+00 2.146243812696322806e+01 2.129515830893117823e+01 1.381270818482077445e+01 4.799751910679464828e+00 -5.967639318520939540e+00 1.473836468800172739e+01 1.878345022292645794e+01 1.306388916121761845e+01 4.610103121887998867e+00 -1.024003670615570272e+01 1.143743610613250361e+01 1.738643702613965303e+01 1.251655263521594996e+01 4.431027608779175786e+00 -9.429769391632255804e+00 1.802083588219508670e+01 2.089156051030502326e+01 1.414850644813022384e+01 4.952965583192899146e+00 -1.115868386761900588e+01 1.237309601834186878e+01 1.854210209496846673e+01 1.323023046673084302e+01 4.632821816874227672e+00 -1.417252207834579636e+01 9.848932218332100419e+00 1.725993032126828197e+01 1.262779864219608861e+01
0.000000000000000000e+00 0.000000000000000000e+00 8.924633830558649450e+00 1.454334535372297665e+01 9.094435297931934059e+00 3.196978575890761398e+00 -3.082374094902336381e+00 1.241055515816169930e+01 1.299578511475041687e+01 8.869261402725484800e+00 3.304078403182379109e+00 -3.275851902121998727e+00 9.405163316086559533e+00 1.191185719087744666e+01 8.565043788754108434e+00 3.240516803835618465e+00 -4.490613016218210518e+00 1.464749722948671362e+01 1.488265409196416478e+01 9.923314634656948741e+00 3.632983786351026811e+00 -4.951437131065857145e+00 9.903059583388822418e+00 1.306902700425078834e+01 9.363064917700427259e+00 3.486738951921558805e+00 -7.904118270494686627e+00 7.592268472646275690e+00 1.207636714685308021e+01 8.967124635721066994e+00 3.353324491687960318e+00 -7.523243359756561333e+00 1.216935688833607010e+01 1.454243597359357132e+01 1.012919991081528259e+01 3.731926439798172623e+00 -8.669472407573767470e+00 8.208377669389037123e+00 1.287232615090855248e+01 9.464926986735695991e+00 3.494217283296725096e+00 -1.074832327869730797e+01 6.450102106829289639e+00 1.197408686445297299e+01 9.035212913379192301e+00
0.000000000000000000e+00 0.000000000000000000e+00 3.106801277471640699e+00 5.258117546618653826e+00 3.483918320091025755e+00 1.383835711494490806e+00 -1.000083520783905167e+00 4.322504211563571452e+00 4.653625573269892790e+00 3.362469893506538909e+00 1.410393770280583547e+00 -1.115205676635933951e+00 3.283371260363091793e+00 4.259487244445033127e+00 3.240516803835618465e+00 1.381769280815931422e+00 -1.497089127402917219e+00 5.079297117894177482e+00 5.296075654314478243e+00 3.729000019071968097e+00 1.527484258066288181e+00 -1.702561614571880044e+00 3.442686897334077401e+00 4.646130233660631603e+00 3.510890266403553728e+00 1.465705129028676001e+00 -2.709093514188555485e+00 2.656909369042788072e+00 4.298881457190677047e+00 3.365508405075063436e+00 1.412874455923523342e+00 -2.589090510222562980e+00 4.212126373103803445e+00 5.152142842150038149e+00 3.778083604718636135e+00 1.552945792691846849e+00 -2.980559250199069865e+00 2.863927568642269605e+00 4.567698221339901998e+00 3.534258650338978125e+00 1.459313384907004130e+00 -3.688119684393213138e+00 2.271100087956025249e+00 4.259809985601265225e+00 3.380459951336882707e+00
0.000000000000000000e+00 0.000000000000000000e+00 -1.287383489557639482e+00 -1.034147098548712407e+01 -5.861582748376307883e+00 -1.617893279812806062e+00 3.512346629207768700e+01 -1.218561939268853811e+00 -7.132330273093089090e+00 -5.078638393414667718e+00 -1.637658162893424807e+00 3.067416044886767779e+01 3.707791593924979701e+00 -5.236373544509551614e+00 -4.490613016218210518e+00 -1.497089127402917219e+00 4.376787385137753716e+01 -2.894238536574965437e+00 -9.323544722154153419e+00 -6.477483214083678220e+00 -2.168018528367334330e+00 3.865556487337471481e+01 5.283414409430410963e+00 -6.115574090477651659e+00 -5.455014429847326873e+00 -1.906615929564766443e+00 4.206801481802931875e+01 9.179432621674305182e+00 -4.497448012992128596e+00 -4.853920099626559903e+00 -1.715651277982757072e+00 4.862146256826179780e+01 2.457259546160836639e+00 -8.239870495747789292e+00 -6.657325630311019538e+00 -2.351145330328874739e+00 4.692207959016563024e+01 9.340931317548298196e+00 -5.457889804226166319e+00 -5.631559754155108344e+00 -2.018383402585937070e+00 4.941527870372010511e+01 1.226365400242382542e+01 -4.078920364316636515e+00 -5.028442262881371860e+00
0.000000000000000000e+00 0.000000000000000000e+00 1.658326600383455940e+01 2.553116395725605514e+01 1.532603843555738621e+01 4.948222465826164651e+00 -1.476325304937352367e+00 2.354297568545774766e+01 2.322109609104859729e+01 1.511133340113203971e+01 5.168237927852501912e+00 -2.129200830414803125e+00 1.839154361017038752e+01 2.146243812696322806e+01 1.464749722948671362e+01 5.079297117894177482e+00 -2.894238536574965437e+00 2.778402408898031695e+01 2.664226972530700621e+01 1.696171903681973347e+01 5.728318656627590322e+00 -4.018274816794181525e+00 1.968676784821173698e+01 2.366830707477013007e+01 1.608349568519978590e+01 5.508277905905729632e+00 -9.393134205746090259e+00 1.567068062350930546e+01 2.198436599925481616e+01 1.542406814851016428e+01 5.295403373948571968e+00 -7.702213067359235055e+00 2.380948342887142388e+01 2.627172616632991975e+01 1.741146596505792132e+01 5.923104622699137956e+00 -1.002610954189517756e+01 1.695881307274250460e+01 2.344287458584224737e+01 1.630572320780832740e+01 5.541372240970141583e+00 -1.383531543710735789e+01 1.386487642863704117e+01 2.187387767278628914e+01 1.557171091714873334e+01
0.000000000000000000e+00 0.000000000000000000e+00 1.598693779874597887e+01 2.599454790043909469e+01 1.576340404144933949e+01 5.196278187234373291e+00 -6.636867116134463451e+00 2.244091696641307010e+01 2.326469263754813710e+01 1.541793219615464672e+01 5.404220192305636772e+00 -6.681177005195140239e+00 1.684735659249825801e+01 2.129515830893117823e+01 1.488265409196416478e+01 5.296075654314478243e+00 -9.323544722154153419e+00 2.664226972530700621e+01 2.679857846476951622e+01 1.737293602944279058e+01 6.011970564944979500e+00 -9.770464504856530397e+00 1.779282739928893875e+01 2.347913395641515422e+01 1.637688256043286472e+01 5.759044002744504454e+00 -1.530492375136918781e+01 1.344587302625226855e+01 2.164153464296552443e+01 1.565881456522034298e+01 5.524939663614505392e+00 -1.471673268563002956e+01 2.206397791614870485e+01 2.624108113287092792e+01 1.780608334428340456e+01 6.215397499723236407e+00 -1.670784194206363793e+01 1.461359105495086297e+01 2.314730128504632134e+01 1.660017831676027811e+01 5.797368841898163261e+00 -2.063003651433681185e+01 1.128630428738626534e+01 2.146588227898750034e+01 1.581363043583332306e+01
0.000000000000000000e+00 0.000000000000000000e+00 1.025335070895456546e+01 1.699753766756725781e+01 1.057557947414086819e+01 3.683619801823802664e+00 -4.614467277476479445e+00 1.431108662936882503e+01 1.511978944990464768e+01 1.029261833362203760e+01 3.806857344560500955e+00 -4.660718723162506016e+00 1.069407026318591747e+01 1.381270818482077445e+01 9.923314634656948741e+00 3.729000019071968097e+00 -6.477483214083678220e+00 1.696171903681973347e+01 1.737293602944279058e+01 1.155598602217842341e+01 4.204740288603313836e+00 -6.789373877902461274e+00 1.123719334997606367e+01 1.518386012240629412e+01 1.087805185764592864e+01 4.027933854120470336e+00 -1.031707801083817877e+01 8.445093568726644406e+00 1.398752995671098098e+01 1.040213601368858498e+01 3.868300034455184999e+00 -1.006472616021808619e+01 1.395358352453370188e+01 1.695749157566253729e+01 1.180419458820905021e+01 4.326769512948311025e+00 -1.132049582825365519e+01 9.161641322122211051e+00 1.494312199483154124e+01 1.100535898430983295e+01 4.042619580106320498e+00 -1.381232203760755439e+01 7.034319645018112688e+00 1.386123202950204103e+01 1.049001664426961966e+01
0.000000000000000000e+00 0.000000000000000000e+00 3.477618877426348121e+00 5.969847476656837237e+00 3.917298086299326076e+00 1.530265912585649701e+00 -1.519766166979648947e+00 4.852618004257839956e+00 5.261941214565806213e+00 3.775632224259660052e+00 1.560890667590988601e+00 -1.580081439341914473e+00 3.629852795896885365e+00 4.799751910679464828e+00 3.632983786351026811e+00 1.527484258066288181e+00 -2.168018528367334330e+00 5.728318656627590322e+00 6.011970564944979500e+00 4.204740288603313836e+00 1.699456723241177469e+00 -2.314863416310400268e+00 3.796023172140302826e+00 5.247665640538830445e+00 3.949697337627622318e+00 1.627836284250326004e+00 -3.490276428656601482e+00 2.865541704880505858e+00 4.838958015001248114e+00 3.779813227355647509e+00 1.566746124533732409e+00 -3.426610082127286017e+00 4.697639443158232453e+00 5.843061662278372204e+00 4.265390951103284145e+00 1.731983149206670847e+00 -3.842039492923539967e+00 3.098647698665050854e+00 5.154509480150631262e+00 3.980385534812726611e+00 1.623841057137638488e+00 -4.670422736610070125e+00 2.395124542605500562e+00 4.791602991101571618e+00 3.800641232535335146e+00
0.000000000000000000e+00 0.000000000000000000e+00 -2.286386833694233900e+00 -1.062664583475165259e+01 -6.165217196704495528e+00 -1.792037131147884210e+00 3.084187809108791356e+01 -2.427627071141375215e+00 -7.712316907130559507e+00 -5.483205229102550149e+00 -1.827398543200538628e+00 2.724732802801312914e+01 2.153086887409304317e+00 -5.967639318520939540e+00 -4.951437131065857145e+00 -1.702561614571880044e+00 3.865556487337471481e+01 -4.018274816794181525e+00 -9.770464504856530397e+00 -6.789373877902461274e+00 -2.314863416310400268e+00 3.467343047740357065e+01 3.564409771365333324e+00 -6.820675296752822803e+00 -5.859783646864859641e+00 -2.078576379783168449e+00 3.788087626281840414e+01 7.158017595090000462e+00 -5.327210082570300820e+00 -5.303862281242178511e+00 -1.901260882481783154e+00 4.359796520963025301e+01 9.555790921120796977e-01 -8.778299968735101544e+00 -6.963009232865054798e+00 -2.482575180412526894e+00 4.238393654892567497e+01 7.299014444698263659e+00 -6.213925528357867378e+00 -6.016475969599924589e+00 -2.173187643097423738e+00 4.468131325345901672e+01 9.981612201729985756e+00 -4.937869199388204677e+00 -5.454816893820766843e+00
0.000000000000000000e+00 0.000000000000000000e+00 1.188800821157838250e+01 1.680394530939864595e+01 1.015124149929144792e+01 3.323555149138922360e+00 4.853213571476385546e+00 1.690402331084994358e+01 1.568676295899036610e+01 1.013612893360842371e+01 3.482119566960049539e+00 3.615140349386312568e+00 1.400681923484098945e+01 1.473836468800172739e+01 9.903059583388822418e+00 3.442686897334077401e+00 5.283414409430410963e+00 1.968676784821173698e+01 1.779282739928893875e+01 1.123719334997606367e+01 3.796023172140302826e+00 3.564409771365333324e+00 1.521114491683417391e+01 1.618976617344141289e+01 1.077948258849560581e+01 3.682704889794524483e+00 2.611858710355054458e-01 1.296575747253805666e+01 1.524711112033391558e+01 1.040568995924124884e+01 3.561618548380580229e+00 2.609196285141122118e+00 1.771432480859638403e+01 1.771199769908551858e+01 1.153391837372301865e+01 3.905792573425682868e+00 6.049479463702509552e-01 1.392762351381985297e+01 1.614008810996998378e+01 1.091045327366536455e+01 3.686968926470676866e+00 -1.724502609951372945e+00 1.218603877221728382e+01 1.523912552199957560e+01 1.048246847697195427e+01
0.000000000000000000e+00 0.000000000000000000e+00 1.426905086710173798e+01 2.269218640423623157e+01 1.377279767534183286e+01 4.547702409353914454e+00 -4.148483295540322580e+00 2.000901012355008035e+01 2.043762317943789597e+01 1.351301069882829786e+01 4.734260699234056347e+00 -4.434291268411286069e+00 1.526796136495621958e+01 1.878345022292645794e+01 1.306902700425078834e+01 4.646130233660631603e+00 -6.115574090477651659e+00 2.366830707477013007e+01 2.347913395641515422e+01 1.518386012240629412e+01 5.247665640538830445e+00 -6.820675296752822803e+00 1.618976617344141289e+01 2.069131297095244904e+01 1.435302147808492279e+01 5.037228811906668824e+00 -1.157890590267955844e+01 1.251107255661343487e+01 1.913778675293642095e+01 1.374525094337972142e+01 4.839071260970051469e+00 -1.071030075618960709e+01 1.985357845261986753e+01 2.304419505854526307e+01 1.556371147947248623e+01 5.419943163772201089e+00 -1.260476157566339417e+01 1.356116816966330596e+01 2.043200901267244518e+01 1.454408714881394182e+01 5.065611625848361221e+00 -1.597239615868316598e+01 1.074354549861662989e+01 1.900349729662521270e+01 1.387472023702362023e+01
0.000000000000000000e+00 0.000000000000000000e+00 9.758447542207402847e+00 1.599475421317430701e+01 9.950983270701939887e+00 3.463049759025202068e+00 -3.820049372624923389e+00 1.359607048248661165e+01 1.427240157180563251e+01 9.701574815339299107e+00 3.581568991082678899e+00 -3.946608341747439574e+00 1.023997471494772782e+01 1.306388916121761845e+01 9.363064917700427259e+00 3.510890266403553728e+00 -5.455014429847326873e+00 1.608349568519978590e+01 1.637688256043286472e+01 1.087805185764592864e+01 3.949697337627622318e+00 -5.859783646864859641e+00 1.077948258849560581e+01 1.435302147808492279e+01 1.025480717862756030e+01 3.787550810708518512e+00 -9.151050627416841721e+00 8.191478781747500548e+00 1.324395051707538329e+01 9.813915109198218190e+00 3.639824809564780494e+00 -8.800520657512567624e+00 1.331131346726058950e+01 1.600178420572066784e+01 1.111328169157148871e+01 4.062973685488596942e+00 -1.003809539528439032e+01 8.873939875325604021e+00 1.413577385044469459e+01 1.037365526862588005e+01 3.799820147232182865e+00 -1.236038013014916359e+01 6.902026794813657773e+00 1.313100490874306203e+01 9.894868193092939634e+00
0.000000000000000000e+00 0.000000000000000000e+00 3.357642173669242780e+00 5.713380490425862490e+00 3.752620895815789837e+00 1.466988324527810583e+00 -1.316193807942202421e+00 4.674185177745838082e+00 5.046792682320558221e+00 3.621026163900195716e+00 1.496995736253997178e+00 -1.397325063145270052e+00 3.517700496757100836e+00 4.610103121887998867e+00 3.486738951921558805e+00 1.465705129028676001e+00 -1.906615929564766443e+00 5.508277905905729632e+00 5.759044002744504454e+00 4.027933854120470336e+00 1.627836284250326004e+00 -2.078576379783168449e+00 3.682704889794524483e+00 5.037228811906668824e+00 3.787550810708518512e+00 1.560400930264832065e+00 -3.193703723914898873e+00 2.803879093690623048e+00 4.650788638832652921e+00 3.626814478568073152e+00 1.502574513596389494e+00 -3.104765461975290020e+00 4.537179084638359505e+00 5.600688679721097074e+00 4.085844852043698516e+00 1.658428584853789856e+00 -3.516614946315588242e+00 3.027904794536477429e+00 4.950016561251897151e+00 3.816312807924325590e+00 1.556024068381108627e+00 -4.301345001378432009e+00 2.363718113514594599e+00 4.606715179988869480e+00 3.646001299187279443e+00
0.000000000000000000e+00 0.000000000000000000e+00 -5.328374063176605446e+00 -1.601046690366721492e+01 -9.344699115633103403e+00 -2.786721566894088564e+00 3.344743351128309428e+01 -6.862806438417790034e+00 -1.244364952174092664e+01 -8.564254125275999385e+00 -2.860985589812466756e+00 2.963953426920691925e+01 -9.833798992071387524e-01 -1.024003670615570272e+01 -7.904118270494686627e+00 -2.709093514188555485e+00 4.206801481802931875e+01 -9.393134205746090259e+00 -1.530492375136918781e+01 -1.031707801083817877e+01 -3.490276428656601482e+00 3.788087626281840414e+01 2.611858710355054458e-01 -1.157890590267955844e+01 -9.151050627416841721e+00 -3.193703723914898873e+00 4.236083826328550828e+01 4.879132528320965001e+00 -9.657730679768274484e+00 -8.429644992353450661e+00 -2.963559001227469736e+00 4.817468981464026712e+01 -3.338187016588878731e+00 -1.418182809785443510e+01 -1.059089735900047025e+01 -3.706972523630217786e+00 4.726053500330478130e+01 4.767149187399445154e+00 -1.089467420913987183e+01 -9.365145035955650954e+00 -3.303213589026080310e+00 5.047603482977885392e+01 8.239236434624260141e+00 -9.226852952513597828e+00 -8.623835410840460014e+00
0.000000000000000000e+00 0.000000000000000000e+00 9.575822022409687051e+00 1.253212239448565768e+01 7.634742359097335118e+00 2.544605590375433213e+00 7.874601775540569726e+00 1.361644910719089907e+01 1.199105463610752409e+01 7.713505527356057101e+00 2.672470142970877927e+00 6.341701611621584078e+00 1.182214912256799089e+01 1.143743610613250361e+01 7.592268472646275690e+00 2.656909369042788072e+00 9.179432621674305182e+00 1.567068062350930546e+01 1.344587302625226855e+01 8.445093568726644406e+00 2.865541704880505858e+00 7.158017595090000462e+00 1.296575747253805666e+01 1.251107255661343487e+01 8.191478781747500548e+00 2.803879093690623048e+00 4.879132528320965001e+00 1.158998662392440515e+01 1.193166464989178799e+01 7.957341790124645264e+00 2.727401600427189710e+00 7.518981941484678799e+00 1.466593030616765247e+01 1.349906070873757535e+01 8.663168305176389694e+00 2.932829761823501080e+00 5.679979668193579023e+00 1.238216101842855643e+01 1.254246453680709372e+01 8.275369672221652095e+00 2.793231651804862103e+00 4.085065883357279937e+00 1.130685940813800983e+01 1.197018876980405366e+01 7.997542028152198057e+00
0.000000000000000000e+00 0.000000000000000000e+00 1.329606061571988995e+01 2.087851140826991525e+01 1.269034516134935409e+01 4.202713226352194020e+00 -2.895846751803105246e+00 1.862891839715405595e+01 1.887229130253480847e+01 1.247236599016451031e+01 4.376669547282027395e+00 -3.302960744945647509e+00 1.434974481141425962e+01 1.738643702613965303e+01 1.207636714685308021e+01 4.298881457190677047e+00 -4.497448012992128596e+00 2.198436599925481616e+01 2.164153464296552443e+01 1.398752995671098098e+01 4.838958015001248114e+00 -5.327210082570300820e+00 1.524711112033391558e+01 1.913778675293642095e+01 1.324395051707538329e+01 4.650788638832652921e+00 -9.657730679768274484e+00 1.193166464989178799e+01 1.773773486514119213e+01 1.269554676777629609e+01 4.471789312236806424e+00 -8.666823057139440678e+00 1.857585615463417383e+01 2.126653459627836540e+01 1.433552475327378417e+01 4.993723249055971536e+00 -1.049168875616478580e+01 1.291143565124864523e+01 1.891407652335793443e+01 1.341599359138380798e+01 4.673381580831641458e+00 -1.355304839711594589e+01 1.037178395143280518e+01 1.762345639077873116e+01 1.281022815620794830e+01
0.000000000000000000e+00 0.000000000000000000e+00 9.378646519139886450e+00 1.528305363412100881e+01 9.517384217035765204e+00 3.317799694986734327e+00 -3.356948563371081384e+00 1.305434010225966546e+01 1.365943667813422380e+01 9.286180888800053879e+00 3.431863356251342090e+00 -3.527122852897983218e+00 9.876227763271547389e+00 1.251655263521594996e+01 8.967124635721066994e+00 3.365508405075063436e+00 -4.853920099626559903e+00 1.542406814851016428e+01 1.565881456522034298e+01 1.040213601368858498e+01 3.779813227355647509e+00 -5.303862281242178511e+00 1.040568995924124884e+01 1.374525094337972142e+01 9.813915109198218190e+00 3.626814478568073152e+00 -8.429644992353450661e+00 7.957341790124645264e+00 1.269554676777629609e+01 9.396492469625130184e+00 3.486864805053118577e+00 -8.034874676532268722e+00 1.280836652796257091e+01 1.530743385380087318e+01 1.062598564011160462e+01 3.886516065444169499e+00 -9.244258435539748575e+00 8.612574554870947807e+00 1.354191605386211172e+01 9.925875475694690309e+00 3.637110918758222233e+00 -1.144815500485576187e+01 6.747424713230485871e+00 1.259033433703332605e+01 9.472057026296667459e+00
0.000000000000000000e+00 0.000000000000000000e+00 3.234729206034450133e+00 5.479463859634869038e+00 3.605523524758248222e+00 1.413705496111166360e+00 -1.169811512512941132e+00 4.498707640485119619e+00 4.846210805552537693e+00 3.480908445839602461e+00 1.442573799770645593e+00 -1.263973530150346081e+00 3.399422114247820925e+00 4.431027608779175786e+00 3.353324491687960318e+00 1.412874455923523342e+00 -1.715651277982757072e+00 5.295403373948571968e+00 5.524939663614505392e+00 3.868300034455184999e+00 1.566746124533732409e+00 -1.901260882481783154e+00 3.561618548380580229e+00 4.839071260970051469e+00 3.639824809564780494e+00 1.502574513596389494e+00 -2.963559001227469736e+00 2.727401600427189710e+00 4.471789312236806424e+00 3.486864805053118577e+00 1.447451111249991929e+00 -2.860038082369708690e+00 4.374995834745752710e+00 5.374830174070940991e+00 3.923115701989949855e+00 1.595391501610430085e+00 -3.262966039710332389e+00 2.942985988798774155e+00 4.756617870447437113e+00 3.666666125786662622e+00 1.497738816093997283e+00 -4.009998529345897289e+00 2.312776445787727564e+00 4.430349767166385178e+00 3.504528391144189570e+00
0.000000000000000000e+00 0.000000000000000000e+00 -4.316309165338712894e+00 -1.570596102928386273e+01 -9.137549379249573889e+00 -2.696387615749137545e+00 3.872944717366767975e+01 -5.269119870815725193e+00 -1.179781971113537686e+01 -8.243101359635648606e+00 -2.756976974949199910e+00 3.423525974843030184e+01 9.802156769902118372e-01 -9.429769391632255804e+00 -7.523243359756561333e+00 -2.589090510222562980e+00 4.862146256826179780e+01 -7.702213067359235055e+00 -1.471673268563002956e+01 -1.006472616021808619e+01 -3.426610082127286017e+00 4.359796520963025301e+01 2.609196285141122118e+00 -1.071030075618960709e+01 -8.800520657512567624e+00 -3.104765461975290020e+00 4.817468981464026712e+01 7.518981941484678799e+00 -8.666823057139440678e+00 -8.034874676532268722e+00 -2.860038082369708690e+00 5.519928357148599218e+01 -1.082936269132976026e+00 -1.342731995185763338e+01 -1.032021263177786174e+01 -3.655970215529946721e+00 5.379333939978831580e+01 7.566757851615651731e+00 -9.921644240989376584e+00 -9.016986609473189418e+00 -3.227948075930638705e+00 5.706856613381170718e+01 1.124570663339948773e+01 -8.164178527435089094e+00 -8.238258840902906499e+00
0.000000000000000000e+00 0.000000000000000000e+00 1.420907814890636622e+01 2.095638784597337079e+01 1.259535838695284404e+01 4.084478389045644420e+00 2.669157530342969764e+00 2.029102567031253912e+01 1.932850757833352517e+01 1.250279105856306394e+01 4.272813924177813583e+00 1.643764060749321132e+00 1.637781697264032132e+01 1.802083588219508670e+01 1.216935688833607010e+01 4.212126373103803445e+00 2.457259546160836639e+00 2.380948342887142388e+01 2.206397791614870485e+01 1.395358352453370188e+01 4.697639443158232453e+00 9.555790921120796977e-01 1.771432480859638403e+01 1.985357845261986753e+01 1.331131346726058950e+01 4.537179084638359505e+00 -3.338187016588878731e+00 1.466593030616765247e+01 1.857585615463417383e+01 1.280836652796257091e+01 4.374995834745752710e+00 -1.082936269132976026e+00 2.099665258234389142e+01 2.188338473155672048e+01 1.433019453751511563e+01 4.845930523230271625e+00 -3.304474206842682005e+00 1.583043730114750858e+01 1.974576008104994074e+01 1.348885433685170199e+01 4.553676233350962832e+00 -6.354940127891326895e+00 1.346870005747939913e+01 1.853763473639400061e+01 1.292059908523135014e+01
0.000000000000000000e+00 0.000000000000000000e+00 1.574680231224714433e+01 2.539229968421126316e+01 1.537012550766078967e+01 5.049245029023950337e+00 -5.794528753228974871e+00 2.214185277634478766e+01 2.278812276945006943e+01 1.505478834184473946e+01 5.254905226042726696e+00 -5.914991730973599537e+00 1.672468085175923846e+01 2.089156051030502326e+01 1.454243597359357132e+01 5.152142842150038149e+00 -8.239870495747789292e+00 2.627172616632991975e+01 2.624108113287092792e+01 1.695749157566253729e+01 5.843061662278372204e+00 -8.778299968735101544e+00 1.771199769908551858e+01 2.304419505854526307e+01 1.600178420572066784e+01 5.600688679721097074e+00 -1.418182809785443510e+01 1.349906070873757535e+01 2.126653459627836540e+01 1.530743385380087318e+01 5.374830174070940991e+00 -1.342731995185763338e+01 2.188338473155672048e+01 2.573238615126704332e+01 1.738902542410410135e+01 6.041414808299134798e+00 -1.545268507113750012e+01 1.467110776337663935e+01 2.274180873549724780e+01 1.622358604701109286e+01 5.637777563514059231e+00 -1.928763952409426707e+01 1.144202821512890367e+01 2.110933661869518119e+01 1.546064424442098506e+01
0.000000000000000000e+00 0.000000000000000000e+00 1.051487710251348595e+01 1.739882562016460099e+01 1.078641955202915170e+01 3.728713561688973499e+00 -4.752101723819793122e+00 1.468177134248531246e+01 1.548667034040679447e+01 1.050505424251575270e+01 3.856881602197594461e+00 -4.781659239490842594e+00 1.096809007271198233e+01 1.414850644813022384e+01 1.012919991081528259e+01 3.778083604718636135e+00 -6.657325630311019538e+00 1.741146596505792132e+01 1.780608334428340456e+01 1.180419458820905021e+01 4.265390951103284145e+00 -6.963009232865054798e+00 1.153391837372301865e+01 1.556371147947248623e+01 1.111328169157148871e+01 4.085844852043698516e+00 -1.059089735900047025e+01 8.663168305176389694e+00 1.433552475327378417e+01 1.062598564011160462e+01 3.923115701989949855e+00 -1.032021263177786174e+01 1.433019453751511563e+01 1.738902542410410135e+01 1.206583399490006059e+01 4.392775445619037988e+00 -1.161998649581362919e+01 9.404852715838131871e+00 1.532181840047168464e+01 1.124818438821450073e+01 4.103040021826912742e+00 -1.418483902030354749e+01 7.215567545221082568e+00 1.420922133674048382e+01 1.071951377974126274e+01
