0.000000000000000000e+00 0.000000000000000000e+00 0.000000000000000000e+00 0.000000000000000000e+00 0.000000000000000000e+00 0.000000000000000000e+00 0.000000000000000000e+00 0.000000000000000000e+00 0.000000000000000000e+00 0.000000000000000000e+00 0.000000000000000000e+00 0.000000000000000000e+00 0.000000000000000000e+00 0.000000000000000000e+00 0.000000000000000000e+00 0.000000000000000000e+00 0.000000000000000000e+00 0.000000000000000000e+00 0.000000000000000000e+00 0.000000000000000000e+00 0.000000000000000000e+00 0.000000000000000000e+00 0.000000000000000000e+00 0.000000000000000000e+00 0.000000000000000000e+00 0.000000000000000000e+00 0.000000000000000000e+00 0.000000000000000000e+00 0.000000000000000000e+00 0.000000000000000000e+00 0.000000000000000000e+00 0.000000000000000000e+00 0.000000000000000000e+00 0.000000000000000000e+00 0.000000000000000000e+00 0.000000000000000000e+00 0.000000000000000000e+00 0.000000000000000000e+00 0.000000000000000000e+00 0.000000000000000000e+00 0.000000000000000000e+00 0.000000000000000000e+00 0.000000000000000000e+00 0.000000000000000000e+00 0.000000000000000000e+00
0.000000000000000000e+00 1.037254013817167397e+01 1.408033163886796224e+01 8.731909114274694517e+00 2.862195275530009742e+00 1.783867712183091259e+00 1.322919828404716824e+01 1.340017682954333900e+01 8.843667804250104680e+00 3.040175446857017683e+00 1.185390400394135263e-01 1.082419081872171063e+01 1.263323081565889083e+01 8.670461125912822808e+00 3.016330762530745169e+00 1.284093303823578447e+00 1.535624494675546536e+01 1.527714126196800315e+01 9.856949782429270002e+00 3.325034803231068814e+00 -2.945586595649498207e+00 1.154121925333644505e+01 1.389899208018920973e+01 9.497601677448576751e+00 3.238672116774895304e+00 -5.072454736241957640e+00 9.557516801694845299e+00 1.304031512029785844e+01 9.179708790008541897e+00 3.136296293520895784e+00 -2.808034789825526456e+00 1.360287240110471707e+01 1.528765546465073832e+01 1.020182275857123955e+01 3.440698756876288122e+00 -6.108078979935613440e+00 1.024227302992749600e+01 1.387520505290330952e+01 9.670920890175418450e+00 3.253650877344138159e+00 -7.593606085512801585e+00 8.672051369126702269e+00 1.307637199124442340e+01 9.285742012237898635e+00 3.123183364452231103e+00
0.000000000000000000e+00 1.408033163886796224e+01 2.152913394201260644e+01 1.368802543415214146e+01 4.668590388116964363e+00 -3.573920780718685464e+00 1.813181518964211136e+01 2.014692583490774425e+01 1.371926211785723559e+01 4.913738373732385867e+00 -5.340846505816146284e+00 1.406923503724414815e+01 1.877755847593703109e+01 1.338812697735472312e+01 4.858327491152337529e+00 -5.417007118361787832e+00 2.164407651908095787e+01 2.334371548175115763e+01 1.544551910420225305e+01 5.373862665058040555e+00 -1.166316048940405636e+01 1.517140406349501269e+01 2.092100867450620427e+01 1.478075704315748418e+01 5.203936984695084256e+00 -1.505705451294131869e+01 1.172624239571591076e+01 1.943056536161973824e+01 1.423760756724950305e+01 5.032039945698225658e+00 -1.211333453209125111e+01 1.879574923974289646e+01 2.340548601996064804e+01 1.602331628586859580e+01 5.534849326686572368e+00 -1.732235697463937640e+01 1.298965221635116585e+01 2.095735229494108509e+01 1.510464064395699957e+01 5.215529401966207956e+00 -1.991546771806748950e+01 1.021243677542400263e+01 1.957197122197979056e+01 1.445618620713329960e+01 5.004284729539492105e+00
0.000000000000000000e+00 8.731909114274694517e+00 1.368802543415214146e+01 9.035406690978197375e+00 3.319445063398516194e+00 -2.075896958399357395e+00 1.124140381954114609e+01 1.273614490441581992e+01 8.994337569689527356e+00 3.461974935809589038e+00 -3.248531525491809901e+00 8.723143565598350690e+00 1.185626513454671738e+01 8.763955385951282651e+00 3.419729212472904845e+00 -3.177304257818974076e+00 1.344549739029907265e+01 1.474351116409933660e+01 1.008883918066561947e+01 3.753227533448451503e+00 -7.164170808882899699e+00 9.449460180053149472e+00 1.321621644580861776e+01 9.643031995188483307e+00 3.634152934792410861e+00 -9.293888471983670740e+00 7.316805558143422594e+00 1.228050884661687192e+01 9.291454286608333391e+00 3.518440782083493534e+00 -7.399778162723448460e+00 1.172206770267199261e+01 1.478800010009503474e+01 1.043404427067494922e+01 3.842918331983644631e+00 -1.072194016312356979e+01 8.143496328709497689e+00 1.325883895229914877e+01 9.842336233564308756e+00 3.629287857436126252e+00 -1.236561382338211779e+01 6.421049709282797835e+00 1.239240124380819985e+01 9.427997745462375789e+00 3.488458218963956359e+00
0.000000000000000000e+00 2.862195275530009742e+00 4.668590388116964363e+00 3.319445063398516194e+00 1.405523771602755767e+00 -3.854106053164325085e-01 3.699551308941469774e+00 4.301479938754448007e+00 3.261031795880978024e+00 1.442342473549875548e+00 -8.376573963968820813e-01 2.898417049384453215e+00 4.001268607544116840e+00 3.168408258496628882e+00 1.421835187633299302e+00 -6.792524850527588143e-01 4.417352915179063366e+00 4.954909636297895048e+00 3.626202605967035808e+00 1.542259342612634754e+00 -2.034062037315734539e+00 3.159602382670785303e+00 4.452956962779579975e+00 3.458809661828829540e+00 1.492509114731048747e+00 -2.723445652912427128e+00 2.490474960799232917e+00 4.148730469869697401e+00 3.335183808276981132e+00 1.447467932859091144e+00 -2.061301004570284867e+00 3.892922893408861551e+00 4.968854308248668694e+00 3.724312236863706271e+00 1.564073428876873839e+00 -3.165299286070315965e+00 2.779938073580559443e+00 4.476825006246868632e+00 3.518985502146041444e+00 1.482362309728636252e+00 -3.704371736576701934e+00 2.240017692828620621e+00 4.197724027929586654e+00 3.377573135378344027e+00 1.428605680471550343e+00
0.000000000000000000e+00 1.783867712183091259e+00 -3.573920780718685464e+00 -2.075896958399357395e+00 -3.854106053164325085e-01 3.163457684076272614e+01 4.685653188718345241e+00 -2.129700136076518202e+00 -1.799504561927981472e+00 -4.277284210964335531e-01 2.841536152114595737e+01 7.465180178754227569e+00 -1.091180461834621029e+00 -1.527467113444428870e+00 -3.657908524050628163e-01 3.888352552525611827e+01 4.047647173300314982e+00 -3.592921876782339208e+00 -2.704509723228416540e+00 -7.014458394557732124e-01 3.862616103871251028e+01 8.806909146091939533e+00 -1.735616351081172848e+00 -2.194366032106312314e+00 -5.724522124146339541e-01 3.919630493139416672e+01 1.128405114583954116e+01 -7.210606335154529090e-01 -1.877458074913143093e+00 -4.864324718525295799e-01 4.334529285818182842e+01 7.036278465936431914e+00 -3.231808090575466696e+00 -2.988711586542964316e+00 -8.031044546663486106e-01 4.416946409237277038e+01 1.135798250867162551e+01 -1.511232257461641471e+00 -2.429316750775702971e+00 -6.413857538928001700e-01 4.490255071243608853e+01 1.332549300709914775e+01 -6.142463861440806694e-01 -2.083896441442900649e+00 -5.559254704712242035e-01
0.000000000000000000e+00 1.322919828404716824e+01 1.813181518964211136e+01 1.124140381954114609e+01 3.699551308941469774e+00 4.685653188718345241e+00 1.767443105914255241e+01 1.737635346633956246e+01 1.139474567689740958e+01 3.916243806851206877e+00 2.343206731308807189e+00 1.471569273630295527e+01 1.645661500038512415e+01 1.119039672740155922e+01 3.888646098798072437e+00 4.810772706520022091e+00 2.064847683397114508e+01 1.985152227006828696e+01 1.268630748004195929e+01 4.255181520005957729e+00 -7.523190880716803530e-01 1.599507497510787957e+01 1.819741069394346411e+01 1.225060115684489048e+01 4.147055815200597628e+00 -3.627193692993804230e+00 1.351781828645474093e+01 1.713898020553792989e+01 1.185773338285802225e+01 4.022426711164872160e+00 -9.865759205653780450e-03 1.877792534984701689e+01 2.000734374985064790e+01 1.314009239106284710e+01 4.383283288926248744e+00 -4.354295502717185684e+00 1.462096153771039830e+01 1.827070394393437880e+01 1.247861199774046526e+01 4.151431870664939794e+00 -6.454209306469507190e+00 1.262441968833267225e+01 1.726307740231538901e+01 1.199742541239965909e+01 3.992248171528963052e+00
0.000000000000000000e+00 1.340017682954333900e+01 2.014692583490774425e+01 1.273614490441581992e+01 4.301479938754448007e+00 -2.129700136076518202e+00 1.737635346633956246e+01 1.893649039523229050e+01 1.279472553221525999e+01 4.533295927518726565e+00 -3.929207274637048108e+00 1.364356878456286459e+01 1.769685579773565109e+01 1.250098611061685538e+01 4.485666774253052047e+00 -3.575960713100567290e+00 2.068411680025721822e+01 2.190605145062508541e+01 1.438627270183154572e+01 4.953660219968856637e+00 -9.499298585326378941e+00 1.474960576198596485e+01 1.970640442180839358e+01 1.379007696631951774e+01 4.801958068998493978e+00 -1.269700293643423805e+01 1.158600029101777906e+01 1.834301134114258147e+01 1.329439076372007911e+01 4.645740300175894788e+00 -9.725920011069964843e+00 1.811600324480243174e+01 2.199471586627478104e+01 1.492831333685033712e+01 5.102677806582977205e+00 -1.462981194302610355e+01 1.279150005683203517e+01 1.975667982162108416e+01 1.408992241976791604e+01 4.811899814881503090e+00 -1.706351889121873810e+01 1.023887184597698585e+01 1.848369535984195622e+01 1.349460237458653111e+01 4.618750089954873239e+00
0.000000000000000000e+00 8.843667804250104680e+00 1.371926211785723559e+01 8.994337569689527356e+00 3.261031795880978024e+00 -1.799504561927981472e+00 1.139474567689740958e+01 1.279472553221525999e+01 8.970847765269899909e+00 3.407194598777142591e+00 -3.011192257272256256e+00 8.880853738514627338e+00 1.192341244830242708e+01 8.747054377970616912e+00 3.367188861303267000e+00 -2.847776489223489804e+00 1.360706896024774260e+01 1.480238274481963678e+01 1.006268021689312420e+01 3.697017765154021696e+00 -6.869588836599887394e+00 9.619832575609986947e+00 1.328543551631829445e+01 9.626419292662616201e+00 3.581563650333028370e+00 -9.011451119092999562e+00 7.491914109206470052e+00 1.235319053432649916e+01 9.278145248754881891e+00 3.467731976006851458e+00 -7.067797084327279045e+00 1.189053482570535891e+01 1.485179920867891390e+01 1.041314418638836514e+01 3.788940280046862341e+00 -1.040879928719692771e+01 8.319993545162329696e+00 1.332845726178914880e+01 9.827006943403114647e+00 3.578549077666553391e+00 -1.205480669421155149e+01 6.601656124867004927e+00 1.246443610579597383e+01 9.414711443792487700e+00 3.439387169999872818e+00
0.000000000000000000e+00 3.040175446857017683e+00 4.913738373732385867e+00 3.461974935809589038e+00 1.442342473549875548e+00 -4.277284210964335531e-01 3.916243806851206877e+00 4.533295927518726565e+00 3.407194598777142591e+00 1.483252646188911283e+00 -9.007364002711133466e-01 3.066608212668563649e+00 4.217301764396211183e+00 3.311487346610284543e+00 1.462544128014166445e+00 -7.478942486382040844e-01 4.672357587262223610e+00 5.223243730899949533e+00 3.792773859050197149e+00 1.589160701459931602e+00 -2.176631049384706529e+00 3.336485955492167310e+00 4.692619449693433253e+00 3.618779372198662969e+00 1.538197891557613994e+00 -2.904605520770158211e+00 2.626266803881375900e+00 4.370567551134749706e+00 3.488942532150478559e+00 1.491399412396554824e+00 -2.213700456402164729e+00 4.109673500213233410e+00 5.236678881038161038e+00 3.898958807255044512e+00 1.614144814165072939e+00 -3.378366997249542258e+00 2.926621436850313174e+00 4.715374592173306567e+00 3.683318848843949223e+00 1.529222454059256275e+00 -3.944331194268390739e+00 2.353995251551249890e+00 4.419836608937047551e+00 3.534240525457649440e+00 1.473152102029587907e+00
0.000000000000000000e+00 1.185390400394135263e-01 -5.340846505816146284e+00 -3.248531525491809901e+00 -8.376573963968820813e-01 2.841536152114595737e+01 2.343206731308807189e+00 -3.929207274637048108e+00 -3.011192257272256256e+00 -9.007364002711133466e-01 2.586799401742020876e+01 5.228607506872798183e+00 -2.871043863577674049e+00 -2.736843123034040648e+00 -8.404185383948047372e-01 3.512145528764322222e+01 1.453352957923706112e+00 -5.548608401688098546e+00 -3.994120349748064402e+00 -1.193084761147102713e+00 3.573110795011676544e+01 6.349390969100768167e+00 -3.662618413643899284e+00 -3.477657807766973974e+00 -1.062154377783398607e+00 3.660761238650774629e+01 8.898374579923505223e+00 -2.611830900916044307e+00 -3.140927193749676327e+00 -9.678506068833298004e-01 4.001729114447962843e+01 4.434542782941338857e+00 -5.240526915029075639e+00 -4.312315691236718429e+00 -1.302547135994177596e+00 4.140776434664434902e+01 8.860956499846874834e+00 -3.470415471684151765e+00 -3.724564112057439758e+00 -1.126223055086834846e+00 4.231732177280678542e+01 1.088563923738214534e+01 -2.534022450905223156e+00 -3.350755748298310799e+00 -1.027705209396465147e+00
0.000000000000000000e+00 1.082419081872171063e+01 1.406923503724414815e+01 8.723143565598350690e+00 2.898417049384453215e+00 7.465180178754227569e+00 1.471569273630295527e+01 1.364356878456286459e+01 8.880853738514627338e+00 3.066608212668563649e+00 5.228607506872798183e+00 1.268939830598352714e+01 1.303971613637314775e+01 8.753174881922394235e+00 3.052735932043582956e+00 8.417845814513597702e+00 1.699333394393946151e+01 1.542441928891719982e+01 9.788887351282076210e+00 3.299837239040799730e+00 4.005036357887227005e+00 1.385476888560467046e+01 1.433304619893834442e+01 9.505855386495122517e+00 3.230281857955143998e+00 1.803007736362221447e+00 1.218646137891030534e+01 1.361704102136340211e+01 9.234059735612961006e+00 3.142266321970216492e+00 5.152080971875924398e+00 1.584464995581629410e+01 1.557848788454473876e+01 1.010747834154585867e+01 3.387338658472004660e+00 1.843213388320841695e+00 1.306228392124090654e+01 1.440766492093035112e+01 9.651779635984253147e+00 3.223630709324501797e+00 2.753599915556596001e-01 1.171919526365350706e+01 1.371926719262791750e+01 9.313838495029566289e+00 3.108265542185128183e+00
0.000000000000000000e+00 1.263323081565889083e+01 1.877755847593703109e+01 1.185626513454671738e+01 4.001268607544116840e+00 -1.091180461834621029e+00 1.645661500038512415e+01 1.769685579773565109e+01 1.192341244830242708e+01 4.217301764396211183e+00 -2.871043863577674049e+00 1.303971613637314775e+01 1.657181193071328451e+01 1.165928572760299531e+01 4.175289334934630503e+00 -2.236339578007749296e+00 1.953673880817146014e+01 2.043255550281775257e+01 1.338154592511996022e+01 4.599573761528091609e+00 -7.785563563304497059e+00 1.411534586393997870e+01 1.843376471068918221e+01 1.284203807759735838e+01 4.462476378807065380e+00 -1.076440260290233653e+01 1.122573691304708099e+01 1.719044287830456241e+01 1.238977820950319320e+01 4.319850331961963441e+00 -7.857455833491472141e+00 1.721660268464246002e+01 2.052768025182189149e+01 1.387883343784028334e+01 4.734437758782918948e+00 -1.242013267418711564e+01 1.235778419901702918e+01 1.848713739185483718e+01 1.311367814294752066e+01 4.468644371385559033e+00 -1.467955283829949131e+01 1.002650897055021950e+01 1.732392222483839106e+01 1.256898813928577141e+01 4.291652555470117036e+00
0.000000000000000000e+00 8.670461125912822808e+00 1.338812697735472312e+01 8.763955385951282651e+00 3.168408258496628882e+00 -1.527467113444428870e+00 1.119039672740155922e+01 1.250098611061685538e+01 8.747054377970616912e+00 3.311487346610284543e+00 -2.736843123034040648e+00 8.753174881922394235e+00 1.165928572760299531e+01 8.532523882833199735e+00 3.273562142968238664e+00 -2.497405070232822766e+00 1.334884506122967096e+01 1.445156182843767390e+01 9.804781744537956811e+00 3.590652233041323527e+00 -6.430387091531803101e+00 9.486671519778942852e+00 1.298487410824386146e+01 9.385059654822951458e+00 3.479845013254913688e+00 -8.521528885801201270e+00 7.425526418018679742e+00 1.208242990519727122e+01 9.048679725322269718e+00 3.370116061748088310e+00 -6.586566167477302614e+00 1.169346474193380025e+01 1.450279909859334992e+01 1.014517649021757251e+01 3.679011649780632442e+00 -9.847056832454981645e+00 8.236423750577284153e+00 1.302825726261341366e+01 9.578744051962294392e+00 3.475954872021743469e+00 -1.145226279950260562e+01 6.572052427936277752e+00 1.219161574634586920e+01 9.179793287431433413e+00 3.341573249819228764e+00
0.000000000000000000e+00 3.016330762530745169e+00 4.858327491152337529e+00 3.419729212472904845e+00 1.421835187633299302e+00 -3.657908524050628163e-01 3.888646098798072437e+00 4.485666774253052047e+00 3.367188861303267000e+00 1.462544128014166445e+00 -8.404185383948047372e-01 3.052735932043582956e+00 4.175289334934630503e+00 3.273562142968238664e+00 1.442425598509881723e+00 -6.694329741112933219e-01 4.635752225324976550e+00 5.165431595075933302e+00 3.746387683415000058e+00 1.566238111816763423e+00 -2.084413807156114462e+00 3.322375601945485979e+00 4.644111580145854568e+00 3.575904189393964483e+00 1.516427187337422655e+00 -2.804422535245788328e+00 2.624141082037999784e+00 4.327508816831413974e+00 3.448436338864165673e+00 1.470557271838146773e+00 -2.112013881837981444e+00 4.084246802511729335e+00 5.179248554440746055e+00 3.850929136629371641e+00 1.590610452791129781e+00 -3.264017670437499241e+00 2.921557024728062668e+00 4.666831923099950430e+00 3.639161999851636686e+00 1.507307612579418032e+00 -3.823162686653638342e+00 2.358628168342781883e+00 4.376315436541451831e+00 3.492642429065312637e+00 1.452280207218145547e+00
0.000000000000000000e+00 1.284093303823578447e+00 -5.417007118361787832e+00 -3.177304257818974076e+00 -6.792524850527588143e-01 3.888352552525611827e+01 4.810772706520022091e+00 -3.575960713100567290e+00 -2.847776489223489804e+00 -7.478942486382040844e-01 3.512145528764322222e+01 8.417845814513597702e+00 -2.236339578007749296e+00 -2.497405070232822766e+00 -6.694329741112933219e-01 4.801825056302100592e+01 3.985231101578422752e+00 -5.459041206137854374e+00 -4.024604191873200953e+00 -1.114609584891155913e+00 4.808522323467902737e+01 1.015488214009685386e+01 -3.060294204995988476e+00 -3.368361777071297247e+00 -9.500216959717563414e-01 4.889279744118732651e+01 1.333224455700994859e+01 -1.749898458819657110e+00 -2.952954207715348556e+00 -8.344624037759549307e-01 5.402673019829551038e+01 7.923773960090636947e+00 -4.958971738616578584e+00 -4.389552781710203355e+00 -1.256489727183951022e+00 5.526571507516008808e+01 1.348107981002611844e+01 -2.737652198922396085e+00 -3.661956821494510184e+00 -1.041760006722077359e+00 5.618189420385656518e+01 1.598560884338903421e+01 -1.584192960804057249e+00 -3.207827321335845472e+00 -9.237688453978234460e-01
0.000000000000000000e+00 1.535624494675546536e+01 2.164407651908095787e+01 1.344549739029907265e+01 4.417352915179063366e+00 4.047647173300314982e+00 2.064847683397114508e+01 2.068411680025721822e+01 1.360706896024774260e+01 4.672357587262223610e+00 1.453352957923706112e+00 1.699333394393946151e+01 1.953673880817146014e+01 1.334884506122967096e+01 4.635752225324976550e+00 3.985231101578422752e+00 2.435937491716444470e+01 2.378902960339872052e+01 1.522339124718295267e+01 5.086983346824907493e+00 -2.687750374118334840e+00 1.859806043897509298e+01 2.173578512515896222e+01 1.467620654197737196e+01 4.949489877247633451e+00 -6.235478722101898796e+00 1.548310791413872778e+01 2.041455374130470801e+01 1.418930448165596658e+01 4.797662666194151271e+00 -1.912578958755819070e+00 2.212625561679663377e+01 2.404216857464589552e+01 1.580450377543453655e+01 5.240220873423790948e+00 -7.270621086089463780e+00 1.691389041178828023e+01 2.187784137294618603e+01 1.498198817378187364e+01 4.955784491205229791e+00 -9.935480365501476285e+00 1.437766936820761643e+01 2.061055409341922839e+01 1.438585349562154292e+01 4.763632749862577676e+00
0.000000000000000000e+00 1.527714126196800315e+01 2.334371548175115763e+01 1.474351116409933660e+01 4.954909636297895048e+00 -3.592921876782339208e+00 1.985152227006828696e+01 2.190605145062508541e+01 1.480238274481963678e+01 5.223243730899949533e+00 -5.548608401688098546e+00 1.542441928891719982e+01 2.043255550281775257e+01 1.445156182843767390e+01 5.165431595075933302e+00 -5.459041206137854374e+00 2.378902960339872052e+01 2.545637727247429183e+01 1.670594367138789238e+01 5.723401408009614499e+00 -1.237696580309292038e+01 1.673707352170485407e+01 2.284619693288480491e+01 1.599567762800358572e+01 5.541904982931238344e+00 -1.616497680386727609e+01 1.294819483061463394e+01 2.122096130253317270e+01 1.540623988461728899e+01 5.357853513554499791e+00 -1.275060882148258301e+01 2.077808023756639244e+01 2.560285122943051661e+01 1.736762113791461815e+01 5.901742144811326973e+00 -1.856730166122078174e+01 1.440756492519384580e+01 2.293745535516976375e+01 1.637018864566407572e+01 5.558387160035490382e+00 -2.148748903869326199e+01 1.133482275159461139e+01 2.141203852372505168e+01 1.566199680505799385e+01 5.331740643777102662e+00
0.000000000000000000e+00 9.856949782429270002e+00 1.544551910420225305e+01 1.008883918066561947e+01 3.626202605967035808e+00 -2.704509723228416540e+00 1.268630748004195929e+01 1.438627270183154572e+01 1.006268021689312420e+01 3.792773859050197149e+00 -3.994120349748064402e+00 9.788887351282076210e+00 1.338154592511996022e+01 9.804781744537956811e+00 3.746387683415000058e+00 -4.024604191873200953e+00 1.522339124718295267e+01 1.670594367138789238e+01 1.132847411838084817e+01 4.130826779134833870e+00 -8.583698963670345350e+00 1.061616560415416188e+01 1.495624406814038032e+01 1.082632631566558956e+01 3.998074545728650175e+00 -1.103348352934457210e+01 8.145777825371519398e+00 1.387738800019739216e+01 1.042422793367288669e+01 3.867658327908462645e+00 -8.897430341631828554e+00 1.324232052144959582e+01 1.677708453913932019e+01 1.174482208660255189e+01 4.241795109208278625e+00 -1.272392938691762510e+01 9.096061647888641133e+00 1.501496745769283336e+01 1.106863533725490711e+01 4.000785552746163987e+00 -1.461817202783521630e+01 7.095201347323079055e+00 1.401148543181725614e+01 1.059222384145932061e+01 3.841610683268353643e+00
0.000000000000000000e+00 3.325034803231068814e+00 5.373862665058040555e+00 3.753227533448451503e+00 1.542259342612634754e+00 -7.014458394557732124e-01 4.255181520005957729e+00 4.953660219968856637e+00 3.697017765154021696e+00 1.589160701459931602e+00 -1.193084761147102713e+00 3.299837239040799730e+00 4.599573761528091609e+00 3.590652233041323527e+00 1.566238111816763423e+00 -1.114609584891155913e+00 5.086983346824907493e+00 5.723401408009614499e+00 4.130826779134833870e+00 1.711307258095309036e+00 -2.681768094198988539e+00 3.578522967581965641e+00 5.126378750454668065e+00 3.937348628782795679e+00 1.655127250070783873e+00 -3.482632896256048660e+00 2.776618720890279945e+00 4.763499772207200778e+00 3.791540797433806453e+00 1.602950832155589644e+00 -2.767687150368763227e+00 4.437958930234918498e+00 5.736128648231028748e+00 4.254739821319285298e+00 1.743712138204566386e+00 -4.049891412535997937e+00 3.098514129334935863e+00 5.148325400982267652e+00 4.013167065249254151e+00 1.649348680816810964e+00 -4.670049751511122338e+00 2.452153081394834011e+00 4.814836963632100897e+00 3.845480748353909739e+00 1.586738767181201215e+00
0.000000000000000000e+00 -2.945586595649498207e+00 -1.166316048940405636e+01 -7.164170808882899699e+00 -2.034062037315734539e+00 3.862616103871251028e+01 -7.523190880716803530e-01 -9.499298585326378941e+00 -6.869588836599887394e+00 -2.176631049384706529e+00 3.573110795011676544e+01 4.005036357887227005e+00 -7.785563563304497059e+00 -6.430387091531803101e+00 -2.084413807156114462e+00 4.808522323467902737e+01 -2.687750374118334840e+00 -1.237696580309292038e+01 -8.583698963670345350e+00 -2.681768094198988539e+00 5.052050820417425570e+01 5.317114263043398736e+00 -9.328381834991228416e+00 -7.750312223460967154e+00 -2.471450058624702795e+00 5.248646179111710097e+01 9.507988762932370719e+00 -7.589123842417607513e+00 -7.176065073993352250e+00 -2.306719582717505546e+00 5.642311082046741433e+01 1.981127113881953505e+00 -1.199660439973343173e+01 -9.159917128617651727e+00 -2.877346605978030603e+00 5.961479008376439737e+01 9.227641154217748110e+00 -9.084554688591854443e+00 -8.168874649451131731e+00 -2.571173934774112269e+00 6.139209333671221458e+01 1.256743692119857059e+01 -7.515936441895453513e+00 -7.519537804247712565e+00 -2.391106290189173311e+00
0.000000000000000000e+00 1.154121925333644505e+01 1.517140406349501269e+01 9.449460180053149472e+00 3.159602382670785303e+00 8.806909146091939533e+00 1.599507497510787957e+01 1.474960576198596485e+01 9.619832575609986947e+00 3.336485955492167310e+00 6.349390969100768167e+00 1.385476888560467046e+01 1.411534586393997870e+01 9.486671519778942852e+00 3.322375601945485979e+00 1.015488214009685386e+01 1.859806043897509298e+01 1.673707352170485407e+01 1.061616560415416188e+01 3.578522967581965641e+00 5.317114263043398736e+00 1.530544613573261614e+01 1.559890755021193520e+01 1.031771237706596978e+01 3.503595744571057491e+00 2.844978580824656600e+00 1.350708449319476401e+01 1.483338639130406378e+01 1.002732164839011553e+01 3.411021061770194596e+00 6.801845885395383817e+00 1.755942398276238947e+01 1.699357152649391267e+01 1.097879933667412899e+01 3.664487742371318024e+00 3.101190519500939047e+00 1.458884196333969818e+01 1.574881340272593455e+01 1.049027123299391739e+01 3.490162035386912276e+00 1.282712922162890345e+00 1.311500310240415246e+01 1.499975426257703504e+01 1.012612411969571724e+01 3.368751218205344511e+00
0.000000000000000000e+00 1.389899208018920973e+01 2.092100867450620427e+01 1.321621644580861776e+01 4.452956962779579975e+00 -1.735616351081172848e+00 1.819741069394346411e+01 1.970640442180839358e+01 1.328543551631829445e+01 4.692619449693433253e+00 -3.662618413643899284e+00 1.433304619893834442e+01 1.843376471068918221e+01 1.298487410824386146e+01 4.644111580145854568e+00 -3.060294204995988476e+00 2.173578512515896222e+01 2.284619693288480491e+01 1.495624406814038032e+01 5.126378750454668065e+00 -9.328381834991228416e+00 1.559890755021193520e+01 2.059151801940199178e+01 1.434373095657737274e+01 4.969690309311756593e+00 -1.273227116910458356e+01 1.229581410893224458e+01 1.917810721265369622e+01 1.382974388492949380e+01 4.808936390975290465e+00 -9.421513944746283897e+00 1.917396541185821590e+01 2.300858004582696736e+01 1.553938080387927734e+01 5.279422302881258133e+00 -1.464738116547587765e+01 1.363126918304158153e+01 2.069285052927093815e+01 1.466972024628261551e+01 4.979034860426422071e+00 -1.726379446023722508e+01 1.094955827948332860e+01 1.936069663390155782e+01 1.404979988351612263e+01 4.780129944997192126e+00
0.000000000000000000e+00 9.497601677448576751e+00 1.478075704315748418e+01 9.643031995188483307e+00 3.458809661828829540e+00 -2.194366032106312314e+00 1.225060115684489048e+01 1.379007696631951774e+01 9.626419292662616201e+00 3.618779372198662969e+00 -3.477657807766973974e+00 9.505855386495122517e+00 1.284203807759735838e+01 9.385059654822951458e+00 3.575904189393964483e+00 -3.368361777071297247e+00 1.467620654197737196e+01 1.599567762800358572e+01 1.082632631566558956e+01 3.937348628782795679e+00 -7.750312223460967154e+00 1.031771237706596978e+01 1.434373095657737274e+01 1.035474532648447266e+01 3.812923585149209149e+00 -1.009532419771179512e+01 7.980506388271989771e+00 1.332312166227270644e+01 9.974986908783250783e+00 3.689881376017379200e+00 -7.988424294040926021e+00 1.281421914014013019e+01 1.606917706116765387e+01 1.122250934843780357e+01 4.041799213849206041e+00 -1.165326025158746859e+01 8.894358066971275179e+00 1.440296816211080966e+01 1.058381904178739319e+01 3.814188041640591553e+00 -1.346292556978308497e+01 7.001345984354413687e+00 1.345329710004246060e+01 1.013281193162406701e+01 3.663626302170190918e+00
0.000000000000000000e+00 3.238672116774895304e+00 5.203936984695084256e+00 3.634152934792410861e+00 1.492509114731048747e+00 -5.724522124146339541e-01 4.147055815200597628e+00 4.801958068998493978e+00 3.581563650333028370e+00 1.538197891557613994e+00 -1.062154377783398607e+00 3.230281857955143998e+00 4.462476378807065380e+00 3.479845013254913688e+00 1.516427187337422655e+00 -9.500216959717563414e-01 4.949489877247633451e+00 5.541904982931238344e+00 3.998074545728650175e+00 1.655127250070783873e+00 -2.471450058624702795e+00 3.503595744571057491e+00 4.969690309311756593e+00 3.812923585149209149e+00 1.601468314587291886e+00 -3.245466904719294554e+00 2.735468890913176132e+00 4.621688643724331413e+00 3.673059764219178902e+00 1.551401092112256519e+00 -2.539441083378319863e+00 4.329080585657414382e+00 5.554402580681343515e+00 4.116876994487702390e+00 1.686036176147782450e+00 -3.780095333307740280e+00 3.046690211622695266e+00 4.990949984455336441e+00 3.885219358397648204e+00 1.595468872998717869e+00 -4.377779486901924422e+00 2.427873185461928873e+00 4.671317704580082442e+00 3.724211924623173076e+00 1.535279180204526916e+00
0.000000000000000000e+00 -5.072454736241957640e+00 -1.505705451294131869e+01 -9.293888471983670740e+00 -2.723445652912427128e+00 3.919630493139416672e+01 -3.627193692993804230e+00 -1.269700293643423805e+01 -9.011451119092999562e+00 -2.904605520770158211e+00 3.660761238650774629e+01 1.803007736362221447e+00 -1.076440260290233653e+01 -8.521528885801201270e+00 -2.804422535245788328e+00 4.889279744118732651e+01 -6.235478722101898796e+00 -1.616497680386727609e+01 -1.103348352934457210e+01 -3.482632896256048660e+00 5.248646179111710097e+01 2.844978580824656600e+00 -1.273227116910458356e+01 -1.009532419771179512e+01 -3.245466904719294554e+00 5.510662057230988609e+01 7.645595533261438703e+00 -1.074136126895426635e+01 -9.431580437269506234e+00 -3.054832127718256629e+00 5.839780274803165128e+01 -1.176748325150206664e+00 -1.586506288263491626e+01 -1.173037238869138221e+01 -3.703695718202828058e+00 6.262597724842182600e+01 7.083800475266424534e+00 -1.254367416303283811e+01 -1.058690678333026192e+01 -3.347764961077990264e+00 6.492829592170144792e+01 1.093456527456563165e+01 -1.072859763909258568e+01 -9.827891544142435265e+00 -3.135941824403890354e+00
0.000000000000000000e+00 9.557516801694845299e+00 1.172624239571591076e+01 7.316805558143422594e+00 2.490474960799232917e+00 1.128405114583954116e+01 1.351781828645474093e+01 1.158600029101777906e+01 7.491914109206470052e+00 2.626266803881375900e+00 8.898374579923505223e+00 1.218646137891030534e+01 1.122573691304708099e+01 7.425526418018679742e+00 2.624141082037999784e+00 1.333224455700994859e+01 1.548310791413872778e+01 1.294819483061463394e+01 8.145777825371519398e+00 2.776618720890279945e+00 9.507988762932370719e+00 1.350708449319476401e+01 1.229581410893224458e+01 7.980506388271989771e+00 2.735468890913176132e+00 7.645595533261438703e+00 1.242713758969058802e+01 1.183076189612245344e+01 7.796176733141370718e+00 2.674242648216560436e+00 1.132770549089870826e+01 1.504005428627438690e+01 1.317899996695440556e+01 8.382524665452118384e+00 2.827489637659377664e+00 8.568188772654284691e+00 1.328540578973177944e+01 1.242936696677009500e+01 8.074559480344559503e+00 2.711964748176253437e+00 7.242502280361388323e+00 1.239965337178049332e+01 1.196485699757522880e+01 7.836456892542797981e+00 2.627868203325529617e+00
0.000000000000000000e+00 1.304031512029785844e+01 1.943056536161973824e+01 1.228050884661687192e+01 4.148730469869697401e+00 -7.210606335154529090e-01 1.713898020553792989e+01 1.834301134114258147e+01 1.235319053432649916e+01 4.370567551134749706e+00 -2.611830900916044307e+00 1.361704102136340211e+01 1.719044287830456241e+01 1.208242990519727122e+01 4.327508816831413974e+00 -1.749898458819657110e+00 2.041455374130470801e+01 2.122096130253317270e+01 1.387738800019739216e+01 4.763499772207200778e+00 -7.589123842417607513e+00 1.483338639130406378e+01 1.917810721265369622e+01 1.332312166227270644e+01 4.621688643724331413e+00 -1.074136126895426635e+01 1.183076189612245344e+01 1.789407675708132928e+01 1.285537206946039568e+01 4.475025151404000034e+00 -7.538369954925841832e+00 1.811004755258408494e+01 2.137998283698594904e+01 1.440779722651341643e+01 4.900665007900812498e+00 -1.237292389644507473e+01 1.307639175267909160e+01 1.927675032893649032e+01 1.361621816630497861e+01 4.626377958112783517e+00 -1.478814108992252407e+01 1.063932431311482851e+01 1.806495108353227153e+01 1.305098478643861171e+01 4.444348391341447879e+00
0.000000000000000000e+00 9.179708790008541897e+00 1.423760756724950305e+01 9.291454286608333391e+00 3.335183808276981132e+00 -1.877458074913143093e+00 1.185773338285802225e+01 1.329439076372007911e+01 9.278145248754881891e+00 3.488942532150478559e+00 -3.140927193749676327e+00 9.234059735612961006e+00 1.238977820950319320e+01 9.048679725322269718e+00 3.448436338864165673e+00 -2.952954207715348556e+00 1.418930448165596658e+01 1.540623988461728899e+01 1.042422793367288669e+01 3.791540797433806453e+00 -7.176065073993352250e+00 1.002732164839011553e+01 1.382974388492949380e+01 9.974986908783250783e+00 3.673059764219178902e+00 -9.431580437269506234e+00 7.796176733141370718e+00 1.285537206946039568e+01 9.612746841126249109e+00 3.555675960438046346e+00 -7.366896099995359215e+00 1.241845493307723203e+01 1.547818830941611346e+01 1.080172429215645558e+01 3.889793320539756127e+00 -1.089105960614077695e+01 8.678250999869851157e+00 1.388762058418345191e+01 1.019218285363341359e+01 3.672445870180141902e+00 -1.263021982586765546e+01 6.871495136159620820e+00 1.298116689236351640e+01 9.761590003267338389e+00 3.528660259007128541e+00
0.000000000000000000e+00 3.136296293520895784e+00 5.032039945698225658e+00 3.518440782083493534e+00 1.447467932859091144e+00 -4.864324718525295799e-01 4.022426711164872160e+00 4.645740300175894788e+00 3.467731976006851458e+00 1.491399412396554824e+00 -9.678506068833298004e-01 3.142266321970216492e+00 4.319850331961963441e+00 3.370116061748088310e+00 1.470557271838146773e+00 -8.344624037759549307e-01 4.797662666194151271e+00 5.357853513554499791e+00 3.867658327908462645e+00 1.602950832155589644e+00 -2.306719582717505546e+00 3.411021061770194596e+00 4.808936390975290465e+00 3.689881376017379200e+00 1.551401092112256519e+00 -3.054832127718256629e+00 2.674242648216560436e+00 4.475025151404000034e+00 3.555675960438046346e+00 1.503336460759159721e+00 -2.360230699311949731e+00 4.206011238064556679e+00 5.370804179730779282e+00 3.981152682264970544e+00 1.631840163527664922e+00 -3.559483026887512835e+00 2.976821059216316900e+00 4.830309935544209843e+00 3.758756755649999448e+00 1.544811428467989689e+00 -4.137356638407919007e+00 2.383179394271562668e+00 4.523670113823658134e+00 3.604218741878089993e+00 1.487009744237950404e+00
0.000000000000000000e+00 -2.808034789825526456e+00 -1.211333453209125111e+01 -7.399778162723448460e+00 -2.061301004570284867e+00 4.334529285818182842e+01 -9.865759205653780450e-03 -9.725920011069964843e+00 -7.067797084327279045e+00 -2.213700456402164729e+00 4.001729114447962843e+01 5.152080971875924398e+00 -7.857455833491472141e+00 -6.586566167477302614e+00 -2.112013881837981444e+00 5.402673019829551038e+01 -1.912578958755819070e+00 -1.275060882148258301e+01 -8.897430341631828554e+00 -2.767687150368763227e+00 5.642311082046741433e+01 6.801845885395383817e+00 -9.421513944746283897e+00 -7.988424294040926021e+00 -2.539441083378319863e+00 5.839780274803165128e+01 1.132770549089870826e+01 -7.538369954925841832e+00 -7.366896099995359215e+00 -2.360230699311949731e+00 6.315754042103313282e+01 3.317867458478109377e+00 -1.225474649230784863e+01 -9.502247098086709087e+00 -2.986977659091255344e+00 6.639139593903573200e+01 1.117225490335929372e+01 -9.095382278825089983e+00 -8.431015799347052919e+00 -2.655864333661354326e+00 6.816351448975331095e+01 1.475880389824655126e+01 -7.408551512586376120e+00 -7.732018370534327723e+00 -2.460462007619874214e+00
0.000000000000000000e+00 1.360287240110471707e+01 1.879574923974289646e+01 1.172206770267199261e+01 3.892922893408861551e+00 7.036278465936431914e+00 1.877792534984701689e+01 1.811600324480243174e+01 1.189053482570535891e+01 4.109673500213233410e+00 4.434542782941338857e+00 1.584464995581629410e+01 1.721660268464246002e+01 1.169346474193380025e+01 4.084246802511729335e+00 7.923773960090636947e+00 2.212625561679663377e+01 2.077808023756639244e+01 1.324232052144959582e+01 4.437958930234918498e+00 1.981127113881953505e+00 1.755942398276238947e+01 1.917396541185821590e+01 1.281421914014013019e+01 4.329080585657414382e+00 -1.176748325150206664e+00 1.504005428627438690e+01 1.811004755258408494e+01 1.241845493307723203e+01 4.206011238064556679e+00 3.317867458478109377e+00 2.060958681842808460e+01 2.111318960947504308e+01 1.374141979098356359e+01 4.553420147299973131e+00 -1.423231938440397748e+00 1.643659494053269654e+01 1.938058585994077276e+01 1.307230955101674930e+01 4.320549740881579837e+00 -3.822445109023303367e+00 1.435864141538950989e+01 1.834163104657823595e+01 1.258099747124751033e+01 4.162774566813470578e+00
0.000000000000000000e+00 1.528765546465073832e+01 2.340548601996064804e+01 1.478800010009503474e+01 4.968854308248668694e+00 -3.231808090575466696e+00 2.000734374985064790e+01 2.199471586627478104e+01 1.485179920867891390e+01 5.236678881038161038e+00 -5.240526915029075639e+00 1.557848788454473876e+01 2.052768025182189149e+01 1.450279909859334992e+01 5.179248554440746055e+00 -4.958971738616578584e+00 2.404216857464589552e+01 2.560285122943051661e+01 1.677708453913932019e+01 5.736128648231028748e+00 -1.199660439973343173e+01 1.699357152649391267e+01 2.300858004582696736e+01 1.606917706116765387e+01 5.554402580681343515e+00 -1.586506288263491626e+01 1.317899996695440556e+01 2.137998283698594904e+01 1.547818830941611346e+01 5.370804179730779282e+00 -1.225474649230784863e+01 2.111318960947504308e+01 2.580915344738340167e+01 1.745767751970164028e+01 5.913263466088879206e+00 -1.820384367981861828e+01 1.471418454370382101e+01 2.314247271407291606e+01 1.645750026170768976e+01 5.569805407047551782e+00 -2.120824367249025499e+01 1.160635186525559348e+01 2.160371716919170026e+01 1.574538793614551224e+01 5.343645208191829532e+00
0.000000000000000000e+00 1.020182275857123955e+01 1.602331628586859580e+01 1.043404427067494922e+01 3.724312236863706271e+00 -2.988711586542964316e+00 1.314009239106284710e+01 1.492831333685033712e+01 1.041314418638836514e+01 3.898958807255044512e+00 -4.312315691236718429e+00 1.010747834154585867e+01 1.387883343784028334e+01 1.014517649021757251e+01 3.850929136629371641e+00 -4.389552781710203355e+00 1.580450377543453655e+01 1.736762113791461815e+01 1.174482208660255189e+01 4.254739821319285298e+00 -9.159917128617651727e+00 1.097879933667412899e+01 1.553938080387927734e+01 1.122250934843780357e+01 4.116876994487702390e+00 -1.173037238869138221e+01 8.382524665452118384e+00 1.440779722651341643e+01 1.080172429215645558e+01 3.981152682264970544e+00 -9.502247098086709087e+00 1.374141979098356359e+01 1.745767751970164028e+01 1.219123579503860455e+01 4.374084249384256218e+00 -1.352428961230714854e+01 9.385679480985817946e+00 1.561086764304897656e+01 1.148409320401681910e+01 4.123158049224658228e+00 -1.551748178622877816e+01 7.278446287607290621e+00 1.455546550664428729e+01 1.098446112688907483e+01 3.957390487668433376e+00
0.000000000000000000e+00 3.440698756876288122e+00 5.534849326686572368e+00 3.842918331983644631e+00 1.564073428876873839e+00 -8.031044546663486106e-01 4.383283288926248744e+00 5.102677806582977205e+00 3.788940280046862341e+00 1.614144814165072939e+00 -1.302547135994177596e+00 3.387338658472004660e+00 4.734437758782918948e+00 3.679011649780632442e+00 1.590610452791129781e+00 -1.256489727183951022e+00 5.240220873423790948e+00 5.901742144811326973e+00 4.241795109208278625e+00 1.743712138204566386e+00 -2.877346605978030603e+00 3.664487742371318024e+00 5.279422302881258133e+00 4.041799213849206041e+00 1.686036176147782450e+00 -3.703695718202828058e+00 2.827489637659377664e+00 4.900665007900812498e+00 3.889793320539756127e+00 1.631840163527664922e+00 -2.986977659091255344e+00 4.553420147299973131e+00 5.913263466088879206e+00 4.374084249384256218e+00 1.780534423146125533e+00 -4.312428536030293635e+00 3.153245964830331260e+00 5.299720834669183311e+00 4.122803252940645535e+00 1.682772995926377968e+00 -4.948847616856133946e+00 2.479096152749537207e+00 4.951502890614321473e+00 3.947710122352282358e+00 1.617579341637080281e+00
