1.417220467586703236e+01 1.133259155803822793e+01 6.268604505228921653e+00 2.754585326372694265e+00 2.953114493790116590e-01 1.286810495633564422e+01 1.098951161104445795e+01 6.496094308496325631e+00 2.901451178223889649e+00 3.247327664894942845e-01 1.121348283420257452e+01 1.059385722433166421e+01 6.478988897293439742e+00 2.896226424075752703e+00 3.265399436685224033e-01 1.458983241967227684e+01 1.182013326894798411e+01 6.859716997247346626e+00 3.040031767816600894e+00 3.405501123902953120e-01 1.279070035245962700e+01 1.118479054466186717e+01 6.774160654473304177e+00 2.993681487299856947e+00 3.317384238459331058e-01 1.196822799558128736e+01 1.084759163330942222e+01 6.651640476795398271e+00 2.918951667117366977e+00 3.181211365423212700e-01 1.432313769594438035e+01 1.168281355952998801e+01 6.923199768097327400e+00 3.064985392500468198e+00 3.437347237802798605e-01 1.288990422074730802e+01 1.107551212759303816e+01 6.738431245005418013e+00 2.960323462939181915e+00 3.224752859556842544e-01 1.233501314000421445e+01 1.079539175015234242e+01 6.587806176566878946e+00 2.868633918210607980e+00 3.051284284192705698e-01
1.133259155803822793e+01 1.855383627918067191e+01 6.444099868720787327e+00 1.561401704281218716e+00 -2.473915788694750206e-01 6.755503719471603219e+00 1.642107373812804383e+01 7.319572610491091424e+00 1.572436381445246001e+00 -3.264514423594393477e-01 3.196528066595517359e+00 1.450246713183120306e+01 7.355327577515863524e+00 1.486936145155371092e+00 -3.577883836716780341e-01 5.883403574024656635e+00 1.933631995214076227e+01 8.852198011834406799e+00 2.011298973951832103e+00 -3.243167727439444925e-01 3.391524841449108152e+00 1.632586952492580679e+01 8.668589238866012181e+00 1.810415546549765331e+00 -4.416684365424559111e-01 -7.339418803253604517e-01 1.462585122675268146e+01 8.288151389230430155e+00 1.658955904010691818e+00 -5.174263113196313491e-01 7.947273085189834774e+00 1.892388384333628437e+01 9.477417200913363260e+00 2.107576064943601946e+00 -3.791622456995271118e-01 6.360625028203908959e-01 1.609424286588488329e+01 8.946657087517523976e+00 1.861639029544643220e+00 -5.247260012180932076e-01 -3.055105526422567497e+00 1.459179576584982918e+01 8.444448365020951641e+00 1.676381212544015842e+00 -5.913040540890616148e-01
6.268604505228921653e+00 6.444099868720787327e+00 5.001273738771098820e+00 2.905839738163620289e+00 5.870406896473117087e-01 6.170416319144833572e+00 5.988490114598095992e+00 4.926398734469393581e+00 2.966779182157099459e+00 6.220244464407218565e-01 5.278114151613950256e+00 5.737649388255259275e+00 4.835113321127084696e+00 2.945755263347102026e+00 6.216865241661756469e-01 7.109764826736722831e+00 6.340526732883731142e+00 5.124942881321349120e+00 3.047067230899042745e+00 6.347131144459539076e-01 5.696977026208982942e+00 6.025555391620740942e+00 4.989572789354434157e+00 2.994519179539713249e+00 6.295647203413791138e-01 5.421549015003777505e+00 5.876513671206128109e+00 4.891615785106749215e+00 2.930924711155264983e+00 6.177960463130565127e-01 6.220089879035282543e+00 6.244448718106362151e+00 5.100206201088062663e+00 3.039087652758819313e+00 6.365358358332985356e-01 5.696441430741148615e+00 5.995881857193046116e+00 4.949666282610119872e+00 2.948821856531235852e+00 6.212506140283363676e-01 5.573303529713739657e+00 5.880891452324211066e+00 4.849607352623059420e+00 2.877282123733210017e+00 6.042574400044299354e-01
2.754585326372694265e+00 1.561401704281218716e+00 2.905839738163620289e+00 2.206530218462258386e+00 5.946416353392179888e-01 3.560479461165016346e+00 1.590117289468760076e+00 2.639685040653804826e+00 2.239761134884503235e+00 6.382449138844978886e-01 3.544489385289994132e+00 1.758714178716983323e+00 2.547281763871226623e+00 2.233471597299008238e+00 6.427475137486654555e-01 4.481339930444482533e+00 1.307456784199000355e+00 2.502934512666328271e+00 2.219971944816758302e+00 6.483288400564809484e-01 3.828984694253938059e+00 1.637893796364575660e+00 2.414817731568706716e+00 2.208103198679717494e+00 6.644978194611729228e-01 4.410282613543924590e+00 1.847877494374520424e+00 2.405624376455654190e+00 2.182266109399111809e+00 6.678028967286094852e-01 3.361881103347818200e+00 1.311559660911219005e+00 2.353012836929037288e+00 2.189283782518501198e+00 6.590048769069216661e-01 4.361814335712521640e+00 1.662014503122716480e+00 2.326614225127472846e+00 2.157277533036295658e+00 6.719462014093023905e-01 4.982085043741887098e+00 1.861538951894774696e+00 2.341417842048020059e+00 2.132432061138754165e+00 6.689860382428280960e-01
2.953114493790116590e-01 -2.473915788694750206e-01 5.870406896473117087e-01 5.946416353392179888e-01 2.030917773583403863e-01 6.546309335904113569e-01 -1.692333508317057367e-01 4.727127579851423955e-01 5.973046690618335486e-01 2.168359782923667545e-01 7.779475689248641634e-01 -5.695681658749804366e-02 4.430161944638612015e-01 5.960381703523118802e-01 2.181854760153412176e-01 9.113161225400199239e-01 -3.555028931451589824e-01 3.792656598424418712e-01 5.766600813264720626e-01 2.201335948745740956e-01 8.260811850520235478e-01 -1.630920863348583605e-01 3.571767353921851962e-01 5.770980009309805148e-01 2.268413914714208501e-01 1.134460243470055474e+00 -4.624683607923793516e-02 3.673459092139146343e-01 5.739424661629602964e-01 2.290929619515267579e-01 5.274889274613562273e-01 -3.453691181346821293e-01 3.123291042050294064e-01 5.627616172558883578e-01 2.242726363863256633e-01 1.061187436677030860e+00 -1.524114941507580812e-01 3.217983620229988295e-01 5.602526190279472074e-01 2.308078591704737226e-01 1.364467635291010561e+00 -4.406425692626538687e-02 3.436470642274330745e-01 5.589282196098476208e-01 2.309580322599765478e-01
1.286810495633564422e+01 6.755503719471603219e+00 6.170416319144833572e+00 3.560479461165016346e+00 6.546309335904113569e-01 1.638230185970853725e+01 7.496370118549942063e+00 6.059943229933193898e+00 3.772175512780646667e+00 7.408665321166242324e-01 1.576394978897559618e+01 7.934159144315060530e+00 5.997847998524279411e+00 3.807526674699296620e+00 7.596895480158681879e-01 2.001627173806210891e+01 7.546544357003443615e+00 5.974022267030078659e+00 3.784202165042857668e+00 7.573746878901242985e-01 1.831036770928383461e+01 8.292620644097679516e+00 5.939515610284762381e+00 3.819060782921217978e+00 8.046510807031537205e-01 1.899640165451026874e+01 8.633449079027860407e+00 5.924419245810804036e+00 3.781092652033911428e+00 8.233862671132695654e-01 1.842505191393771824e+01 7.846971391689348430e+00 5.843622261203206492e+00 3.788571718908234853e+00 7.866721304273371906e-01 1.978965007899185835e+01 8.466840724346619496e+00 5.827230751360733763e+00 3.754966006813969859e+00 8.300246084715771078e-01 2.060534323441633120e+01 8.744064789164220031e+00 5.823353386715483637e+00 3.706316669040174094e+00 8.383420455846206654e-01
1.098951161104445795e+01 1.642107373812804383e+01 5.988490114598095992e+00 1.590117289468760076e+00 -1.692333508317057367e-01 7.496370118549942063e+00 1.475242122711704162e+01 6.741307895591836186e+00 1.624001905134534685e+00 -2.292556580658342558e-01 4.383548113892766551e+00 1.317903530230369746e+01 6.775232810521129245e+00 1.557973334935222720e+00 -2.538393447755431520e-01 7.144820181285530758e+00 1.726252388304860474e+01 8.037842058760746866e+00 1.994369554802946309e+00 -2.275201905870981867e-01 4.833383357616431120e+00 1.479144784938332435e+01 7.891596780611907391e+00 1.831747226613414714e+00 -3.221614646435085882e-01 1.367517728542828381e+00 1.337663737538917452e+01 7.571874892982656036e+00 1.702692178880033547e+00 -3.839960265940092765e-01 8.749855312171455068e+00 1.696425641324394817e+01 8.565883110275668955e+00 2.077619964100415384e+00 -2.718520905192129411e-01 2.632532808038028360e+00 1.462020890206067136e+01 8.122588486967623922e+00 1.870310542710119872e+00 -3.903664670568633976e-01 -4.510074378280408691e-01 1.336576283714887659e+01 7.698752148020551189e+00 1.711332320085493075e+00 -4.451542032698997398e-01
6.496094308496325631e+00 7.319572610491091424e+00 4.926398734469393581e+00 2.639685040653804826e+00 4.727127579851423955e-01 6.059943229933193898e+00 6.741307895591836186e+00 4.953360838405164834e+00 2.699000752763515365e+00 4.961570788061591686e-01 4.948553433397600010e+00 6.350267306296220049e+00 4.880676373304976501e+00 2.674944774006246195e+00 4.933978710170039417e-01 6.814481240247653560e+00 7.318582623915667718e+00 5.268873268595042347e+00 2.809481800784409344e+00 5.072100418996546844e-01 5.335147418376874562e+00 6.774336671811009403e+00 5.139375300418758563e+00 2.748429243016761614e+00 4.928089686919873147e-01 4.717809344828503448e+00 6.489506921817745244e+00 5.020206224230562064e+00 2.680324412237806708e+00 4.762073823171661391e-01 6.205331098251029687e+00 7.202468252467356002e+00 5.309056500053922711e+00 2.813586825235436351e+00 5.041724533268332475e-01 5.081276358127634118e+00 6.730235649562828826e+00 5.132295677176264448e+00 2.714749323987281748e+00 4.785040820303977926e-01 4.635884842076973378e+00 6.492188276522998791e+00 4.999335378617659309e+00 2.636259760380310180e+00 4.582372240640785743e-01
2.901451178223889649e+00 1.572436381445246001e+00 2.966779182157099459e+00 2.239761134884503235e+00 5.973046690618335486e-01 3.772175512780646667e+00 1.624001905134534685e+00 2.699000752763515365e+00 2.280589988824534231e+00 6.432972191257637640e-01 3.763445345826865296e+00 1.810959149133452240e+00 2.606651081155968441e+00 2.276569941077669412e+00 6.485716670704988474e-01 4.743253848888942414e+00 1.312467629963404159e+00 2.548557163927152480e+00 2.258980791522350540e+00 6.542344327955560424e-01 4.063960678510674107e+00 1.672600842227504936e+00 2.462800807528250591e+00 2.250736580760645644e+00 6.725034817081226857e-01 4.694859188694402441e+00 1.900594664174199977e+00 2.456229801399648860e+00 2.225504150426002248e+00 6.768786895639360424e-01 3.550865086957387007e+00 1.316347521790597996e+00 2.392049014543850216e+00 2.229369606410656512e+00 6.664216506286391173e-01 4.635341896688850660e+00 1.695699305807467416e+00 2.369859297342740145e+00 2.199384766255021439e+00 6.815608286787405712e-01 5.305305849023477016e+00 1.911988287738732639e+00 2.388183356638485577e+00 2.174921593825286603e+00 6.794041589139666604e-01
3.247327664894942845e-01 -3.264514423594393477e-01 6.220244464407218565e-01 6.382449138844978886e-01 2.168359782923667545e-01 7.408665321166242324e-01 -2.292556580658342558e-01 4.961570788061591686e-01 6.432972191257637640e-01 2.326110476580837694e-01 8.884454210782987138e-01 -9.710094984362332982e-02 4.643459049530700433e-01 6.429826155572061497e-01 2.344729544807506172e-01 1.035980880721385500e+00 -4.461290887130501259e-01 3.869606676362960518e-01 6.189903694080371999e-01 2.362893083591296184e-01 9.477052314675623590e-01 -2.208566310014757061e-01 3.647923964022697918e-01 6.212858524050451914e-01 2.446409364046481794e-01 1.305399249634601189e+00 -8.466797230073526415e-02 3.778044178372476636e-01 6.186948658882375218e-01 2.477425510684032051e-01 6.013795344281626098e-01 -4.331580160731731133e-01 3.114147268150566084e-01 6.040611212908568728e-01 2.413795262262540542e-01 1.221566069432791668e+00 -2.082433160046321674e-01 3.246629507693232775e-01 6.028909162191086191e-01 2.497018878339434533e-01 1.572374388208729767e+00 -8.235488521403701301e-02 3.508152520728012869e-01 6.023192338056182482e-01 2.504495758329371435e-01
1.121348283420257452e+01 3.196528066595517359e+00 5.278114151613950256e+00 3.544489385289994132e+00 7.779475689248641634e-01 1.576394978897559618e+01 4.383548113892766551e+00 4.948553433397600010e+00 3.763445345826865296e+00 8.884454210782987138e-01 1.593470446609612701e+01 5.260261804200818680e+00 4.869540333844588176e+00 3.818193083177904512e+00 9.153811375747502588e-01 1.979555454407565662e+01 3.760719416038067031e+00 4.502214803819185818e+00 3.673762710072208559e+00 9.054045095466154436e-01 1.862533795331874487e+01 5.207669199958576023e+00 4.498017507976594054e+00 3.751951007490562873e+00 9.815226807904018358e-01 2.030366318100639589e+01 5.954464350617635127e+00 4.566482382290616648e+00 3.743926473951404876e+00 1.017892000370451022e+00 1.771062987534948263e+01 4.145237222360506735e+00 4.209678369220234195e+00 3.651317074211856806e+00 9.484271581125858219e-01 2.085727835440190248e+01 5.435117423251168312e+00 4.305996025810600258e+00 3.667295494576130022e+00 1.026342792933760961e+00 2.257059385184183853e+01 6.073655564153268571e+00 4.415361206263244576e+00 3.656027828058869389e+00 1.049422416064167196e+00
1.059385722433166421e+01 1.450246713183120306e+01 5.737649388255259275e+00 1.758714178716983323e+00 -5.695681658749804366e-02 7.934159144315060530e+00 1.317903530230369746e+01 6.350267306296220049e+00 1.810959149133452240e+00 -9.710094984362332982e-02 5.260261804200818680e+00 1.191079622180350484e+01 6.371980360984800029e+00 1.760119778128479417e+00 -1.155946682616690174e-01 7.997808032691975377e+00 1.526121103959980729e+01 7.412830557918149488e+00 2.117110066865510287e+00 -9.402070908818924155e-02 5.870406530568232917e+00 1.327550822788845508e+01 7.286955867081841731e+00 1.985575469382680147e+00 -1.678055333487351308e-01 3.068392490760777136e+00 1.213468659177463671e+01 7.020609490621029458e+00 1.874182323825771768e+00 -2.174575260546799393e-01 9.125775840820397278e+00 1.503103008180257660e+01 7.832555955034349537e+00 2.184503239564643096e+00 -1.279364427560169826e-01 4.192889764707792288e+00 1.314278462529498093e+01 7.462526335030042368e+00 2.008332174759105193e+00 -2.221427810722836904e-01 1.725320201776919360e+00 1.213186062802913234e+01 7.111309407344793776e+00 1.871009678407728583e+00 -2.671232005984674474e-01
6.478988897293439742e+00 7.355327577515863524e+00 4.835113321127084696e+00 2.547281763871226623e+00 4.430161944638612015e-01 5.997847998524279411e+00 6.775232810521129245e+00 4.880676373304976501e+00 2.606651081155968441e+00 4.643459049530700433e-01 4.869540333844588176e+00 6.371980360984800029e+00 4.814126882127998996e+00 2.583460247346795580e+00 4.614373533110915360e-01 6.724731767001371097e+00 7.378847045605383848e+00 5.206643328737595056e+00 2.717820017870135718e+00 4.744064510256393308e-01 5.262269254355923742e+00 6.812468042944978208e+00 5.082885340244684080e+00 2.657681127664357046e+00 4.591867981681346800e-01 4.602895739419003540e+00 6.513200073498944143e+00 4.963987745355637138e+00 2.590925671325740698e+00 4.424337657438677240e-01 6.175543647291966920e+00 7.263960993837465629e+00 5.256186194525860778e+00 2.723203000253706207e+00 4.705639210799855698e-01 4.982203091734897171e+00 6.768099407126967115e+00 5.080511808469899471e+00 2.625927118042881148e+00 4.442149548167242945e-01 4.494573349785016880e+00 6.516456977373578319e+00 4.946076184334351034e+00 2.548606738932800209e+00 4.241365757524387381e-01
2.896226424075752703e+00 1.486936145155371092e+00 2.945755263347102026e+00 2.233471597299008238e+00 5.960381703523118802e-01 3.807526674699296620e+00 1.557973334935222720e+00 2.674944774006246195e+00 2.276569941077669412e+00 6.429826155572061497e-01 3.818193083177904512e+00 1.760119778128479417e+00 2.583460247346795580e+00 2.274030128977302834e+00 6.487133457153401173e-01 4.801360232632869263e+00 1.226783963656605803e+00 2.512901405237614405e+00 2.251168787946997707e+00 6.536764599919772101e-01 4.130488763627976567e+00 1.610957948734831779e+00 2.429968606274801601e+00 2.245442764980432049e+00 6.732556659139576904e-01 4.792342338219189202e+00 1.852243655825113189e+00 2.426655817285233496e+00 2.221664409695919051e+00 6.784772488235704113e-01 3.587347448864676380e+00 1.234650616798641964e+00 2.352050028846219387e+00 2.221054973313399294e+00 6.663791354327256444e-01 4.728227918560713228e+00 1.636217031955227608e+00 2.334561933636595477e+00 2.193492449200163730e+00 6.830839983508540936e-01 5.426722204443803932e+00 1.864220858762485777e+00 2.356845500353200062e+00 2.170616851271880865e+00 6.816984884737536943e-01
3.265399436685224033e-01 -3.577883836716780341e-01 6.216865241661756469e-01 6.427475137486654555e-01 2.181854760153412176e-01 7.596895480158681879e-01 -2.538393447755431520e-01 4.933978710170039417e-01 6.485716670704988474e-01 2.344729544807506172e-01 9.153811375747502588e-01 -1.155946682616690174e-01 4.614373533110915360e-01 6.487133457153401173e-01 2.365272365837076118e-01 1.065922250807683325e+00 -4.788668288330819034e-01 3.796037710298155732e-01 6.229135245509324070e-01 2.381036780056381974e-01 9.796814874785971794e-01 -2.436428622470515615e-01 3.580141409759174387e-01 6.260090558832680507e-01 2.470083979282538811e-01 1.350600241836880322e+00 -1.018861448532854957e-01 3.721091754772706262e-01 6.238240149574274529e-01 2.504448357139389958e-01 6.208523233659856144e-01 -4.642728683747856522e-01 3.019872543904177919e-01 6.077205138342608448e-01 2.434312094258519465e-01 1.264972865682960856e+00 -2.299846800973179284e-01 3.167566051757897960e-01 6.072622511250501676e-01 2.523916895355572954e-01 1.628221140858084448e+00 -9.918836289171675813e-02 3.443408660894483608e-01 6.071557534422286073e-01 2.534240052584306180e-01
1.458983241967227684e+01 5.883403574024656635e+00 7.109764826736722831e+00 4.481339930444482533e+00 9.113161225400199239e-01 2.001627173806210891e+01 7.144820181285530758e+00 6.814481240247653560e+00 4.743253848888942414e+00 1.035980880721385500e+00 1.979555454407565662e+01 7.997808032691975377e+00 6.724731767001371097e+00 4.801360232632869263e+00 1.065922250807683325e+00 2.495475783536210912e+01 6.835381109972703761e+00 6.488565705369987668e+00 4.683419464379708685e+00 1.050840027138180366e+00 2.317930976540743515e+01 8.272479652682180884e+00 6.470090233723096773e+00 4.756646121986244147e+00 1.131208037722381210e+00 2.463259705728496129e+01 8.964456663105412559e+00 6.507254977201374579e+00 4.732075783006552072e+00 1.168478131720370516e+00 2.271784650522644711e+01 7.340414068599878661e+00 6.234028702293363366e+00 4.667015156488091066e+00 1.094085065340776541e+00 2.554140543673593911e+01 8.580632931079849257e+00 6.291983472369741648e+00 4.660268208201522100e+00 1.174371041713136998e+00 2.708656763406599666e+01 9.153071743241504521e+00 6.361159046657888005e+00 4.627855786288792572e+00 1.196909178748251534e+00
1.182013326894798411e+01 1.933631995214076227e+01 6.340526732883731142e+00 1.307456784199000355e+00 -3.555028931451589824e-01 7.546544357003443615e+00 1.726252388304860474e+01 7.318582623915667718e+00 1.312467629963404159e+00 -4.461290887130501259e-01 3.760719416038067031e+00 1.526121103959980729e+01 7.378847045605383848e+00 1.226783963656605803e+00 -4.788668288330819034e-01 6.835381109972703761e+00 2.053607759247509534e+01 8.997112092977403108e+00 1.774438147680714506e+00 -4.526937404159301348e-01 4.247436174400271547e+00 1.738706789312944423e+01 8.833697344578977706e+00 1.568489491863485075e+00 -5.769808967297870295e-01 -3.152760308911880527e-01 1.555298847624537473e+01 8.435638872538246957e+00 1.416827181783299805e+00 -6.550287096260418718e-01 9.322426457915831577e+00 2.023332777754477263e+01 9.713304486544361183e+00 1.880482460190331606e+00 -5.153347153782403822e-01 1.311640874736826001e+00 1.722004632637755606e+01 9.166565964045053860e+00 1.630406090172347167e+00 -6.675861722898217554e-01 -2.801402356796923510e+00 1.557836603973247946e+01 8.631685559154560039e+00 1.442790756627216897e+00 -7.345831185213637093e-01
6.859716997247346626e+00 8.852198011834406799e+00 5.124942881321349120e+00 2.502934512666328271e+00 3.792656598424418712e-01 5.974022267030078659e+00 8.037842058760746866e+00 5.268873268595042347e+00 2.548557163927152480e+00 3.869606676362960518e-01 4.502214803819185818e+00 7.412830557918149488e+00 5.206643328737595056e+00 2.512901405237614405e+00 3.796037710298155732e-01 6.488565705369987668e+00 8.997112092977403108e+00 5.786720675626551014e+00 2.713437083912789483e+00 3.960983333761151637e-01 4.835472129537353503e+00 8.082315210333629096e+00 5.643587033427989397e+00 2.628257192015885035e+00 3.655403826880863627e-01 3.657925651671350753e+00 7.574965036952300501e+00 5.480038554135728823e+00 2.546000287975032972e+00 3.396729303736858441e-01 6.280262083723874511e+00 8.859665596791485243e+00 5.924138832899132900e+00 2.732399473875154694e+00 3.845172416242046975e-01 4.170959473255721583e+00 8.028070513616706094e+00 5.688834026559493218e+00 2.608753884908594500e+00 3.401148185751717845e-01 3.203468314482619483e+00 7.586992563982222215e+00 5.494722024041868380e+00 2.512600652956680669e+00 3.125173820526991886e-01
3.040031767816600894e+00 2.011298973951832103e+00 3.047067230899042745e+00 2.219971944816758302e+00 5.766600813264720626e-01 3.784202165042857668e+00 1.994369554802946309e+00 2.809481800784409344e+00 2.258980791522350540e+00 6.189903694080371999e-01 3.673762710072208559e+00 2.117110066865510287e+00 2.717820017870135718e+00 2.251168787946997707e+00 6.229135245509324070e-01 4.683419464379708685e+00 1.774438147680714506e+00 2.713437083912789483e+00 2.256175220183398888e+00 6.312026375057165906e-01 3.937937829521225730e+00 2.032211528352637409e+00 2.621411087810995078e+00 2.240765721144482026e+00 6.450012385036281160e-01 4.432487728401489413e+00 2.201523591007925607e+00 2.601102872794724075e+00 2.210113780647488202e+00 6.465145004015940833e-01 3.560696534736393026e+00 1.763871232103601860e+00 2.581452269082790352e+00 2.232574285406152992e+00 6.420159897102714064e-01 4.396228271861430947e+00 2.046282643000700396e+00 2.541263343424408294e+00 2.194325947487835826e+00 6.517122181194702213e-01 4.941997600767076726e+00 2.210228849856108457e+00 2.541641930799465321e+00 2.163241169374251704e+00 6.470555746613836368e-01
3.405501123902953120e-01 -3.243167727439444925e-01 6.347131144459539076e-01 6.483288400564809484e-01 2.201335948745740956e-01 7.573746878901242985e-01 -2.275201905870981867e-01 5.072100418996546844e-01 6.542344327955560424e-01 2.362893083591296184e-01 9.054045095466154436e-01 -9.402070908818924155e-02 4.744064510256393308e-01 6.536764599919772101e-01 2.381036780056381974e-01 1.050840027138180366e+00 -4.526937404159301348e-01 3.960983333761151637e-01 6.312026375057165906e-01 2.408805711597190868e-01 9.549447949952150072e-01 -2.255903324142728150e-01 3.729120794342948852e-01 6.333384146703897599e-01 2.492521435771596627e-01 1.323754582125230339e+00 -8.697822864829955758e-02 3.855653809144795052e-01 6.301324533962463503e-01 2.522132626110462073e-01 5.952556884089283962e-01 -4.435997312309018503e-01 3.188648904212071922e-01 6.169247596601555861e-01 2.464778690871578803e-01 1.230949662551691359e+00 -2.158108714070013090e-01 3.316587412517569833e-01 6.152215163997007963e-01 2.547002052773454928e-01 1.593381849181202847e+00 -8.713114270950779450e-02 3.577381581353674123e-01 6.139613408548869611e-01 2.552156373383966947e-01
1.279070035245962700e+01 3.391524841449108152e+00 5.696977026208982942e+00 3.828984694253938059e+00 8.260811850520235478e-01 1.831036770928383461e+01 4.833383357616431120e+00 5.335147418376874562e+00 4.063960678510674107e+00 9.477052314675623590e-01 1.862533795331874487e+01 5.870406530568232917e+00 5.262269254355923742e+00 4.130488763627976567e+00 9.796814874785971794e-01 2.317930976540743515e+01 4.247436174400271547e+00 4.835472129537353503e+00 3.937937829521225730e+00 9.549447949952150072e-01 2.218412301401849263e+01 5.963348264236172369e+00 4.853047332377907530e+00 4.031282633437127672e+00 1.043390361540806888e+00 2.399589944566506006e+01 6.819406785724548392e+00 4.943517925965772442e+00 4.032951646758638375e+00 1.088187026771787025e+00 2.135105156330862641e+01 4.799356381985897535e+00 4.522436126572680237e+00 3.901862653172154083e+00 9.982362495061598562e-01 2.489125441211563938e+01 6.303308815305120660e+00 4.649385447377495595e+00 3.930616021560622730e+00 1.090915842999509833e+00 2.670884569998985825e+01 7.017460166458491244e+00 4.783051866805748453e+00 3.930266922250895689e+00 1.121749990248051665e+00
1.118479054466186717e+01 1.632586952492580679e+01 6.025555391620740942e+00 1.637893796364575660e+00 -1.630920863348583605e-01 8.292620644097679516e+00 1.479144784938332435e+01 6.774336671811009403e+00 1.672600842227504936e+00 -2.208566310014757061e-01 5.207669199958576023e+00 1.327550822788845508e+01 6.812468042944978208e+00 1.610957948734831779e+00 -2.436428622470515615e-01 8.272479652682180884e+00 1.738706789312944423e+01 8.082315210333629096e+00 2.032211528352637409e+00 -2.255903324142728150e-01 5.963348264236172369e+00 1.501598437201785075e+01 7.948919198800734165e+00 1.875283868806320697e+00 -3.161014380937962609e-01 2.461090933329036279e+00 1.362018595807560040e+01 7.634590594110958861e+00 1.751065031411322082e+00 -3.745055260671096842e-01 9.984817600463751219e+00 1.719790371602028145e+01 8.625240045599175787e+00 2.112259009979780888e+00 -2.716137667188618376e-01 3.870875891975485761e+00 1.491655613054198959e+01 8.193439387164172416e+00 1.910724497874388694e+00 -3.846342088589499997e-01 7.418268428921442892e-01 1.366357377266362860e+01 7.773117390331546694e+00 1.756895132388240688e+00 -4.358998032787177457e-01
6.774160654473304177e+00 8.668589238866012181e+00 4.989572789354434157e+00 2.414817731568706716e+00 3.571767353921851962e-01 5.939515610284762381e+00 7.891596780611907391e+00 5.139375300418758563e+00 2.462800807528250591e+00 3.647923964022697918e-01 4.498017507976594054e+00 7.286955867081841731e+00 5.082885340244684080e+00 2.429968606274801601e+00 3.580141409759174387e-01 6.470090233723096773e+00 8.833697344578977706e+00 5.643587033427989397e+00 2.621411087810995078e+00 3.729120794342948852e-01 4.853047332377907530e+00 7.948919198800734165e+00 5.509774142966302080e+00 2.540992213152865720e+00 3.439160414566231339e-01 3.701640691776502567e+00 7.455740559316076599e+00 5.352524456376371198e+00 2.462323008761880150e+00 3.193497157959740984e-01 6.271931919672104172e+00 8.706595079549016347e+00 5.780327782580461538e+00 2.640301415620815995e+00 3.616391536487286729e-01 4.215967415027929377e+00 7.899768500866072074e+00 5.554762922761495858e+00 2.522080392023318574e+00 3.193719681458329074e-01 3.269018920502900549e+00 7.470228914000794695e+00 5.367009473822804466e+00 2.429732913805448646e+00 2.931912172969593500e-01
2.993681487299856947e+00 1.810415546549765331e+00 2.994519179539713249e+00 2.208103198679717494e+00 5.770980009309805148e-01 3.819060782921217978e+00 1.831747226613414714e+00 2.748429243016761614e+00 2.250736580760645644e+00 6.212858524050451914e-01 3.751951007490562873e+00 1.985575469382680147e+00 2.657681127664357046e+00 2.245442764980432049e+00 6.260090558832680507e-01 4.756646121986244147e+00 1.568489491863485075e+00 2.628257192015885035e+00 2.240765721144482026e+00 6.333384146703897599e-01 4.031282633437127672e+00 1.875283868806320697e+00 2.540992213152865720e+00 2.229924778527720086e+00 6.495873244281931136e-01 4.591993916528106290e+00 2.072139085102477019e+00 2.527043321818734256e+00 2.201910258711267776e+00 6.526428720526125105e-01 3.587104860324587197e+00 1.564756964226445390e+00 2.486781247232416892e+00 2.216174389537529432e+00 6.452663578987436477e-01 4.541227707119775303e+00 1.892899109930996193e+00 2.455722951256817943e+00 2.182424692947533718e+00 6.578799805645351162e-01 5.147907334831947956e+00 2.081299060476899943e+00 2.464078809106321710e+00 2.154294272341033434e+00 6.545901380123638758e-01
3.317384238459331058e-01 -4.416684365424559111e-01 6.295647203413791138e-01 6.644978194611729228e-01 2.268413914714208501e-01 8.046510807031537205e-01 -3.221614646435085882e-01 4.928089686919873147e-01 6.725034817081226857e-01 2.446409364046481794e-01 9.815226807904018358e-01 -1.678055333487351308e-01 4.591867981681346800e-01 6.732556659139576904e-01 2.470083979282538811e-01 1.131208037722381210e+00 -5.769808967297870295e-01 3.655403826880863627e-01 6.450012385036281160e-01 2.492521435771596627e-01 1.043390361540806888e+00 -3.161014380937962609e-01 3.439160414566231339e-01 6.495873244281931136e-01 2.593314618889233647e-01 1.458886340314020202e+00 -1.582879118959175657e-01 3.602190147988835744e-01 6.476325739159117800e-01 2.632984519769263621e-01 6.380117406771593780e-01 -5.633102784150717524e-01 2.808034607274382810e-01 6.297517226901289122e-01 2.556631739281839399e-01 1.357089153456892294e+00 -3.034998938801924395e-01 2.986579220786399480e-01 6.302923725837624724e-01 2.658518364826046310e-01 1.763376273091147528e+00 -1.577271327859714189e-01 3.296798387338941705e-01 6.305154511692894204e-01 2.671936301321488627e-01
1.196822799558128736e+01 -7.339418803253604517e-01 5.421549015003777505e+00 4.410282613543924590e+00 1.134460243470055474e+00 1.899640165451026874e+01 1.367517728542828381e+00 4.717809344828503448e+00 4.694859188694402441e+00 1.305399249634601189e+00 2.030366318100639589e+01 3.068392490760777136e+00 4.602895739419003540e+00 4.792342338219189202e+00 1.350600241836880322e+00 2.463259705728496129e+01 -3.152760308911880527e-01 3.657925651671350753e+00 4.432487728401489413e+00 1.323754582125230339e+00 2.399589944566506006e+01 2.461090933329036279e+00 3.701640691776502567e+00 4.591993916528106290e+00 1.458886340314020202e+00 2.744443261926075905e+01 3.954279175226713683e+00 3.907478396224760786e+00 4.626376920012917004e+00 1.529219907380295451e+00 2.148114246627128665e+01 2.917300491597364376e-01 3.068083444809131866e+00 4.362408269106804681e+00 1.394690226659961230e+00 2.787959390462368958e+01 2.828061577376927094e+00 3.349278457955483734e+00 4.453872827221879049e+00 1.540282800879960945e+00 3.123296941526196235e+01 4.123750752326416524e+00 3.646495075422576893e+00 4.494814390777914781e+00 1.590325712048752393e+00
1.084759163330942222e+01 1.462585122675268146e+01 5.876513671206128109e+00 1.847877494374520424e+00 -4.624683607923793516e-02 8.633449079027860407e+00 1.337663737538917452e+01 6.489506921817745244e+00 1.900594664174199977e+00 -8.466797230073526415e-02 5.954464350617635127e+00 1.213468659177463671e+01 6.513200073498944143e+00 1.852243655825113189e+00 -1.018861448532854957e-01 8.964456663105412559e+00 1.555298847624537473e+01 7.574965036952300501e+00 2.201523591007925607e+00 -8.697822864829955758e-02 6.819406785724548392e+00 1.362018595807560040e+01 7.455740559316076599e+00 2.072139085102477019e+00 -1.582879118959175657e-01 3.954279175226713683e+00 1.248042672238265993e+01 7.189616307209754531e+00 1.962847900154270242e+00 -2.057930226861362788e-01 1.019850842268409430e+01 1.540616395565357344e+01 8.010623956990382766e+00 2.266284411090595974e+00 -1.228036984635170470e-01 5.211588333758365721e+00 1.354498903228303597e+01 7.643663687318432487e+00 2.091763294865983447e+00 -2.137378483609045920e-01 2.676839474108764438e+00 1.252262520449343697e+01 7.290306929081812548e+00 1.956544152143245840e+00 -2.564803345301259196e-01
6.651640476795398271e+00 8.288151389230430155e+00 4.891615785106749215e+00 2.405624376455654190e+00 3.673459092139146343e-01 5.924419245810804036e+00 7.571874892982656036e+00 5.020206224230562064e+00 2.456229801399648860e+00 3.778044178372476636e-01 4.566482382290616648e+00 7.020609490621029458e+00 4.963987745355637138e+00 2.426655817285233496e+00 3.721091754772706262e-01 6.507254977201374579e+00 8.435638872538246957e+00 5.480038554135728823e+00 2.601102872794724075e+00 3.855653809144795052e-01 4.943517925965772442e+00 7.634590594110958861e+00 5.352524456376371198e+00 2.527043321818734256e+00 3.602190147988835744e-01 3.907478396224760786e+00 7.189616307209754531e+00 5.206540184737775689e+00 2.452722653560593713e+00 3.379516871937672251e-01 6.244866063456383287e+00 8.318504412221860989e+00 5.597826509669153516e+00 2.616542042668703161e+00 3.758320879988332197e-01 4.396414735439221566e+00 7.590715681444824448e+00 5.387563459070964456e+00 2.505346708194290173e+00 3.379772459496898085e-01 3.554782891774826314e+00 7.204373676305886320e+00 5.214349441400882412e+00 2.418195305725696631e+00 3.137960164904113891e-01
2.918951667117366977e+00 1.658955904010691818e+00 2.930924711155264983e+00 2.182266109399111809e+00 5.739424661629602964e-01 3.781092652033911428e+00 1.702692178880033547e+00 2.680324412237806708e+00 2.225504150426002248e+00 6.186948658882375218e-01 3.743926473951404876e+00 1.874182323825771768e+00 2.590925671325740698e+00 2.221664409695919051e+00 6.238240149574274529e-01 4.732075783006552072e+00 1.416827181783299805e+00 2.546000287975032972e+00 2.210113780647488202e+00 6.301324533962463503e-01 4.032951646758638375e+00 1.751065031411322082e+00 2.462323008761880150e+00 2.201910258711267776e+00 6.476325739159117800e-01 4.626376920012917004e+00 1.962847900154270242e+00 2.452722653560593713e+00 2.176007087576361965e+00 6.515980819334907803e-01 3.555125996347862305e+00 1.418650233702985597e+00 2.399687097499770161e+00 2.184309746667093322e+00 6.423448334198955667e-01 4.570340770000331787e+00 1.771842326356250830e+00 2.374693658858310741e+00 2.153712504213713075e+00 6.565733566428396673e-01 5.205561580432223501e+00 1.973207272661091194e+00 2.388252157714952251e+00 2.128008079348029824e+00 6.541737006003143229e-01
3.181211365423212700e-01 -5.174263113196313491e-01 6.177960463130565127e-01 6.678028967286094852e-01 2.290929619515267579e-01 8.233862671132695654e-01 -3.839960265940092765e-01 4.762073823171661391e-01 6.768786895639360424e-01 2.477425510684032051e-01 1.017892000370451022e+00 -2.174575260546799393e-01 4.424337657438677240e-01 6.784772488235704113e-01 2.504448357139389958e-01 1.168478131720370516e+00 -6.550287096260418718e-01 3.396729303736858441e-01 6.465145004015940833e-01 2.522132626110462073e-01 1.088187026771787025e+00 -3.745055260671096842e-01 3.193497157959740984e-01 6.526428720526125105e-01 2.632984519769263621e-01 1.529219907380295451e+00 -2.057930226861362788e-01 3.379516871937672251e-01 6.515980819334907803e-01 2.678948952357567137e-01 6.580129040125417550e-01 -6.379623637165956485e-01 2.509499427270051597e-01 6.306504177329378402e-01 2.590258501567556659e-01 1.423429021699442520e+00 -3.597967175478746782e-01 2.720184460357790712e-01 6.327073834229075544e-01 2.704043374972453506e-01 1.853376202413677953e+00 -2.044499791396198474e-01 3.060315096954963066e-01 6.339911698560958264e-01 2.722932625507138993e-01
1.432313769594438035e+01 7.947273085189834774e+00 6.220089879035282543e+00 3.361881103347818200e+00 5.274889274613562273e-01 1.842505191393771824e+01 8.749855312171455068e+00 6.205331098251029687e+00 3.550865086957387007e+00 6.013795344281626098e-01 1.771062987534948263e+01 9.125775840820397278e+00 6.175543647291966920e+00 3.587347448864676380e+00 6.208523233659856144e-01 2.271784650522644711e+01 9.322426457915831577e+00 6.280262083723874511e+00 3.560696534736393026e+00 5.952556884089283962e-01 2.135105156330862641e+01 9.984817600463751219e+00 6.271931919672104172e+00 3.587104860324587197e+00 6.380117406771593780e-01 2.148114246627128665e+01 1.019850842268409430e+01 6.244866063456383287e+00 3.555125996347862305e+00 6.580129040125417550e-01 2.231080641905038320e+01 9.848808972505244341e+00 6.248762402387981751e+00 3.556682808318663458e+00 6.100464372798567458e-01 2.294731357369346370e+01 1.031776760530647152e+01 6.217791482471933584e+00 3.520411833079784003e+00 6.508820717652727961e-01 2.318891294325160501e+01 1.044125763598585266e+01 6.184247625068652887e+00 3.477562280505759773e+00 6.632111169650125593e-01
1.168281355952998801e+01 1.892388384333628437e+01 6.244448718106362151e+00 1.311559660911219005e+00 -3.453691181346821293e-01 7.846971391689348430e+00 1.696425641324394817e+01 7.202468252467356002e+00 1.316347521790597996e+00 -4.331580160731731133e-01 4.145237222360506735e+00 1.503103008180257660e+01 7.263960993837465629e+00 1.234650616798641964e+00 -4.642728683747856522e-01 7.340414068599878661e+00 2.023332777754477263e+01 8.859665596791485243e+00 1.763871232103601860e+00 -4.435997312309018503e-01 4.799356381985897535e+00 1.719790371602028145e+01 8.706595079549016347e+00 1.564756964226445390e+00 -5.633102784150717524e-01 2.917300491597364376e-01 1.540616395565357344e+01 8.318504412221860989e+00 1.418650233702985597e+00 -6.379623637165956485e-01 9.848808972505244341e+00 2.000194675148383538e+01 9.572936430345594161e+00 1.866092688248254694e+00 -5.062610104288982615e-01 1.975084465674860956e+00 1.707770034116446212e+01 9.042423981322013304e+00 1.623791006144198912e+00 -6.526206305740331892e-01 -2.096487479963433209e+00 1.546445144010210981e+01 8.518730112483702044e+00 1.442568778466167156e+00 -7.163462560988230754e-01
6.923199768097327400e+00 9.477417200913363260e+00 5.100206201088062663e+00 2.353012836929037288e+00 3.123291042050294064e-01 5.843622261203206492e+00 8.565883110275668955e+00 5.309056500053922711e+00 2.392049014543850216e+00 3.114147268150566084e-01 4.209678369220234195e+00 7.832555955034349537e+00 5.256186194525860778e+00 2.352050028846219387e+00 3.019872543904177919e-01 6.234028702293363366e+00 9.713304486544361183e+00 5.924138832899132900e+00 2.581452269082790352e+00 3.188648904212071922e-01 4.522436126572680237e+00 8.625240045599175787e+00 5.780327782580461538e+00 2.486781247232416892e+00 2.808034607274382810e-01 3.068083444809131866e+00 8.010623956990382766e+00 5.597826509669153516e+00 2.399687097499770161e+00 2.509499427270051597e-01 6.248762402387981751e+00 9.572936430345594161e+00 6.112904102648033522e+00 2.608421900195510457e+00 3.029832336515941305e-01 3.657259885809110322e+00 8.569900647218187117e+00 5.853763415475992105e+00 2.475647281312627790e+00 2.501557725138554011e-01 2.428209608030805544e+00 8.029707233267336264e+00 5.631929348186532458e+00 2.373006435900661071e+00 2.196974597092295201e-01
3.064985392500468198e+00 2.107576064943601946e+00 3.039087652758819313e+00 2.189283782518501198e+00 5.627616172558883578e-01 3.788571718908234853e+00 2.077619964100415384e+00 2.813586825235436351e+00 2.229369606410656512e+00 6.040611212908568728e-01 3.651317074211856806e+00 2.184503239564643096e+00 2.723203000253706207e+00 2.221054973313399294e+00 6.077205138342608448e-01 4.667015156488091066e+00 1.880482460190331606e+00 2.732399473875154694e+00 2.232574285406152992e+00 6.169247596601555861e-01 3.901862653172154083e+00 2.112259009979780888e+00 2.640301415620815995e+00 2.216174389537529432e+00 6.297517226901289122e-01 4.362408269106804681e+00 2.266284411090595974e+00 2.616542042668703161e+00 2.184309746667093322e+00 6.306504177329378402e-01 3.556682808318663458e+00 1.866092688248254694e+00 2.608421900195510457e+00 2.211894243437641627e+00 6.276985629343396766e-01 4.328430855065218630e+00 2.123319591756574365e+00 2.564318688785428790e+00 2.172106947909079544e+00 6.361974970861903333e-01 4.843230018132892667e+00 2.273526281540620975e+00 2.559892349496020625e+00 2.139348690119819096e+00 6.310366469896445674e-01
3.437347237802798605e-01 -3.791622456995271118e-01 6.365358358332985356e-01 6.590048769069216661e-01 2.242726363863256633e-01 7.866721304273371906e-01 -2.718520905192129411e-01 5.041724533268332475e-01 6.664216506286391173e-01 2.413795262262540542e-01 9.484271581125858219e-01 -1.279364427560169826e-01 4.705639210799855698e-01 6.663791354327256444e-01 2.434312094258519465e-01 1.094085065340776541e+00 -5.153347153782403822e-01 3.845172416242046975e-01 6.420159897102714064e-01 2.464778690871578803e-01 9.982362495061598562e-01 -2.716137667188618376e-01 3.616391536487286729e-01 6.452663578987436477e-01 2.556631739281839399e-01 1.394690226659961230e+00 -1.228036984635170470e-01 3.758320879988332197e-01 6.423448334198955667e-01 2.590258501567556659e-01 6.100464372798567458e-01 -5.062610104288982615e-01 3.029832336515941305e-01 6.276985629343396766e-01 2.527383788768866046e-01 1.292738652483429673e+00 -2.621217316108216955e-01 3.179594221835663759e-01 6.268117138658979570e-01 2.618338727002847421e-01 1.681734060873967040e+00 -1.240229874573476471e-01 3.463152819965362172e-01 6.258983989115395330e-01 2.626217504645487755e-01
