0.000000000000000000e+00 0.000000000000000000e+00 0.000000000000000000e+00 0.000000000000000000e+00 0.000000000000000000e+00 0.000000000000000000e+00 0.000000000000000000e+00 0.000000000000000000e+00 0.000000000000000000e+00 0.000000000000000000e+00 0.000000000000000000e+00 0.000000000000000000e+00 0.000000000000000000e+00 0.000000000000000000e+00 0.000000000000000000e+00 0.000000000000000000e+00 0.000000000000000000e+00 0.000000000000000000e+00 0.000000000000000000e+00 0.000000000000000000e+00 0.000000000000000000e+00 0.000000000000000000e+00 0.000000000000000000e+00 0.000000000000000000e+00 0.000000000000000000e+00 0.000000000000000000e+00 0.000000000000000000e+00 0.000000000000000000e+00 0.000000000000000000e+00 0.000000000000000000e+00 0.000000000000000000e+00 0.000000000000000000e+00 0.000000000000000000e+00 0.000000000000000000e+00 0.000000000000000000e+00 0.000000000000000000e+00 0.000000000000000000e+00 0.000000000000000000e+00 0.000000000000000000e+00 0.000000000000000000e+00 0.000000000000000000e+00 0.000000000000000000e+00 0.000000000000000000e+00 0.000000000000000000e+00 0.000000000000000000e+00
0.000000000000000000e+00 9.580625425545587603e+00 1.368358787615191652e+01 8.237965544218543101e+00 2.607797785428116022e+00 3.436491590647619554e-02 1.292353166902666040e+01 1.268516103972590869e+01 8.231637714891480329e+00 2.752595197961797968e+00 -1.984833600896354078e-01 1.031458439403217220e+01 1.183663161498463623e+01 8.032095029089841631e+00 2.723960277987862444e+00 -4.511199067859660849e-01 1.517235683459139217e+01 1.450994013263540694e+01 9.194708810623788864e+00 3.016917383585610235e+00 -1.269391887696124321e+00 1.111290749780919462e+01 1.308163087386663115e+01 8.807045007762765110e+00 2.929036922154084177e+00 -4.035493836906711707e+00 9.064454479748592419e+00 1.223595629267044060e+01 8.487924693051279945e+00 2.832083414313078418e+00 -2.607362534394672249e+00 1.325770976250894151e+01 1.444052643492880428e+01 9.479630673849710476e+00 3.116741015615015709e+00 -4.546228682997209170e+00 9.805211462483345741e+00 1.303949711134749379e+01 8.949590208581684081e+00 2.940432623221679531e+00 -6.520303221577033348e+00 8.216517569056000170e+00 1.223250609052361249e+01 8.581639609852812711e+00 2.819399421952880402e+00
0.000000000000000000e+00 1.368358787615191652e+01 2.294731334007502355e+01 1.397301291307085158e+01 4.514066314385146050e+00 -8.679591938003801133e+00 1.918516626147341242e+01 2.064399508207895551e+01 1.373899970330250397e+01 4.713651371133854795e+00 -7.313450898160083646e+00 1.411799034466490532e+01 1.889492997129894292e+01 1.330441565847300112e+01 4.641699493489358730e+00 -1.089788600141324437e+01 2.338282365311726707e+01 2.412454121427134268e+01 1.557088790826654190e+01 5.182924645965409027e+00 -1.022550910392584989e+01 1.546052254733963238e+01 2.122382313106145091e+01 1.475455379026331748e+01 4.989887133867953573e+00 -1.551765994043674368e+01 1.139160184266043885e+01 1.954309827918524789e+01 1.414036973885984239e+01 4.811919265868461970e+00 -1.417960247184239542e+01 1.973152176475254294e+01 2.397383654646164430e+01 1.609061313375542923e+01 5.329513620688302922e+00 -1.709500489484622321e+01 1.290002303246032689e+01 2.119692130048437662e+01 1.505646207530031511e+01 4.998814574497226992e+00 -2.111182165852485682e+01 9.691939945207508345e+00 1.961534819107490435e+01 1.436342702350985689e+01 4.786728539845700681e+00
0.000000000000000000e+00 8.237965544218543101e+00 1.397301291307085158e+01 8.793560382439826739e+00 3.049968251502187755e+00 -4.784377115009471382e+00 1.154044124722991960e+01 1.254890645131769489e+01 8.612844688910531232e+00 3.160190211718862496e+00 -4.034525854389958255e+00 8.555500490287782256e+00 1.149738211754019268e+01 8.340469317358728318e+00 3.112465123515521626e+00 -6.005068280811751258e+00 1.405443507759365218e+01 1.462519492511878560e+01 9.707388393101629376e+00 3.435258936219623749e+00 -5.725058600653678553e+00 9.403049231744509129e+00 1.290015871225290134e+01 9.203621795307656228e+00 3.311292097059698847e+00 -8.865492826098332557e+00 7.009958313984769873e+00 1.190265802286794994e+01 8.832440865183428969e+00 3.200192613938728670e+00 -7.931814060136361810e+00 1.194795936106471501e+01 1.454351992603546151e+01 1.000009327267472692e+01 3.508371658436614915e+00 -9.786940963261415050e+00 7.944044834439865532e+00 1.290174937384560572e+01 9.375936546137838334e+00 3.302148957883946245e+00 -1.218549257634072269e+01 6.054942971866335455e+00 1.196702043176760100e+01 8.959940790645530839e+00 3.170551761161145343e+00
0.000000000000000000e+00 2.607797785428116022e+00 4.514066314385146050e+00 3.049968251502187755e+00 1.225300032985814802e+00 -1.110971767366881302e+00 3.650814781916799312e+00 4.042242664669574381e+00 2.961508087597472194e+00 1.250225259585837856e+00 -9.557674189182385760e-01 2.762327107296316253e+00 3.715114354368078242e+00 2.866910563597092843e+00 1.230675992840490451e+00 -1.406053132512782522e+00 4.423273935979666227e+00 4.675342386809674622e+00 3.297656340109931250e+00 1.333207222726151775e+00 -1.428905340582828032e+00 3.050337184000606161e+00 4.151129896045803847e+00 3.128945631903278013e+00 1.286707933647803115e+00 -2.371750556472257632e+00 2.345195062892086124e+00 3.850264193520583245e+00 3.010812252756587704e+00 1.247707897607117866e+00 -1.994632320472168319e+00 3.822140131449530465e+00 4.652430655948908367e+00 3.372294872255035436e+00 1.345160696259870781e+00 -2.627304456308308112e+00 2.650895902504647683e+00 4.160761455839180556e+00 3.174451167398657958e+00 1.273318418092731941e+00 -3.355976087378874428e+00 2.094508674020178152e+00 3.881417058816897470e+00 3.044612189425029758e+00 1.227920605764357687e+00
0.000000000000000000e+00 3.436491590647619554e-02 -8.679591938003801133e+00 -4.784377115009471382e+00 -1.110971767366881302e+00 3.644519374799843803e+01 5.764602084080588940e-01 -5.952035955030959613e+00 -4.203804603299095000e+00 -1.143632874963236956e+00 3.059584061761209384e+01 5.164519713814279989e+00 -4.226822972970091463e+00 -3.744191993141728680e+00 -1.050352220219742616e+00 4.424196575584478097e+01 -1.482122080991044699e+00 -8.344779562787008942e+00 -5.578177537770833361e+00 -1.522949217437930214e+00 3.805868037339720189e+01 5.998669138405896106e+00 -5.476810433686502222e+00 -4.770283526023139764e+00 -1.333697458269124780e+00 4.160405415124395745e+01 9.788958261557731078e+00 -3.943556551084213435e+00 -4.269294271503700777e+00 -1.206456616723308173e+00 4.674891332049330117e+01 2.841615475973637395e+00 -7.772565726968158728e+00 -5.933959691847888074e+00 -1.644803738864244469e+00 4.637159676634161087e+01 9.338005203027099910e+00 -5.210484198682343582e+00 -5.073898387170513224e+00 -1.407569281311038312e+00 4.926371858952911964e+01 1.230404334644262576e+01 -3.852687112420011495e+00 -4.546508356529476380e+00 -1.278700737512554531e+00
0.000000000000000000e+00 1.292353166902666040e+01 1.918516626147341242e+01 1.154044124722991960e+01 3.650814781916799312e+00 5.764602084080588940e-01 1.830543078535353629e+01 1.777164979640674147e+01 1.149891856162055426e+01 3.837028899955536421e+00 4.577277126794348505e-01 1.461376796484474205e+01 1.657912838148134327e+01 1.121317084118587104e+01 3.795985322815760732e+00 3.358255864427561743e-01 2.178069577118270317e+01 2.048298951102588816e+01 1.288777491313977741e+01 4.190286436948644777e+00 -4.940055344902766210e-01 1.606629701588193626e+01 1.848968868940903221e+01 1.233243061289612719e+01 4.062376849948365454e+00 -4.664768787376168291e+00 1.311439311534062568e+01 1.728880197892747717e+01 1.188208553746419227e+01 3.930453969201611386e+00 -2.197804002021102043e+00 1.934267269210852547e+01 2.052091527413899996e+01 1.330873098496548934e+01 4.311084809779100802e+00 -4.996001063150649735e+00 1.440774532820584142e+01 1.853679168936417909e+01 1.255386656161102188e+01 4.066003639263674252e+00 -8.095828493495801581e+00 1.207396620145368260e+01 1.737111803327488246e+01 1.203308882523656465e+01 3.902763554908986965e+00
0.000000000000000000e+00 1.268516103972590869e+01 2.064399508207895551e+01 1.254890645131769489e+01 4.042242664669574381e+00 -5.952035955030959613e+00 1.777164979640674147e+01 1.870619300964000686e+01 1.238159361409464054e+01 4.227118470878477474e+00 -5.042010178814567034e+00 1.335757142147204490e+01 1.720219910283683618e+01 1.201322134971581335e+01 4.167827773829622551e+00 -7.569614688070319453e+00 2.151957382711663413e+01 2.177880850185026773e+01 1.398926624662522222e+01 4.636994042764490231e+00 -7.343767010467958656e+00 1.463644292107978728e+01 1.928189023558361725e+01 1.329194150415692555e+01 4.472833489036459831e+00 -1.201836205746587005e+01 1.109954176077647858e+01 1.782414726697340512e+01 1.275768430211962290e+01 4.317612267538149418e+00 -1.048752223646957482e+01 1.839061022871182871e+01 2.168195220543921309e+01 1.445373094440379091e+01 4.767247148616048591e+00 -1.322743395648851461e+01 1.246049620496669341e+01 1.927488329847008330e+01 1.355528622441140918e+01 4.478775584579557822e+00 -1.676174208954446954e+01 9.671928673043140634e+00 1.789508004603163727e+01 1.294881352629492532e+01 4.292095428688654124e+00
0.000000000000000000e+00 8.231637714891480329e+00 1.373899970330250397e+01 8.612844688910531232e+00 2.961508087597472194e+00 -4.203804603299095000e+00 1.149891856162055426e+01 1.238159361409464054e+01 8.454614013949438345e+00 3.073650509378396123e+00 -3.556248625601090119e+00 8.601259798862935568e+00 1.136642950278347186e+01 8.195237071534267059e+00 3.029105919281014803e+00 -5.310901981805974614e+00 1.395755398138711456e+01 1.440602613123572162e+01 9.520580029387767595e+00 3.341749432794062002e+00 -5.146571186903478257e+00 9.446337435812328209e+00 1.273866791639891005e+01 9.038510105172143483e+00 3.223972902923724515e+00 -8.206827892155230231e+00 7.126155631109559074e+00 1.177153466172175023e+01 8.678961000352028776e+00 3.116587621936872665e+00 -7.207921470229278427e+00 1.192001863698002140e+01 1.433298160210957484e+01 9.810825631023597282e+00 3.415517469023308106e+00 -9.066828681551575286e+00 8.039305325300157179e+00 1.274173110175710200e+01 9.206877407514092226e+00 3.216246942052364055e+00 -1.139677260717224705e+01 6.208664580942428124e+00 1.183363870743165869e+01 8.802398113418281156e+00 3.088302531180364685e+00
0.000000000000000000e+00 2.752595197961797968e+00 4.713651371133854795e+00 3.160190211718862496e+00 1.250225259585837856e+00 -1.143632874963236956e+00 3.837028899955536421e+00 4.227118470878477474e+00 3.073650509378396123e+00 1.278246214243925927e+00 -9.857823613101897031e-01 2.906901261930957325e+00 3.886364854884169606e+00 2.976495114488005189e+00 1.258592276106233143e+00 -1.454987376674353738e+00 4.642125486827719527e+00 4.888152068330021471e+00 3.425052476794372858e+00 1.365639245858017325e+00 -1.484360709852884597e+00 3.203578780894886791e+00 4.340565973161010227e+00 3.251061018015376725e+00 1.318358601375609007e+00 -2.469103759932077757e+00 2.465333185291023188e+00 4.025910658776544082e+00 3.128054033372841491e+00 1.278102147376773301e+00 -2.078235855960679945e+00 4.007615434345721539e+00 4.863034085545224094e+00 3.505190945067842012e+00 1.379999801915357205e+00 -2.739306233919480693e+00 2.780073910973649642e+00 4.348548117196483709e+00 3.299341370774669269e+00 1.305887230504580554e+00 -3.496799143534724763e+00 2.198109950689830061e+00 4.056234150909281411e+00 3.163731442680386863e+00 1.258818094552648814e+00
0.000000000000000000e+00 -1.984833600896354078e-01 -7.313450898160083646e+00 -4.034525854389958255e+00 -9.557674189182385760e-01 3.059584061761209384e+01 4.577277126794348505e-01 -5.042010178814567034e+00 -3.556248625601090119e+00 -9.857823613101897031e-01 2.608201229150813560e+01 4.291598486213216823e+00 -3.611834147289121333e+00 -3.176464297048696483e+00 -9.080248467344188557e-01 3.739863844538152904e+01 -1.071914763445111385e+00 -6.936635073795925699e+00 -4.661505346095134783e+00 -1.302261167977622147e+00 3.265200488705593784e+01 5.198782544758890900e+00 -4.544970217326277151e+00 -3.991411057250894068e+00 -1.145336089374039190e+00 3.547329777811825835e+01 8.317270836804299350e+00 -3.284077019172052303e+00 -3.578904771609774382e+00 -1.038209671142193979e+00 4.009464980596891337e+01 2.719060426190916591e+00 -6.369513855349516973e+00 -4.925999356599329637e+00 -1.404916391984420754e+00 3.962759212478620441e+01 8.095989914557559786e+00 -4.250304002924102598e+00 -4.217071734572243713e+00 -1.206707813443439470e+00 4.186848621119068525e+01 1.050348523681805979e+01 -3.143779352044615560e+00 -3.786123941758104294e+00 -1.097760169911498940e+00
0.000000000000000000e+00 1.031458439403217220e+01 1.411799034466490532e+01 8.555500490287782256e+00 2.762327107296316253e+00 5.164519713814279989e+00 1.461376796484474205e+01 1.335757142147204490e+01 8.601259798862935568e+00 2.906901261930957325e+00 4.291598486213216823e+00 1.228707387326927858e+01 1.264032596472577019e+01 8.436494015427648208e+00 2.886965987190518668e+00 5.969713955857674392e+00 1.708273112219649548e+01 1.518427406039559635e+01 9.516443014576989157e+00 3.135843296832605098e+00 4.480046186205061787e+00 1.353265508814587292e+01 1.398247035255796256e+01 9.184193425578554226e+00 3.059883458697016945e+00 1.655429189958235403e+00 1.169420689695113147e+01 1.323430641794852214e+01 8.894423811746642983e+00 2.972157651387679511e+00 4.265393906878137464e+00 1.570355248676416160e+01 1.528243976618406741e+01 9.799776630201312955e+00 3.214901911001065482e+00 1.998615573638055753e+00 1.265071268682886085e+01 1.404933041570327745e+01 9.316561753555149039e+00 3.052158083323811333e+00 -6.488646234678617508e-02 1.119646602331391527e+01 1.330666489276419462e+01 8.974663553837705976e+00 2.939779489796444878e+00
0.000000000000000000e+00 1.183663161498463623e+01 1.889492997129894292e+01 1.149738211754019268e+01 3.715114354368078242e+00 -4.226822972970091463e+00 1.657912838148134327e+01 1.720219910283683618e+01 1.136642950278347186e+01 3.886364854884169606e+00 -3.611834147289121333e+00 1.264032596472577019e+01 1.587174857383582172e+01 1.104275274840736998e+01 3.835173872346619994e+00 -5.457737549823307610e+00 1.998372686256112019e+01 1.996833336931351255e+01 1.280663498492701358e+01 4.251643242836307124e+00 -5.500343845803665310e+00 1.385485138658715876e+01 1.775859519355779170e+01 1.219072176888322545e+01 4.106777296728477467e+00 -9.713532586126801149e+00 1.070596945150111878e+01 1.646273784910005489e+01 1.171418963318954276e+01 3.967716881696810027e+00 -8.105512055480305733e+00 1.722630786776127465e+01 1.990094028094535972e+01 1.322396908644521751e+01 4.367407699331144144e+00 -1.067251038299093047e+01 1.195219131098593301e+01 1.776150250470309899e+01 1.242288375920601773e+01 4.108887437683818256e+00 -1.384972326701516465e+01 9.470307666514731437e+00 1.653039714899266244e+01 1.188016885298314484e+01 3.940705878091546488e+00
0.000000000000000000e+00 8.032095029089841631e+00 1.330441565847300112e+01 8.340469317358728318e+00 2.866910563597092843e+00 -3.744191993141728680e+00 1.121317084118587104e+01 1.201322134971581335e+01 8.195237071534267059e+00 2.976495114488005189e+00 -3.176464297048696483e+00 8.436494015427648208e+00 1.104275274840736998e+01 7.948787188748235977e+00 2.934553415366288220e+00 -4.748308582088491825e+00 1.358507123289939322e+01 1.395978558315906071e+01 9.218113397029716438e+00 3.232690527271164793e+00 -4.659596453864790710e+00 9.266613981552572099e+00 1.236577971462664216e+01 8.758854370885096330e+00 3.120652526309684482e+00 -7.602789216212609169e+00 7.045763011578551449e+00 1.143993934383765421e+01 8.414696912425819519e+00 3.017838384233002547e+00 -6.578086736711830973e+00 1.164284700985739285e+01 1.389394261780832984e+01 9.497512015254304885e+00 3.303061595718450594e+00 -8.397259729147613427e+00 7.930367761909551838e+00 1.237101393453059472e+01 8.919455715793688455e+00 3.112165820494122936e+00 -1.063654425081206867e+01 6.178348188245005090e+00 1.150085351413678758e+01 8.531667093976992078e+00 2.989345468615133949e+00
0.000000000000000000e+00 2.723960277987862444e+00 4.641699493489358730e+00 3.112465123515521626e+00 1.230675992840490451e+00 -1.050352220219742616e+00 3.795985322815760732e+00 4.167827773829622551e+00 3.029105919281014803e+00 1.258592276106233143e+00 -9.080248467344188557e-01 2.886965987190518668e+00 3.835173872346619994e+00 2.934553415366288220e+00 1.239582726453635209e+00 -1.340491530864795111e+00 4.587240917347428670e+00 4.815769870034875666e+00 3.372976237650680442e+00 1.343693332580857325e+00 -1.385154346447861728e+00 3.182498590456171339e+00 4.281382125062275001e+00 3.203422399191895309e+00 1.297689139863248631e+00 -2.350688106674212019e+00 2.461444460892485253e+00 3.974004576621183116e+00 3.083257324639232522e+00 1.258387281250767931e+00 -1.951419607405020740e+00 3.970245746930401332e+00 4.792445425967032158e+00 3.451525598782430038e+00 1.357518770887490733e+00 -2.607526060635310117e+00 2.771953945902079219e+00 4.290016365128607845e+00 3.250427200813510886e+00 1.285112864316411363e+00 -3.350078894797350326e+00 2.203497932984533225e+00 4.004292982827759140e+00 3.117815195326330002e+00 1.239081750442970087e+00
0.000000000000000000e+00 -4.511199067859660849e-01 -1.089788600141324437e+01 -6.005068280811751258e+00 -1.406053132512782522e+00 4.424196575584478097e+01 3.358255864427561743e-01 -7.569614688070319453e+00 -5.310901981805974614e+00 -1.454987376674353738e+00 3.739863844538152904e+01 5.969713955857674392e+00 -5.457737549823307610e+00 -4.748308582088491825e+00 -1.340491530864795111e+00 5.395217445607705287e+01 -2.060601730597934722e+00 -1.044271951523565534e+01 -6.983620656156932505e+00 -1.932611263678580382e+00 4.677014695199927274e+01 7.146592516255330985e+00 -6.919819167623977307e+00 -5.993853606489270902e+00 -1.701210410097754533e+00 5.102747275194391818e+01 1.176839979146516413e+01 -5.045507904472930960e+00 -5.377262917765130545e+00 -1.541538444651487261e+00 5.749071963003867580e+01 3.396850155937044313e+00 -9.673314093668578195e+00 -7.406996908821668946e+00 -2.092720266998399303e+00 5.700964296590605329e+01 1.134805681033123648e+01 -6.534153840422676218e+00 -6.351342438480234165e+00 -1.797712378155343904e+00 6.040921878807448309e+01 1.493907464221901726e+01 -4.881379062753555154e+00 -5.703200390819639587e+00 -1.634320049253830121e+00
0.000000000000000000e+00 1.517235683459139217e+01 2.338282365311726707e+01 1.405443507759365218e+01 4.423273935979666227e+00 -1.482122080991044699e+00 2.178069577118270317e+01 2.151957382711663413e+01 1.395755398138711456e+01 4.642125486827719527e+00 -1.071914763445111385e+00 1.708273112219649548e+01 1.998372686256112019e+01 1.358507123289939322e+01 4.587240917347428670e+00 -2.060601730597934722e+00 2.620725289503833011e+01 2.498543945193140203e+01 1.572872347758153566e+01 5.082019262371930246e+00 -2.459523547692909595e+00 1.892532956541444378e+01 2.243081566585095743e+01 1.501185421324884040e+01 4.916245936953031581e+00 -7.788302332778927806e+00 1.512551652941654368e+01 2.089031550203559462e+01 1.444038896291203855e+01 4.752523297184153783e+00 -4.930025738676041769e+00 2.316078201340953768e+01 2.506959230185050558e+01 1.627399628211370697e+01 5.227887721003568799e+00 -8.356348289130744789e+00 1.682158208609452998e+01 2.253017002760904930e+01 1.531369923033692793e+01 4.921607846978234946e+00 -1.238691861040774178e+01 1.379486172141165312e+01 2.103449771154249959e+01 1.465434576206967066e+01 4.721215378199054236e+00
0.000000000000000000e+00 1.450994013263540694e+01 2.412454121427134268e+01 1.462519492511878560e+01 4.675342386809674622e+00 -8.344779562787008942e+00 2.048298951102588816e+01 2.177880850185026773e+01 1.440602613123572162e+01 4.888152068330021471e+00 -6.936635073795925699e+00 1.518427406039559635e+01 1.996833336931351255e+01 1.395978558315906071e+01 4.815769870034875666e+00 -1.044271951523565534e+01 2.498543945193140203e+01 2.547998807672569299e+01 1.634218881798244993e+01 5.378167701931186429e+00 -9.810306504458557342e+00 1.671215065435993097e+01 2.247959460978894342e+01 1.550148227622565678e+01 5.180286682207024818e+00 -1.543904828970738841e+01 1.243693945831141612e+01 2.072314350533625316e+01 1.486060969028111600e+01 4.996376800759704473e+00 -1.375833742953572347e+01 2.125543477440102436e+01 2.539338716606134128e+01 1.691177033436473920e+01 5.534185715842526498e+00 -1.698752551593664606e+01 1.409272665067232388e+01 2.249656007104838906e+01 1.583360277715611275e+01 5.191521645726491663e+00 -2.127581157018357771e+01 1.070833080911515900e+01 2.083112590210225434e+01 1.510625131463519821e+01 4.971464248052958723e+00
0.000000000000000000e+00 9.194708810623788864e+00 1.557088790826654190e+01 9.707388393101629376e+00 3.297656340109931250e+00 -5.578177537770833361e+00 1.288777491313977741e+01 1.398926624662522222e+01 9.520580029387767595e+00 3.425052476794372858e+00 -4.661505346095134783e+00 9.516443014576989157e+00 1.280663498492701358e+01 9.218113397029716438e+00 3.372976237650680442e+00 -6.983620656156932505e+00 1.572872347758153566e+01 1.634218881798244993e+01 1.076336034874651304e+01 3.739256885596768942e+00 -6.601524398372313307e+00 1.046941455504109975e+01 1.439932813395140698e+01 1.020281972104264412e+01 3.602881894551616337e+00 -1.015405992839949256e+01 7.756065733908487303e+00 1.327049987755750671e+01 9.784774791461824606e+00 3.479281116867199763e+00 -9.121194768041332779e+00 1.334970801466822721e+01 1.626435233747143627e+01 1.110986283950171227e+01 3.829137936829254407e+00 -1.122863236009308174e+01 8.809263357415428430e+00 1.440797653383185306e+01 1.040811685499038752e+01 3.599767971367128450e+00 -1.394153457532042317e+01 6.663648134267095458e+00 1.334706199335153620e+01 9.937672979629661896e+00 3.452895174670330025e+00
0.000000000000000000e+00 3.016917383585610235e+00 5.182924645965409027e+00 3.435258936219623749e+00 1.333207222726151775e+00 -1.522949217437930214e+00 4.190286436948644777e+00 4.636994042764490231e+00 3.341749432794062002e+00 1.365639245858017325e+00 -1.302261167977622147e+00 3.135843296832605098e+00 4.251643242836307124e+00 3.232690527271164793e+00 1.343693332580857325e+00 -1.932611263678580382e+00 5.082019262371930246e+00 5.378167701931186429e+00 3.739256885596768942e+00 1.467446961149899476e+00 -1.911694016725190126e+00 3.444728993963468433e+00 4.756154220203312022e+00 3.543943575766617560e+00 1.415005130500863073e+00 -3.013407788386067931e+00 2.605448666268309399e+00 4.398846362732759196e+00 3.404886535220791988e+00 1.369908014453881107e+00 -2.640106492625622359e+00 4.344117291482273657e+00 5.344943280874079328e+00 3.833608587391078792e+00 1.487832684219863255e+00 -3.353288345340381671e+00 2.944282656698263168e+00 4.760020922436150492e+00 3.601381653098006730e+00 1.405121702743755918e+00 -4.196562224833913390e+00 2.283291619321721200e+00 4.428209048018148408e+00 3.447889152772551036e+00 1.352353205676889658e+00
0.000000000000000000e+00 -1.269391887696124321e+00 -1.022550910392584989e+01 -5.725058600653678553e+00 -1.428905340582828032e+00 3.805868037339720189e+01 -4.940055344902766210e-01 -7.343767010467958656e+00 -5.146571186903478257e+00 -1.484360709852884597e+00 3.265200488705593784e+01 4.480046186205061787e+00 -5.500343845803665310e+00 -4.659596453864790710e+00 -1.385154346447861728e+00 4.677014695199927274e+01 -2.459523547692909595e+00 -9.810306504458557342e+00 -6.601524398372313307e+00 -1.911694016725190126e+00 4.128399759608650754e+01 5.682598476951432609e+00 -6.725858963886627073e+00 -5.742104899688116326e+00 -1.710424880531750791e+00 4.494173938567792703e+01 9.711951644493879598e+00 -5.091870355870261378e+00 -5.200757148118134054e+00 -1.566318877519933483e+00 5.070095312499159945e+01 2.525343800637330105e+00 -9.073145955290645048e+00 -6.960167760349116328e+00 -2.058656680013569051e+00 5.043205271799929790e+01 9.483410903071568754e+00 -6.330507142352959526e+00 -6.036642845614662356e+00 -1.794802813260595542e+00 5.325993217053518691e+01 1.257921378627997200e+01 -4.894292085774330836e+00 -5.467323605673456655e+00 -1.644792696152743261e+00
0.000000000000000000e+00 1.111290749780919462e+01 1.546052254733963238e+01 9.403049231744509129e+00 3.050337184000606161e+00 5.998669138405896106e+00 1.606629701588193626e+01 1.463644292107978728e+01 9.446337435812328209e+00 3.203578780894886791e+00 5.198782544758890900e+00 1.353265508814587292e+01 1.385485138658715876e+01 9.266613981552572099e+00 3.182498590456171339e+00 7.146592516255330985e+00 1.892532956541444378e+01 1.671215065435993097e+01 1.046941455504109975e+01 3.444728993963468433e+00 5.682598476951432609e+00 1.508252543533145129e+01 1.541528319653715862e+01 1.010737758865237979e+01 3.361397791512938937e+00 2.470899133434337536e+00 1.304850321190249751e+01 1.459256103907678259e+01 9.790597379374752052e+00 3.267844665123378345e+00 5.632216122682509152e+00 1.758373443679484183e+01 1.690166928393839640e+01 1.079805902425473008e+01 3.522660941625175290e+00 3.017255966931069011e+00 1.423456509306379303e+01 1.555404509568998783e+01 1.026838959396039286e+01 3.346770356457787532e+00 6.080071103219497619e-01 1.260049403610058683e+01 1.472776922434526092e+01 9.892294583285952569e+00 3.226999418122057151e+00
0.000000000000000000e+00 1.308163087386663115e+01 2.122382313106145091e+01 1.290015871225290134e+01 4.151129896045803847e+00 -5.476810433686502222e+00 1.848968868940903221e+01 1.928189023558361725e+01 1.273866791639891005e+01 4.340565973161010227e+00 -4.544970217326277151e+00 1.398247035255796256e+01 1.775859519355779170e+01 1.236577971462664216e+01 4.281382125062275001e+00 -6.919819167623977307e+00 2.243081566585095743e+01 2.247959460978894342e+01 1.439932813395140698e+01 4.756154220203312022e+00 -6.725858963886627073e+00 1.541528319653715862e+01 1.995672220234019534e+01 1.369287350730930264e+01 4.589802872418792923e+00 -1.159430112895700304e+01 1.178373362442801131e+01 1.846842422205468637e+01 1.314731795756452293e+01 4.432542281688887087e+00 -9.764688309489780949e+00 1.933064295796284071e+01 2.244805794054368775e+01 1.489191634815619381e+01 4.887210375237135196e+00 -1.272665270590677622e+01 1.325883173646235313e+01 1.999580460965321294e+01 1.397467718910339585e+01 4.593848818562043412e+00 -1.643102866104062088e+01 1.038130912353770796e+01 1.857629961728206425e+01 1.335255130389380795e+01 4.404330229008232678e+00
0.000000000000000000e+00 8.807045007762765110e+00 1.475455379026331748e+01 9.203621795307656228e+00 3.128945631903278013e+00 -4.770283526023139764e+00 1.233243061289612719e+01 1.329194150415692555e+01 9.038510105172143483e+00 3.251061018015376725e+00 -3.991411057250894068e+00 9.184193425578554226e+00 1.219072176888322545e+01 8.758854370885096330e+00 3.203422399191895309e+00 -5.993853606489270902e+00 1.501185421324884040e+01 1.550148227622565678e+01 1.020281972104264412e+01 3.543943575766617560e+00 -5.742104899688116326e+00 1.010737758865237979e+01 1.369287350730930264e+01 9.683058615990104201e+00 3.417624661782699302e+00 -9.077410767218559329e+00 7.576473538691742782e+00 1.263959064571142221e+01 9.292806086791273401e+00 3.302128668850423665e+00 -8.004386536566535426e+00 1.280779783048358489e+01 1.543711334297947424e+01 1.052933017757132994e+01 3.627627823901395931e+00 -1.003846222036468561e+01 8.576359319820088700e+00 1.370600818398211196e+01 9.874513357544971726e+00 3.413189312716193857e+00 -1.258350686681609432e+01 6.574942529916182110e+00 1.271460856671621187e+01 9.434346965520800765e+00 3.275448272228562274e+00
0.000000000000000000e+00 2.929036922154084177e+00 4.989887133867953573e+00 3.311292097059698847e+00 1.286707933647803115e+00 -1.333697458269124780e+00 4.062376849948365454e+00 4.472833489036459831e+00 3.223972902923724515e+00 1.318358601375609007e+00 -1.145336089374039190e+00 3.059883458697016945e+00 4.106777296728477467e+00 3.120652526309684482e+00 1.297689139863248631e+00 -1.701210410097754533e+00 4.916245936953031581e+00 5.180286682207024818e+00 3.602881894551616337e+00 1.415005130500863073e+00 -1.710424880531750791e+00 3.361397791512938937e+00 4.589802872418792923e+00 3.417624661782699302e+00 1.365287720609676292e+00 -2.761704238461103689e+00 2.564483288417544582e+00 4.250199802042791575e+00 3.285269871082692639e+00 1.322296248418947107e+00 -2.379556547597992733e+00 4.218570332376053500e+00 5.150059743805772250e+00 3.692813631219658443e+00 1.434150028253061926e+00 -3.074848736446050168e+00 2.890313779164022989e+00 4.594413152440409931e+00 3.471863962036505047e+00 1.355280282242676826e+00 -3.878673065124364605e+00 2.262837226580351579e+00 4.278880935340262148e+00 3.325596592823115927e+00 1.304849902611612045e+00
0.000000000000000000e+00 -4.035493836906711707e+00 -1.551765994043674368e+01 -8.865492826098332557e+00 -2.371750556472257632e+00 4.160405415124395745e+01 -4.664768787376168291e+00 -1.201836205746587005e+01 -8.206827892155230231e+00 -2.469103759932077757e+00 3.547329777811825835e+01 1.655429189958235403e+00 -9.713532586126801149e+00 -7.602789216212609169e+00 -2.350688106674212019e+00 5.102747275194391818e+01 -7.788302332778927806e+00 -1.543904828970738841e+01 -1.015405992839949256e+01 -3.013407788386067931e+00 4.494173938567792703e+01 2.470899133434337536e+00 -1.159430112895700304e+01 -9.077410767218559329e+00 -2.761704238461103689e+00 5.007168814368226606e+01 7.625412246865825416e+00 -9.509739738364620720e+00 -8.376392931863561486e+00 -2.575403310011687097e+00 5.559012356698435298e+01 -1.892582141274686824e+00 -1.471888988506686680e+01 -1.066699710783792732e+01 -3.196267936004321797e+00 5.604660700941054330e+01 6.945737202702936486e+00 -1.123494051241618941e+01 -9.472497254800051891e+00 -2.851985665334384912e+00 6.003443320177725440e+01 1.095016300025266531e+01 -9.366862013869322823e+00 -8.722336775060650638e+00 -2.653135115988072723e+00
0.000000000000000000e+00 9.064454479748592419e+00 1.139160184266043885e+01 7.009958313984769873e+00 2.345195062892086124e+00 9.788958261557731078e+00 1.311439311534062568e+01 1.109954176077647858e+01 7.126155631109559074e+00 2.465333185291023188e+00 8.317270836804299350e+00 1.169420689695113147e+01 1.070596945150111878e+01 7.045763011578551449e+00 2.461444460892485253e+00 1.176839979146516413e+01 1.512551652941654368e+01 1.243693945831141612e+01 7.756065733908487303e+00 2.605448666268309399e+00 9.711951644493879598e+00 1.304850321190249751e+01 1.178373362442801131e+01 7.576473538691742782e+00 2.564483288417544582e+00 7.625412246865825416e+00 1.193401802554337010e+01 1.133301611467206094e+01 7.391296547918289050e+00 2.506526841312231912e+00 1.086778277755283284e+01 1.462336553433167552e+01 1.265755808267024740e+01 7.966219704685511438e+00 2.649493797348449142e+00 8.718636875014178500e+00 1.282433606636632106e+01 1.192502018972732181e+01 7.659091852182325688e+00 2.540229277966995269e+00 7.182854278570760975e+00 1.192247192107527098e+01 1.144849958462271999e+01 7.430154691450326254e+00 2.461294261460747368e+00
0.000000000000000000e+00 1.223595629267044060e+01 1.954309827918524789e+01 1.190265802286794994e+01 3.850264193520583245e+00 -3.943556551084213435e+00 1.728880197892747717e+01 1.782414726697340512e+01 1.177153466172175023e+01 4.025910658776544082e+00 -3.284077019172052303e+00 1.323430641794852214e+01 1.646273784910005489e+01 1.143993934383765421e+01 3.974004576621183116e+00 -5.045507904472930960e+00 2.089031550203559462e+01 2.072314350533625316e+01 1.327049987755750671e+01 4.398846362732759196e+00 -5.091870355870261378e+00 1.459256103907678259e+01 1.846842422205468637e+01 1.263959064571142221e+01 4.250199802042791575e+00 -9.509739738364620720e+00 1.133301611467206094e+01 1.713366434309602937e+01 1.214872471071685034e+01 4.108029387179145786e+00 -7.640630255593174880e+00 1.813568895673228809e+01 2.071086918243627295e+01 1.371488481634790624e+01 4.515348044008544726e+00 -1.041607344351300490e+01 1.269159138412680754e+01 1.851205977274251779e+01 1.288972733145802074e+01 4.250016862263824358e+00 -1.377181593333348175e+01 1.010943312830314689e+01 1.723536802733515572e+01 1.232857572236896715e+01 4.077896189993964526e+00
0.000000000000000000e+00 8.487924693051279945e+00 1.414036973885984239e+01 8.832440865183428969e+00 3.010812252756587704e+00 -4.269294271503700777e+00 1.188208553746419227e+01 1.275768430211962290e+01 8.678961000352028776e+00 3.128054033372841491e+00 -3.578904771609774382e+00 8.894423811746642983e+00 1.171418963318954276e+01 8.414696912425819519e+00 3.083257324639232522e+00 -5.377262917765130545e+00 1.444038896291203855e+01 1.486060969028111600e+01 9.784774791461824606e+00 3.404886535220791988e+00 -5.200757148118134054e+00 9.790597379374752052e+00 1.314731795756452293e+01 9.292806086791273401e+00 3.285269871082692639e+00 -8.376392931863561486e+00 7.391296547918289050e+00 1.214872471071685034e+01 8.922632388042776697e+00 3.175555323242511108e+00 -7.294903725956879192e+00 1.235954372190761674e+01 1.480310651165550517e+01 1.009428512984274029e+01 3.483091999755338897e+00 -9.259059006585724561e+00 8.350410750385570680e+00 1.316219596168331840e+01 9.473054615412555890e+00 3.279262006764817716e+00 -1.168175906457284263e+01 6.453259623807301892e+00 1.222168001497215251e+01 9.055186388957451982e+00 3.148210263265136533e+00
0.000000000000000000e+00 2.832083414313078418e+00 4.811919265868461970e+00 3.200192613938728670e+00 1.247707897607117866e+00 -1.206456616723308173e+00 3.930453969201611386e+00 4.317612267538149418e+00 3.116587621936872665e+00 1.278102147376773301e+00 -1.038209671142193979e+00 2.972157651387679511e+00 3.967716881696810027e+00 3.017838384233002547e+00 1.258387281250767931e+00 -1.541538444651487261e+00 4.752523297184153783e+00 4.996376800759704473e+00 3.479281116867199763e+00 1.369908014453881107e+00 -1.566318877519933483e+00 3.267844665123378345e+00 4.432542281688887087e+00 3.302128668850423665e+00 1.322296248418947107e+00 -2.575403310011687097e+00 2.506526841312231912e+00 4.108029387179145786e+00 3.175555323242511108e+00 1.281137101117813204e+00 -2.189971334467067265e+00 4.090430626296333472e+00 4.969124167515774460e+00 3.564931457846528318e+00 1.387456891401486203e+00 -2.865968432358236839e+00 2.822586925787233803e+00 4.438398982470796561e+00 3.353565287587744415e+00 1.311869542536679090e+00 -3.638253313237950870e+00 2.222944104016058908e+00 4.136747732618744955e+00 3.213639229838150424e+00 1.263556240555044674e+00
0.000000000000000000e+00 -2.607362534394672249e+00 -1.417960247184239542e+01 -7.931814060136361810e+00 -1.994632320472168319e+00 4.674891332049330117e+01 -2.197804002021102043e+00 -1.048752223646957482e+01 -7.207921470229278427e+00 -2.078235855960679945e+00 4.009464980596891337e+01 4.265393906878137464e+00 -8.105512055480305733e+00 -6.578086736711830973e+00 -1.951419607405020740e+00 5.749071963003867580e+01 -4.930025738676041769e+00 -1.375833742953572347e+01 -9.121194768041332779e+00 -2.640106492625622359e+00 5.070095312499159945e+01 5.632216122682509152e+00 -9.764688309489780949e+00 -8.004386536566535426e+00 -2.379556547597992733e+00 5.559012356698435298e+01 1.086778277755283284e+01 -7.640630255593174880e+00 -7.294903725956879192e+00 -2.189971334467067265e+00 6.253862867448432894e+01 1.452731962262945098e+00 -1.283153377126541983e+01 -9.593257681327648001e+00 -2.834983712464717698e+00 6.229444683564091179e+01 1.049207142004651949e+01 -9.263116873473352442e+00 -8.382656508286441266e+00 -2.487652894189675390e+00 6.604940808676549580e+01 1.452008570744527738e+01 -7.388325730424051940e+00 -7.633795171257028223e+00 -2.288484475580219168e+00
0.000000000000000000e+00 1.325770976250894151e+01 1.973152176475254294e+01 1.194795936106471501e+01 3.822140131449530465e+00 2.841615475973637395e+00 1.934267269210852547e+01 1.839061022871182871e+01 1.192001863698002140e+01 4.007615434345721539e+00 2.719060426190916591e+00 1.570355248676416160e+01 1.722630786776127465e+01 1.164284700985739285e+01 3.970245746930401332e+00 3.396850155937044313e+00 2.316078201340953768e+01 2.125543477440102436e+01 1.334970801466822721e+01 4.344117291482273657e+00 2.525343800637330105e+00 1.758373443679484183e+01 1.933064295796284071e+01 1.280779783048358489e+01 4.218570332376053500e+00 -1.892582141274686824e+00 1.462336553433167552e+01 1.813568895673228809e+01 1.235954372190761674e+01 4.090430626296333472e+00 1.452731962262945098e+00 2.108938627046984138e+01 2.146441696908798136e+01 1.380684239549272618e+01 4.450360435253272406e+00 -1.739008250780704978e+00 1.619710412490017504e+01 1.950592763658355722e+01 1.305400373630970989e+01 4.208334959135005882e+00 -5.115580576468923724e+00 1.381203113578722963e+01 1.832298814345867655e+01 1.252915259999675257e+01 4.048763359034827758e+00
0.000000000000000000e+00 1.444052643492880428e+01 2.397383654646164430e+01 1.454351992603546151e+01 4.652430655948908367e+00 -7.772565726968158728e+00 2.052091527413899996e+01 2.168195220543921309e+01 1.433298160210957484e+01 4.863034085545224094e+00 -6.369513855349516973e+00 1.528243976618406741e+01 1.990094028094535972e+01 1.389394261780832984e+01 4.792445425967032158e+00 -9.673314093668578195e+00 2.506959230185050558e+01 2.539338716606134128e+01 1.626435233747143627e+01 5.344943280874079328e+00 -9.073145955290645048e+00 1.690166928393839640e+01 2.244805794054368775e+01 1.543711334297947424e+01 5.150059743805772250e+00 -1.471888988506686680e+01 1.265755808267024740e+01 2.071086918243627295e+01 1.480310651165550517e+01 4.969124167515774460e+00 -1.283153377126541983e+01 2.146441696908798136e+01 2.536521070423565050e+01 1.684313692175181032e+01 5.497135296339340726e+00 -1.616892995723069504e+01 1.436902477093186192e+01 2.250514712543863283e+01 1.577677605499881608e+01 5.159066402292598497e+00 -2.049122443035928143e+01 1.099673546588474871e+01 2.084916895654583158e+01 1.505489965211610404e+01 4.942281610031558969e+00
0.000000000000000000e+00 9.479630673849710476e+00 1.609061313375542923e+01 1.000009327267472692e+01 3.372294872255035436e+00 -5.933959691847888074e+00 1.330873098496548934e+01 1.445373094440379091e+01 9.810825631023597282e+00 3.505190945067842012e+00 -4.925999356599329637e+00 9.799776630201312955e+00 1.322396908644521751e+01 9.497512015254304885e+00 3.451525598782430038e+00 -7.406996908821668946e+00 1.627399628211370697e+01 1.691177033436473920e+01 1.110986283950171227e+01 3.833608587391078792e+00 -6.960167760349116328e+00 1.079805902425473008e+01 1.489191634815619381e+01 1.052933017757132994e+01 3.692813631219658443e+00 -1.066699710783792732e+01 7.966219704685511438e+00 1.371488481634790624e+01 1.009428512984274029e+01 3.564931457846528318e+00 -9.593257681327648001e+00 1.380684239549272618e+01 1.684313692175181032e+01 1.147934893765850539e+01 3.929828688086188571e+00 -1.180475207933177195e+01 9.069864815741883746e+00 1.490917338655564173e+01 1.074970175971625608e+01 3.692443650057659177e+00 -1.463983735994804469e+01 6.827002237487442393e+00 1.380103571371752480e+01 1.025921587273303892e+01 3.540361353963973556e+00
0.000000000000000000e+00 3.116741015615015709e+00 5.329513620688302922e+00 3.508371658436614915e+00 1.345160696259870781e+00 -1.644803738864244469e+00 4.311084809779100802e+00 4.767247148616048591e+00 3.415517469023308106e+00 1.379999801915357205e+00 -1.404916391984420754e+00 3.214901911001065482e+00 4.367407699331144144e+00 3.303061595718450594e+00 1.357518770887490733e+00 -2.092720266998399303e+00 5.227887721003568799e+00 5.534185715842526498e+00 3.829137936829254407e+00 1.487832684219863255e+00 -2.058656680013569051e+00 3.522660941625175290e+00 4.887210375237135196e+00 3.627627823901395931e+00 1.434150028253061926e+00 -3.196267936004321797e+00 2.649493797348449142e+00 4.515348044008544726e+00 3.483091999755338897e+00 1.387456891401486203e+00 -2.834983712464717698e+00 4.450360435253272406e+00 5.497135296339340726e+00 3.929828688086188571e+00 1.511779517510124293e+00 -3.565734564773439974e+00 2.991680609372546318e+00 4.888165059781355737e+00 3.688911830362028077e+00 1.426378062573520511e+00 -4.432511322101667872e+00 2.304664044758414576e+00 4.542846945627532662e+00 3.529117943978075100e+00 1.371608918888236328e+00
