0.000000000000000000e+00 0.000000000000000000e+00 0.000000000000000000e+00 0.000000000000000000e+00 0.000000000000000000e+00 0.000000000000000000e+00 0.000000000000000000e+00 0.000000000000000000e+00 0.000000000000000000e+00 0.000000000000000000e+00 0.000000000000000000e+00 0.000000000000000000e+00 0.000000000000000000e+00 0.000000000000000000e+00 0.000000000000000000e+00 0.000000000000000000e+00 0.000000000000000000e+00 0.000000000000000000e+00 0.000000000000000000e+00 0.000000000000000000e+00 0.000000000000000000e+00 0.000000000000000000e+00 0.000000000000000000e+00 0.000000000000000000e+00 0.000000000000000000e+00 0.000000000000000000e+00 0.000000000000000000e+00 0.000000000000000000e+00 0.000000000000000000e+00 0.000000000000000000e+00 0.000000000000000000e+00 0.000000000000000000e+00 0.000000000000000000e+00 0.000000000000000000e+00 0.000000000000000000e+00 0.000000000000000000e+00 0.000000000000000000e+00 0.000000000000000000e+00 0.000000000000000000e+00 0.000000000000000000e+00 0.000000000000000000e+00 0.000000000000000000e+00 0.000000000000000000e+00 0.000000000000000000e+00 0.000000000000000000e+00
0.000000000000000000e+00 1.798546365511817413e+01 1.117098590770530819e+01 4.965848293621128562e+00 2.404729139070442834e+00 2.998561100704851268e-01 8.379948753619110846e+00 1.086000565402426332e+01 5.691439238351482466e+00 2.524216411022038642e+00 2.345758031350138884e-01 6.265845983833457922e+00 1.044485277797512346e+01 5.923310139259053031e+00 2.532609435539546983e+00 1.970903056978622059e-01 6.594751325055580260e+00 1.027994038671862143e+01 5.845355716939861779e+00 2.672957910966673012e+00 2.528688862537158966e-01 4.741559541649017717e+00 9.196623272392203674e+00 5.926690337819491283e+00 2.621376701632683215e+00 8.887619110365682640e-02 3.783920364985364326e+00 8.834828515991292264e+00 5.935061763856096739e+00 2.582992449862592466e+00 -3.405729056785084669e-02 5.403544485292946398e+00 9.358273040138245236e+00 5.923933789444046916e+00 2.706024164925865172e+00 1.851552415084838088e-01 3.564973545051616899e+00 8.437993211596038989e+00 5.861625262280369952e+00 2.628186764806546893e+00 -3.678613574520939872e-02 2.821097633492707146e+00 8.190846530224790811e+00 5.829084251957262985e+00 2.569107305685443876e+00
0.000000000000000000e+00 1.117098590770530819e+01 8.604677273375271440e+00 3.581978760584286547e+00 1.657220912715965833e+00 2.413655187777806466e-01 3.697643202245741278e+00 8.051111854150306613e+00 4.174130777874670351e+00 1.707629252577754553e+00 1.400846638628268637e-01 1.755865607506808646e+00 7.537622429633526799e+00 4.349690355728271562e+00 1.692120304920443186e+00 8.938042664616778488e-02 2.481687569047788866e+00 7.667656035112147883e+00 4.361826167012535116e+00 1.853437294731315577e+00 1.540267060006741129e-01 1.123978776188385931e+00 6.602813691851954658e+00 4.401302918903298611e+00 1.782234731360530677e+00 -2.945431441647138743e-02 2.053801627577930555e-01 6.213516437528919134e+00 4.387752173927851551e+00 1.737643895877719835e+00 -1.622690456490691602e-01 1.868146799983886330e+00 6.870387153638934485e+00 4.441011890489947156e+00 1.875952102090834517e+00 7.500302052391251417e-02 3.833360745922774759e-01 5.995695700560445651e+00 4.363156146831800086e+00 1.791998671490242945e+00 -1.634893982720758976e-01 -3.621643003027642527e-01 5.721713787435595222e+00 4.315905572570335913e+00 1.731471926937585115e+00
0.000000000000000000e+00 4.965848293621128562e+00 3.581978760584286547e+00 2.815512935509062675e+00 2.225367791285855379e+00 1.098947180017939784e+00 2.878681291808516285e+00 3.270653230379102272e+00 2.825827992226846774e+00 2.262759293624670320e+00 1.163805116716750909e+00 2.580043908583266266e+00 3.189495800621801713e+00 2.852354736012662428e+00 2.283387258532406427e+00 1.185108513432026500e+00 2.391779515534850020e+00 2.851274532403153650e+00 2.633460993333799127e+00 2.173046338648935372e+00 1.153379760586984659e+00 1.835436674522129108e+00 2.630842448606649064e+00 2.606486157738854281e+00 2.179020337009850206e+00 1.178065669524922310e+00 1.782431365844170612e+00 2.624645359024053271e+00 2.633510571172449577e+00 2.195579136808803788e+00 1.187556941682054390e+00 1.806563510940628170e+00 2.521843925710834267e+00 2.510864339630261455e+00 2.125437870505700211e+00 1.159829730340242726e+00 1.531206902611520482e+00 2.388029169550385244e+00 2.496699211102662019e+00 2.131515471603674605e+00 1.175715420552020829e+00 1.535762453499714075e+00 2.414454789259435241e+00 2.531861011032193520e+00 2.149108809540041687e+00
0.000000000000000000e+00 2.404729139070442834e+00 1.657220912715965833e+00 2.225367791285855379e+00 2.158222153102382190e+00 1.315359196516332041e+00 2.061083551502533417e+00 1.441002546331820122e+00 2.060397989801483476e+00 2.171406817347915297e+00 1.411091049721742374e+00 2.231400342557280592e+00 1.475537737368662672e+00 2.035715691690108020e+00 2.193245130328835391e+00 1.446652207858539319e+00 1.860276262493858468e+00 1.094072728915594928e+00 1.802182253011096691e+00 2.031552474219582294e+00 1.393994858227474598e+00 1.604306371186411839e+00 1.120634674090275062e+00 1.753009071361738336e+00 2.050025094071163512e+00 1.465511871498321073e+00 1.776356382059377514e+00 1.208413441044565273e+00 1.782671546617051295e+00 2.078261938085049998e+00 1.508431197396556733e+00 1.390956326898350914e+00 9.425884974262537241e-01 1.643167040200123274e+00 1.967919712592459902e+00 1.418903671029629443e+00 1.470598152309387840e+00 1.016495117029643902e+00 1.642029100320355539e+00 1.992588151159099263e+00 1.494465461522926031e+00 1.661507180503079439e+00 1.111377259357707592e+00 1.690549079346116423e+00 2.027080701398151774e+00
0.000000000000000000e+00 2.998561100704851268e-01 2.413655187777806466e-01 1.098947180017939784e+00 1.315359196516332041e+00 1.049357664287712044e+00 7.814900974045924098e-01 1.394859136684906964e-01 9.260961811320163051e-01 1.301378708985085231e+00 1.106325884115539226e+00 1.045906428582669800e+00 1.967065742255653116e-01 8.899471695914109581e-01 1.311102212358599806e+00 1.128803445848448161e+00 7.649320959629768435e-01 -4.672496068451887502e-02 7.437761401588328658e-01 1.194775243150216548e+00 1.089257315901877021e+00 7.284855093734985410e-01 5.150510880078763148e-02 7.031176285533131676e-01 1.206060981984843572e+00 1.141704103933058212e+00 9.143551883859107887e-01 1.354404171053842365e-01 7.215830568299134162e-01 1.226797038269322515e+00 1.176036064579823126e+00 5.346503124678362306e-01 -7.857842866499210877e-02 6.316989709749025739e-01 1.145935693640393715e+00 1.104918849928133273e+00 7.197270214611138917e-01 3.645150500480893313e-02 6.348120812670684510e-01 1.166024477805162274e+00 1.165113456260544300e+00 9.013616388997578444e-01 1.174858130365284553e-01 6.692223592882791117e-01 1.193365226570423321e+00
0.000000000000000000e+00 8.379948753619110846e+00 3.697643202245741278e+00 2.878681291808516285e+00 2.061083551502533417e+00 7.814900974045924098e-01 6.600239608414522507e+00 3.819223533371639778e+00 2.906662966121327241e+00 2.176230800647578345e+00 8.967638313241217407e-01 6.748169218547100279e+00 4.007792598166043163e+00 2.961615249339250688e+00 2.232598924827646325e+00 9.413161945622051663e-01 5.862225923914245129e+00 3.257152409799665804e+00 2.608932971902105713e+00 2.048556075827701939e+00 8.877790013171106276e-01 5.318994962255154668e+00 3.341963065334521144e+00 2.636182865205636272e+00 2.105972963147089150e+00 9.783036124949519019e-01 5.544107433808418861e+00 3.498224637168056539e+00 2.700918260593821341e+00 2.144997204720854533e+00 1.032279598291858447e+00 4.941618294328244509e+00 3.012925185341664314e+00 2.465328246572357607e+00 2.011623781285290846e+00 9.262008875373795025e-01 4.816742299118944359e+00 3.105034827121428087e+00 2.506190576752009846e+00 2.056409894525339510e+00 1.021568952886345860e+00 5.072122955353871809e+00 3.258881001702359725e+00 2.579434583937087577e+00 2.094965370163792695e+00
0.000000000000000000e+00 1.086000565402426332e+01 8.051111854150306613e+00 3.270653230379102272e+00 1.441002546331820122e+00 1.394859136684906964e-01 3.819223533371639778e+00 7.616189153916005594e+00 3.843829894410237813e+00 1.493528369482854945e+00 4.211295082747328750e-02 2.011244146942497757e+00 7.164723737014886851e+00 4.016621826739709356e+00 1.481921179722029080e+00 -5.281163446678067107e-03 2.662535780062775359e+00 7.273837075602166635e+00 4.029254820078546295e+00 1.631852856484337311e+00 5.098709729848904110e-02 1.385621134153008249e+00 6.305084922374370571e+00 4.078886165786678397e+00 1.569178115716073796e+00 -1.197729612040774050e-01 5.246986074331064787e-01 5.948489141682789416e+00 4.069975362295590315e+00 1.529097278362126167e+00 -2.424224987538367848e-01 2.074677746388108091e+00 6.548797789499486655e+00 4.115275542708261902e+00 1.656051593754707785e+00 -2.484680074372285288e-02 6.671166641296085720e-01 5.742568176262442314e+00 4.050166390288301166e+00 1.580315764478274154e+00 -2.458162237596262789e-01 -3.312634539298443120e-02 5.490078842106020041e+00 4.007716434404093420e+00 1.524820086692340038e+00
0.000000000000000000e+00 5.691439238351482466e+00 4.174130777874670351e+00 2.825827992226846774e+00 2.060397989801483476e+00 9.260961811320163051e-01 2.906662966121327241e+00 3.843829894410237813e+00 2.922612013094392225e+00 2.099670444709302863e+00 9.650286882734286920e-01 2.379530342287476952e+00 3.704362042791269349e+00 2.970698555443258115e+00 2.115097973312261015e+00 9.755056064332335852e-01 2.334833619570958252e+00 3.449976303780164510e+00 2.794297228919101705e+00 2.047224228367355181e+00 9.574141935498493572e-01 1.677918373886915893e+00 3.118092404271899376e+00 2.779322439473712603e+00 2.042799874172756880e+00 9.517953646356749342e-01 1.498676370945253744e+00 3.056623125329109847e+00 2.799812647317588610e+00 2.050418021206954489e+00 9.409217073167178702e-01 1.763505126773682763e+00 3.068823706274118823e+00 2.707202080864021809e+00 2.011986139927648853e+00 9.510145783363941341e-01 1.319223372491221236e+00 2.833987264930423411e+00 2.685185166196470963e+00 2.005565862818120770e+00 9.303948402255144412e-01 1.212483236698146172e+00 2.815362961160960964e+00 2.707203164525973094e+00 2.011613381866234729e+00
0.000000000000000000e+00 2.524216411022038642e+00 1.707629252577754553e+00 2.262759293624670320e+00 2.171406817347915297e+00 1.301378708985085231e+00 2.176230800647578345e+00 1.493528369482854945e+00 2.099670444709302863e+00 2.190434346120021747e+00 1.400838277806123244e+00 2.357216896931773054e+00 1.533260772595252064e+00 2.076234173736525079e+00 2.214269092666922401e+00 1.437714627677527668e+00 1.961551387904297838e+00 1.130671475254820146e+00 1.833713659948701835e+00 2.049256405240932999e+00 1.385514436331372501e+00 1.697537321613629802e+00 1.162112016114215329e+00 1.785866899675896180e+00 2.070453026753276582e+00 1.460324258998311642e+00 1.880504363147390112e+00 1.255185254030433351e+00 1.817075930302948672e+00 2.099579148212676660e+00 1.505030707862676342e+00 1.470501993957862297e+00 9.739588518453787813e-01 1.671470851801655666e+00 1.986525287777579640e+00 1.412998077355875015e+00 1.556702978596766984e+00 1.053290829034040588e+00 1.672008326078481710e+00 2.012964970688832622e+00 1.492046865316132065e+00 1.758655936939611975e+00 1.153230818410391878e+00 1.722313344460586704e+00 2.048148143559427758e+00
0.000000000000000000e+00 2.345758031350138884e-01 1.400846638628268637e-01 1.163805116716750909e+00 1.411091049721742374e+00 1.106325884115539226e+00 8.967638313241217407e-01 4.211295082747328750e-02 9.650286882734286920e-01 1.400838277806123244e+00 1.175572518061502869e+00 1.236341940914631010e+00 1.202999145105526496e-01 9.232459811025307550e-01 1.413800804295097135e+00 1.202889093631562600e+00 8.929556976749660757e-01 -1.663541168860921682e-01 7.555562124262348300e-01 1.280535234082665452e+00 1.158733638752729833e+00 8.745623909510165106e-01 -3.221736654070796180e-02 7.116731715454862606e-01 1.296906139574637518e+00 1.223661898871955866e+00 1.105542309072838014e+00 7.243335047406225524e-02 7.335139504017009759e-01 1.321231221918174992e+00 1.265938783037585669e+00 6.364034694397863179e-01 -1.885973692874798324e-01 6.289206734289402023e-01 1.227782373166570018e+00 1.180472551974495854e+00 8.736277873693900631e-01 -3.981931675138210974e-02 6.353574702891642279e-01 1.252942125142518348e+00 1.255062089344312959e+00 1.096766582939827206e+00 5.878734294217247830e-02 6.754367742423766918e-01 1.284567117772029698e+00
0.000000000000000000e+00 6.265845983833457922e+00 1.755865607506808646e+00 2.580043908583266266e+00 2.231400342557280592e+00 1.045906428582669800e+00 6.748169218547100279e+00 2.011244146942497757e+00 2.379530342287476952e+00 2.357216896931773054e+00 1.236341940914631010e+00 7.648305091283613244e+00 2.411407886831885783e+00 2.381350328769783697e+00 2.434683923098617697e+00 1.313461964501827284e+00 6.266278100307395960e+00 1.378153721380384722e+00 1.895788440365013594e+00 2.125223837535509031e+00 1.220236483748752265e+00 6.087436084686449256e+00 1.842879396932195046e+00 1.905314180256341361e+00 2.223095520583601825e+00 1.405195973452866287e+00 6.725176241746941841e+00 2.184452732619916571e+00 1.995084901605463479e+00 2.290793216038610858e+00 1.523245487064027737e+00 5.330880557689145149e+00 1.314932991678880114e+00 1.659050368957992960e+00 2.060595919928862152e+00 1.299655744331761564e+00 5.752726775204480170e+00 1.741820392408893303e+00 1.735879671261676860e+00 2.148783265347140148e+00 1.510002885482134571e+00 6.366307073273232753e+00 2.043922887946762135e+00 1.851716082075797853e+00 2.222679395717562567e+00
0.000000000000000000e+00 1.044485277797512346e+01 7.537622429633526799e+00 3.189495800621801713e+00 1.475537737368662672e+00 1.967065742255653116e-01 4.007792598166043163e+00 7.164723737014886851e+00 3.704362042791269349e+00 1.533260772595252064e+00 1.202999145105526496e-01 2.411407886831885783e+00 6.782364791445218088e+00 3.865553467481156691e+00 1.529111324574745190e+00 8.245827850699290196e-02 2.912004942338824343e+00 6.802677340716988930e+00 3.837223804357454249e+00 1.640502959625703694e+00 1.247171219420266514e-01 1.728104123393467972e+00 5.948870162128241823e+00 3.886039197824563196e+00 1.590971042158616511e+00 -1.849927976002426269e-02 9.825869679211498564e-01 5.647609911953591855e+00 3.886184436628411731e+00 1.560124752704402207e+00 -1.220554964225353117e-01 2.307515184434564492e+00 6.132395354454162728e+00 3.899094211708967528e+00 1.656900952274751981e+00 5.952108922670298896e-02 1.045152215857267031e+00 5.424102605352065787e+00 3.846980818548894288e+00 1.594861771812323470e+00 -1.275722338171703940e-01 4.453841883342479213e-01 5.215487580143546076e+00 3.817999622140781923e+00 1.550374212709982435e+00
0.000000000000000000e+00 5.923310139259053031e+00 4.349690355728271562e+00 2.852354736012662428e+00 2.035715691690108020e+00 8.899471695914109581e-01 2.961615249339250688e+00 4.016621826739709356e+00 2.970698555443258115e+00 2.076234173736525079e+00 9.232459811025307550e-01 2.381350328769783697e+00 3.865553467481156691e+00 3.025330149139742630e+00 2.091324127339479144e+00 9.315985388558210012e-01 2.365458983840790452e+00 3.623393779449870067e+00 2.853589432659756842e+00 2.029632518816870235e+00 9.145726605860634573e-01 1.682099920530036208e+00 3.266318860400479362e+00 2.842600377776315135e+00 2.023619216461549186e+00 9.026383692729200714e-01 1.474388216308858635e+00 3.193634513952862353e+00 2.862946613094719872e+00 2.030050073770270913e+00 8.877083911697152274e-01 1.792566468042235517e+00 3.227862049003351608e+00 2.773368806816828069e+00 1.996170692272824621e+00 9.045960365599107211e-01 1.307831552867213087e+00 2.970358016703842363e+00 2.750707150984490923e+00 1.987743931012343257e+00 8.764661636884339968e-01 1.176261790378498207e+00 2.942889089976141292e+00 2.771036507178831876e+00 1.992049626570034482e+00
0.000000000000000000e+00 2.532609435539546983e+00 1.692120304920443186e+00 2.283387258532406427e+00 2.193245130328835391e+00 1.311102212358599806e+00 2.232598924827646325e+00 1.481921179722029080e+00 2.115097973312261015e+00 2.214269092666922401e+00 1.413800804295097135e+00 2.434683923098617697e+00 1.529111324574745190e+00 2.091324127339479144e+00 2.239695239386777281e+00 1.452174553323519524e+00 2.019150075127371657e+00 1.110722323969127512e+00 1.840149214024952240e+00 2.067999133362357966e+00 1.397317720166707078e+00 1.759134828212788326e+00 1.153342984940170179e+00 1.792637098858339550e+00 2.091399777494971080e+00 1.475966662192901735e+00 1.955226454247429135e+00 1.253222559277751058e+00 1.825654809955655100e+00 2.122116379857436730e+00 1.523313557064671864e+00 1.518640251194768531e+00 9.561869673114061774e-01 1.673716315904147489e+00 2.003902840086333459e+00 1.425999322869139663e+00 1.619032212572942608e+00 1.045809008402987184e+00 1.676175874820865275e+00 2.032486371754032906e+00 1.509653993269540084e+00 1.833045639376085667e+00 1.151563488190572082e+00 1.728833322712655551e+00 2.069436031303740542e+00
0.000000000000000000e+00 1.970903056978622059e-01 8.938042664616778488e-02 1.185108513432026500e+00 1.446652207858539319e+00 1.128803445848448161e+00 9.413161945622051663e-01 -5.281163446678067107e-03 9.755056064332335852e-01 1.437714627677527668e+00 1.202889093631562600e+00 1.313461964501827284e+00 8.245827850699290196e-02 9.315985388558210012e-01 1.452174553323519524e+00 1.232271556452285921e+00 9.447427753450146071e-01 -2.217768082414176278e-01 7.546479766619580420e-01 1.311022073208580663e+00 1.185235422032854036e+00 9.356121186054976446e-01 -7.137129618139480269e-02 7.097927821042643304e-01 1.329682231128482384e+00 1.255496440208516917e+00 1.185472051106094771e+00 4.229308563102443519e-02 7.332989824866275042e-01 1.355755759682884865e+00 1.301328242329223617e+00 6.791424429156490694e-01 -2.386986200588716023e-01 6.221218749691768135e-01 1.256363352405949874e+00 1.209066019752485621e+00 9.387711589366467546e-01 -7.498261224741324671e-02 6.303093350695579966e-01 1.283894784615401852e+00 1.289954492186247803e+00 1.179082408061023379e+00 3.114729034806022062e-02 6.729802209843543936e-01 1.317591970120595590e+00
0.000000000000000000e+00 6.594751325055580260e+00 2.481687569047788866e+00 2.391779515534850020e+00 1.860276262493858468e+00 7.649320959629768435e-01 5.862225923914245129e+00 2.662535780062775359e+00 2.334833619570958252e+00 1.961551387904297838e+00 8.929556976749660757e-01 6.266278100307395960e+00 2.912004942338824343e+00 2.365458983840790452e+00 2.019150075127371657e+00 9.447427753450146071e-01 5.334913438407614450e+00 2.175970416267235752e+00 2.016382947146751370e+00 1.809161445062437590e+00 8.754377535800973442e-01 4.996701953702102017e+00 2.400692772550233833e+00 2.037346938493083126e+00 1.874259423159922333e+00 9.902395487422173126e-01 5.329666997551347762e+00 2.604236897224473601e+00 2.103952874189015443e+00 1.920178032495270415e+00 1.062608423513180522e+00 4.542542547759663485e+00 2.049583921278088638e+00 1.863879597537827060e+00 1.765274447624217258e+00 9.206077492063393652e-01 4.617581152862490157e+00 2.256616510084304750e+00 1.914750979999126690e+00 1.820980711450037592e+00 1.047976326443117667e+00 4.956888232136876127e+00 2.441952622254111027e+00 1.994274771934342994e+00 1.869054821369800834e+00
0.000000000000000000e+00 1.027994038671862143e+01 7.667656035112147883e+00 2.851274532403153650e+00 1.094072728915594928e+00 -4.672496068451887502e-02 3.257152409799665804e+00 7.273837075602166635e+00 3.449976303780164510e+00 1.130671475254820146e+00 -1.663541168860921682e-01 1.378153721380384722e+00 6.802677340716988930e+00 3.623393779449870067e+00 1.110722323969127512e+00 -2.217768082414176278e-01 2.175970416267235752e+00 7.053687852999124708e+00 3.710348982378009364e+00 1.299163195772056856e+00 -1.600866887140822425e-01 9.372228016409245299e-01 6.069515772136461429e+00 3.765066103320146684e+00 1.226512407490278678e+00 -3.497303819843332606e-01 1.793204044399759542e-03 5.679751018826167730e+00 3.745453776067522611e+00 1.179186971146443330e+00 -4.833764191151277978e-01 1.709901141875604269e+00 6.379486700640109476e+00 3.837607949566724574e+00 1.333489703091316647e+00 -2.464733069144599276e-01 2.456110767542729612e-01 5.544210049895682779e+00 3.767121968003371624e+00 1.248580994530166910e+00 -4.878808822950393420e-01 -5.300535210592564050e-01 5.256771262613578521e+00 3.709526523892987981e+00 1.184968727192042381e+00
0.000000000000000000e+00 5.845355716939861779e+00 4.361826167012535116e+00 2.633460993333799127e+00 1.802182253011096691e+00 7.437761401588328658e-01 2.608932971902105713e+00 4.029254820078546295e+00 2.794297228919101705e+00 1.833713659948701835e+00 7.555562124262348300e-01 1.895788440365013594e+00 3.837223804357454249e+00 2.853589432659756842e+00 1.840149214024952240e+00 7.546479766619580420e-01 2.016382947146751370e+00 3.710348982378009364e+00 2.745881859245963508e+00 1.823806226796712560e+00 7.523946962867797961e-01 1.309108819022894554e+00 3.293064569146193499e+00 2.737750707675741246e+00 1.806078786329279096e+00 7.169809229267626316e-01 1.011935360409965456e+00 3.176940185396287308e+00 2.746573497097231531e+00 1.802791584553177451e+00 6.863387447028443944e-01 1.509864679517571640e+00 3.317057933509472534e+00 2.701133661207992809e+00 1.802628862637950080e+00 7.342128022505358675e-01 9.287696926705167888e-01 2.998889865780968833e+00 2.668674493051553576e+00 1.781862570285318359e+00 6.783650096961346687e-01 7.139939775216813667e-01 2.932219313192227617e+00 2.672923373471379094e+00 1.774867806304419871e+00
0.000000000000000000e+00 2.672957910966673012e+00 1.853437294731315577e+00 2.173046338648935372e+00 2.031552474219582294e+00 1.194775243150216548e+00 2.048556075827701939e+00 1.631852856484337311e+00 2.047224228367355181e+00 2.049256405240932999e+00 1.280535234082665452e+00 2.125223837535509031e+00 1.640502959625703694e+00 2.029632518816870235e+00 2.067999133362357966e+00 1.311022073208580663e+00 1.809161445062437590e+00 1.299163195772056856e+00 1.823806226796712560e+00 1.935007002351899486e+00 1.272112472142093553e+00 1.510497762156036705e+00 1.278837625152875690e+00 1.778924640920939604e+00 1.948969387947607768e+00 1.330459857301616422e+00 1.632480128827050292e+00 1.341724235969644408e+00 1.803001819222626256e+00 1.971078733759435542e+00 1.363562235966987224e+00 1.341613682954395870e+00 1.127706825633779220e+00 1.683648855841168412e+00 1.882005909124548904e+00 1.295546976005037099e+00 1.353465652967279942e+00 1.158665162364419521e+00 1.677504700531383897e+00 1.899887499706523375e+00 1.354554720870297935e+00 1.500513043931036350e+00 1.232871280498597510e+00 1.717443299778263599e+00 1.926634510353982588e+00
0.000000000000000000e+00 2.528688862537158966e-01 1.540267060006741129e-01 1.153379760586984659e+00 1.393994858227474598e+00 1.089257315901877021e+00 8.877790013171106276e-01 5.098709729848904110e-02 9.574141935498493572e-01 1.385514436331372501e+00 1.158733638752729833e+00 1.220236483748752265e+00 1.247171219420266514e-01 9.145726605860634573e-01 1.397317720166707078e+00 1.185235422032854036e+00 8.754377535800973442e-01 -1.600866887140822425e-01 7.523946962867797961e-01 1.272112472142093553e+00 1.148073928137146371e+00 8.517043758299276401e-01 -3.265459513235413613e-02 7.072708646090769546e-01 1.287438515546419637e+00 1.211395802345814898e+00 1.081593192098966982e+00 6.905597524508341745e-02 7.270585195918598531e-01 1.309726311432384938e+00 1.251724990206964927e+00 6.138170145181439663e-01 -1.872823549348479610e-01 6.273682508310051142e-01 1.222530857887090594e+00 1.172457469988986478e+00 8.481671328193458592e-01 -4.361391803980516763e-02 6.318355541899988159e-01 1.245862344567155056e+00 1.244448908723633895e+00 1.070926976654658080e+00 5.287461378985528621e-02 6.697477360173967886e-01 1.275114535794284132e+00
0.000000000000000000e+00 4.741559541649017717e+00 1.123978776188385931e+00 1.835436674522129108e+00 1.604306371186411839e+00 7.284855093734985410e-01 5.318994962255154668e+00 1.385621134153008249e+00 1.677918373886915893e+00 1.697537321613629802e+00 8.745623909510165106e-01 6.087436084686449256e+00 1.728104123393467972e+00 1.682099920530036208e+00 1.759134828212788326e+00 9.356121186054976446e-01 4.996701953702102017e+00 9.372228016409245299e-01 1.309108819022894554e+00 1.510497762156036705e+00 8.517043758299276401e-01 4.938740309637194237e+00 1.345891476498261463e+00 1.324501925322464579e+00 1.588637542734302910e+00 9.985855067013240660e-01 5.449953188994378195e+00 1.625431065858519153e+00 1.397714358869814433e+00 1.644138750246529890e+00 1.094282110138161457e+00 4.340376009000212143e+00 9.341820414409832685e-01 1.133732572281194395e+00 1.457897705981641590e+00 9.091613847401412984e-01 4.698711101701887216e+00 1.296938656846800431e+00 1.200428122863540725e+00 1.529580584352800532e+00 1.078105882570279395e+00 5.181099172462074520e+00 1.538571180059559840e+00 1.292914108090884806e+00 1.590354402472565543e+00
0.000000000000000000e+00 9.196623272392203674e+00 6.602813691851954658e+00 2.630842448606649064e+00 1.120634674090275062e+00 5.150510880078763148e-02 3.341963065334521144e+00 6.305084922374370571e+00 3.118092404271899376e+00 1.162112016114215329e+00 -3.221736654070796180e-02 1.842879396932195046e+00 5.948870162128241823e+00 3.266318860400479362e+00 1.153342984940170179e+00 -7.137129618139480269e-02 2.400692772550233833e+00 6.069515772136461429e+00 3.293064569146193499e+00 1.278837625152875690e+00 -3.265459513235413613e-02 1.345891476498261463e+00 5.288959168764523433e+00 3.342745109202502896e+00 1.227542648083044474e+00 -1.746147206242707750e-01 6.122693537117810392e-01 4.993136421131963765e+00 3.336212302969846721e+00 1.195295060045252766e+00 -2.752197400428688656e-01 1.932557099605854978e+00 5.502840539426228972e+00 3.380012773826304162e+00 1.300177092868586071e+00 -1.000796026059439098e-01 7.369818356732285025e-01 4.841683354562506203e+00 3.330034410768771824e+00 1.238092909340638981e+00 -2.826935843839790130e-01 1.353880938598746864e-01 4.627608916206958689e+00 3.293592746926560011e+00 1.192841959141854868e+00
0.000000000000000000e+00 5.926690337819491283e+00 4.401302918903298611e+00 2.606486157738854281e+00 1.753009071361738336e+00 7.031176285533131676e-01 2.636182865205636272e+00 4.078886165786678397e+00 2.779322439473712603e+00 1.785866899675896180e+00 7.116731715454862606e-01 1.905314180256341361e+00 3.886039197824563196e+00 2.842600377776315135e+00 1.792637098858339550e+00 7.097927821042643304e-01 2.037346938493083126e+00 3.765066103320146684e+00 2.737750707675741246e+00 1.778924640920939604e+00 7.072708646090769546e-01 1.324501925322464579e+00 3.342745109202502896e+00 2.733563138290657335e+00 1.761368515459863504e+00 6.693846839619220779e-01 1.016251774872760416e+00 3.223283128024938105e+00 2.742906897433635471e+00 1.757888743851370839e+00 6.374038019715797532e-01 1.534897050999539880e+00 3.370975156729283828e+00 2.698289510176490325e+00 1.759251420054686266e+00 6.872310045206749818e-01 9.389119967969100644e-01 3.046541643895730012e+00 2.667090861658497847e+00 1.738298824164178358e+00 6.287530531773567466e-01 7.138014790714638513e-01 2.976744839749990046e+00 2.670877992362352682e+00 1.730802715431768668e+00
0.000000000000000000e+00 2.621376701632683215e+00 1.782234731360530677e+00 2.179020337009850206e+00 2.050025094071163512e+00 1.206060981984843572e+00 2.105972963147089150e+00 1.569178115716073796e+00 2.042799874172756880e+00 2.070453026753276582e+00 1.296906139574637518e+00 2.223095520583601825e+00 1.590971042158616511e+00 2.023619216461549186e+00 2.091399777494971080e+00 1.329682231128482384e+00 1.874259423159922333e+00 1.226512407490278678e+00 1.806078786329279096e+00 1.948969387947607768e+00 1.287438515546419637e+00 1.588637542734302910e+00 1.227542648083044474e+00 1.761368515459863504e+00 1.966359662914426654e+00 1.352060371282439055e+00 1.734567447409639085e+00 1.302040337357941224e+00 1.787868191421294384e+00 1.990745853942974763e+00 1.389435813591312296e+00 1.396222308644233800e+00 1.062214012835283272e+00 1.659758054199040656e+00 1.894294445203849708e+00 1.313294889579139424e+00 1.436651089581078677e+00 1.112309312088431756e+00 1.656616119341532745e+00 1.915506013550732245e+00 1.379883382341168696e+00 1.605181133191105225e+00 1.196146754787346778e+00 1.699924762287647884e+00 1.944834042923705653e+00
0.000000000000000000e+00 8.887619110365682640e-02 -2.945431441647138743e-02 1.178065669524922310e+00 1.465511871498321073e+00 1.141704103933058212e+00 9.783036124949519019e-01 -1.197729612040774050e-01 9.517953646356749342e-01 1.460324258998311642e+00 1.223661898871955866e+00 1.405195973452866287e+00 -1.849927976002426269e-02 9.026383692729200714e-01 1.475966662192901735e+00 1.255496440208516917e+00 9.902395487422173126e-01 -3.497303819843332606e-01 7.169809229267626316e-01 1.330459857301616422e+00 1.211395802345814898e+00 9.985855067013240660e-01 -1.746147206242707750e-01 6.693846839619220779e-01 1.352060371282439055e+00 1.289062309434490627e+00 1.282625379091733464e+00 -4.759570239465842761e-02 6.934483185178063058e-01 1.378914401108729093e+00 1.338992863267979061e+00 7.089608208349252871e-01 -3.590491153414292480e-01 5.767737234041421246e-01 1.276273126382418965e+00 1.241722820559893581e+00 1.009845090015085933e+00 -1.722228682099247177e-01 5.862535856444571758e-01 1.306086310432458708e+00 1.330827122272922658e+00 1.281273092084314058e+00 -5.485607023661736442e-02 6.309603075363122704e-01 1.340789603486806758e+00
0.000000000000000000e+00 3.783920364985364326e+00 2.053801627577930555e-01 1.782431365844170612e+00 1.776356382059377514e+00 9.143551883859107887e-01 5.544107433808418861e+00 5.246986074331064787e-01 1.498676370945253744e+00 1.880504363147390112e+00 1.105542309072838014e+00 6.725176241746941841e+00 9.825869679211498564e-01 1.474388216308858635e+00 1.955226454247429135e+00 1.185472051106094771e+00 5.329666997551347762e+00 1.793204044399759542e-03 1.011935360409965456e+00 1.632480128827050292e+00 1.081593192098966982e+00 5.449953188994378195e+00 6.122693537117810392e-01 1.016251774872760416e+00 1.734567447409639085e+00 1.282625379091733464e+00 6.200199963066193476e+00 9.977776349807634393e-01 1.104997708311401983e+00 1.806567234161011948e+00 1.414356855708953864e+00 4.627218886361989192e+00 7.705752112590648351e-02 7.763232866145436395e-01 1.563684356589568392e+00 1.164253149417098232e+00 5.289588390754010661e+00 6.224331917595269381e-01 8.629447453110937749e-01 1.660370483424660426e+00 1.398363400221628972e+00 5.982836717811522931e+00 9.515004998616312104e-01 9.814512687835743598e-01 1.741274852056517330e+00
0.000000000000000000e+00 8.834828515991292264e+00 6.213516437528919134e+00 2.624645359024053271e+00 1.208413441044565273e+00 1.354404171053842365e-01 3.498224637168056539e+00 5.948489141682789416e+00 3.056623125329109847e+00 1.255185254030433351e+00 7.243335047406225524e-02 2.184452732619916571e+00 5.647609911953591855e+00 3.193634513952862353e+00 1.253222559277751058e+00 4.229308563102443519e-02 2.604236897224473601e+00 5.679751018826167730e+00 3.176940185396287308e+00 1.341724235969644408e+00 6.905597524508341745e-02 1.625431065858519153e+00 4.993136421131963765e+00 3.223283128024938105e+00 1.302040337357941224e+00 -4.759570239465842761e-02 9.977776349807634393e-01 4.746458872132789608e+00 3.225052465967892523e+00 1.278200103815335220e+00 -1.310474707266218730e-01 2.111576645786741313e+00 5.149978688269469806e+00 3.236776068281963958e+00 1.354716010692505579e+00 1.206507763663314248e-02 1.048502421305563814e+00 4.572726284646017270e+00 3.197147345190560319e+00 1.304822860149714492e+00 -1.399174252928059858e-01 5.405157186096917199e-01 4.398971567406314342e+00 3.173571858123667155e+00 1.269666075036123276e+00
0.000000000000000000e+00 5.935061763856096739e+00 4.387752173927851551e+00 2.633510571172449577e+00 1.782671546617051295e+00 7.215830568299134162e-01 2.700918260593821341e+00 4.069975362295590315e+00 2.799812647317588610e+00 1.817075930302948672e+00 7.335139504017009759e-01 1.995084901605463479e+00 3.886184436628411731e+00 2.862946613094719872e+00 1.825654809955655100e+00 7.332989824866275042e-01 2.103952874189015443e+00 3.745453776067522611e+00 2.746573497097231531e+00 1.803001819222626256e+00 7.270585195918598531e-01 1.397714358869814433e+00 3.336212302969846721e+00 2.742906897433635471e+00 1.787868191421294384e+00 6.934483185178063058e-01 1.104997708311401983e+00 3.225052465967892523e+00 2.754753419670612935e+00 1.786448997656601589e+00 6.645257189171100975e-01 1.592535215954943961e+00 3.353421921472550249e+00 2.701649272704930382e+00 1.780996137983057448e+00 7.079321768542158333e-01 1.013837931835466000e+00 3.041119146033631093e+00 2.672960767619840805e+00 1.762628208337762903e+00 6.546961827275707968e-01 8.028404114167978500e-01 2.978516294782341589e+00 2.679920916491889571e+00 1.757485570147579557e+00
0.000000000000000000e+00 2.582992449862592466e+00 1.737643895877719835e+00 2.195579136808803788e+00 2.078261938085049998e+00 1.226797038269322515e+00 2.144997204720854533e+00 1.529097278362126167e+00 2.050418021206954489e+00 2.099579148212676660e+00 1.321231221918174992e+00 2.290793216038610858e+00 1.560124752704402207e+00 2.030050073770270913e+00 2.122116379857436730e+00 1.355755759682884865e+00 1.920178032495270415e+00 1.179186971146443330e+00 1.802791584553177451e+00 1.971078733759435542e+00 1.309726311432384938e+00 1.644138750246529890e+00 1.195295060045252766e+00 1.757888743851370839e+00 1.990745853942974763e+00 1.378914401108729093e+00 1.806567234161011948e+00 1.278200103815335220e+00 1.786448997656601589e+00 2.017119338482901370e+00 1.419551618808783555e+00 1.435809393045025306e+00 1.019874565571147640e+00 1.651144685177523330e+00 1.914094357934773116e+00 1.336639027767569265e+00 1.496264566873032331e+00 1.083644622423325821e+00 1.650176517096888507e+00 1.937829556279359933e+00 1.408839189727565833e+00 1.679561256521183710e+00 1.174516171627978167e+00 1.696322594741748402e+00 1.969483401308290471e+00
0.000000000000000000e+00 -3.405729056785084669e-02 -1.622690456490691602e-01 1.187556941682054390e+00 1.508431197396556733e+00 1.176036064579823126e+00 1.032279598291858447e+00 -2.424224987538367848e-01 9.409217073167178702e-01 1.505030707862676342e+00 1.265938783037585669e+00 1.523245487064027737e+00 -1.220554964225353117e-01 8.877083911697152274e-01 1.523313557064671864e+00 1.301328242329223617e+00 1.062608423513180522e+00 -4.833764191151277978e-01 6.863387447028443944e-01 1.363562235966987224e+00 1.251724990206964927e+00 1.094282110138161457e+00 -2.752197400428688656e-01 6.374038019715797532e-01 1.389435813591312296e+00 1.338992863267979061e+00 1.414356855708953864e+00 -1.310474707266218730e-01 6.645257189171100975e-01 1.419551618808783555e+00 1.395511111632936174e+00 7.705460667229686589e-01 -4.793156811134542949e-01 5.362422101088263338e-01 1.306013387448120788e+00 1.285545380593178466e+00 1.116423310498396271e+00 -2.629206273952180428e-01 5.493759997504342740e-01 1.340351368913477614e+00 1.386261294070243011e+00 1.420017897866022283e+00 -1.315307621023507623e-01 5.987910708731175591e-01 1.378947334385013823e+00
0.000000000000000000e+00 5.403544485292946398e+00 1.868146799983886330e+00 1.806563510940628170e+00 1.390956326898350914e+00 5.346503124678362306e-01 4.941618294328244509e+00 2.074677746388108091e+00 1.763505126773682763e+00 1.470501993957862297e+00 6.364034694397863179e-01 5.330880557689145149e+00 2.307515184434564492e+00 1.792566468042235517e+00 1.518640251194768531e+00 6.791424429156490694e-01 4.542542547759663485e+00 1.709901141875604269e+00 1.509864679517571640e+00 1.341613682954395870e+00 6.138170145181439663e-01 4.340376009000212143e+00 1.932557099605854978e+00 1.534897050999539880e+00 1.396222308644233800e+00 7.089608208349252871e-01 4.627218886361989192e+00 2.111576645786741313e+00 1.592535215954943961e+00 1.435809393045025306e+00 7.705460667229686589e-01 3.958003303675662110e+00 1.642329592543815719e+00 1.393177110369244520e+00 1.304186790280552843e+00 6.467479667809894472e-01 4.042474840469514774e+00 1.836157956680263048e+00 1.440797887668987087e+00 1.351861516357606652e+00 7.538838825853875214e-01 4.325237752074982289e+00 1.994104740861064595e+00 1.507871210519071248e+00 1.393481606922031935e+00
0.000000000000000000e+00 9.358273040138245236e+00 6.870387153638934485e+00 2.521843925710834267e+00 9.425884974262537241e-01 -7.857842866499210877e-02 3.012925185341664314e+00 6.548797789499486655e+00 3.068823706274118823e+00 9.739588518453787813e-01 -1.885973692874798324e-01 1.314932991678880114e+00 6.132395354454162728e+00 3.227862049003351608e+00 9.561869673114061774e-01 -2.386986200588716023e-01 2.049583921278088638e+00 6.379486700640109476e+00 3.317057933509472534e+00 1.127706825633779220e+00 -1.872823549348479610e-01 9.341820414409832685e-01 5.502840539426228972e+00 3.370975156729283828e+00 1.062214012835283272e+00 -3.590491153414292480e-01 7.705752112590648351e-02 5.149978688269469806e+00 3.353421921472550249e+00 1.019874565571147640e+00 -4.793156811134542949e-01 1.642329592543815719e+00 5.790927992763558407e+00 3.441233091259443100e+00 1.159517832221512279e+00 -2.679724807646796658e-01 3.039416726809862634e-01 5.040188710382527582e+00 3.379550956278991158e+00 1.083038965033410905e+00 -4.859709524542095149e-01 -4.095810214684643125e-01 4.777205393646962506e+00 3.326505064302706760e+00 1.025873385642802171e+00
0.000000000000000000e+00 5.923933789444046916e+00 4.441011890489947156e+00 2.510864339630261455e+00 1.643167040200123274e+00 6.316989709749025739e-01 2.465328246572357607e+00 4.115275542708261902e+00 2.707202080864021809e+00 1.671470851801655666e+00 6.289206734289402023e-01 1.659050368957992960e+00 3.899094211708967528e+00 2.773368806816828069e+00 1.673716315904147489e+00 6.221218749691768135e-01 1.863879597537827060e+00 3.837607949566724574e+00 2.701133661207992809e+00 1.683648855841168412e+00 6.273682508310051142e-01 1.133732572281194395e+00 3.380012773826304162e+00 2.698289510176490325e+00 1.659758054199040656e+00 5.767737234041421246e-01 7.763232866145436395e-01 3.236776068281963958e+00 2.701649272704930382e+00 1.651144685177523330e+00 5.362422101088263338e-01 1.393177110369244520e+00 3.441233091259443100e+00 2.679790660472807673e+00 1.670194527767028481e+00 6.028187255389748644e-01 7.425552630326035519e-01 3.082279380743996100e+00 2.643142475232211019e+00 1.642581817040066561e+00 5.292416241754119843e-01 4.721611677304948795e-01 2.991379826236556294e+00 2.638535364749778900e+00 1.629099935202108940e+00
0.000000000000000000e+00 2.706024164925865172e+00 1.875952102090834517e+00 2.125437870505700211e+00 1.967919712592459902e+00 1.145935693640393715e+00 2.011623781285290846e+00 1.656051593754707785e+00 2.011986139927648853e+00 1.986525287777579640e+00 1.227782373166570018e+00 2.060595919928862152e+00 1.656900952274751981e+00 1.996170692272824621e+00 2.003902840086333459e+00 1.256363352405949874e+00 1.765274447624217258e+00 1.333489703091316647e+00 1.802628862637950080e+00 1.882005909124548904e+00 1.222530857887090594e+00 1.457897705981641590e+00 1.300177092868586071e+00 1.759251420054686266e+00 1.894294445203849708e+00 1.276273126382418965e+00 1.563684356589568392e+00 1.354716010692505579e+00 1.780996137983057448e+00 1.914094357934773116e+00 1.306013387448120788e+00 1.304186790280552843e+00 1.159517832221512279e+00 1.670194527767028481e+00 1.833137779764931086e+00 1.245517878716381421e+00 1.296314207146980202e+00 1.177739414019099318e+00 1.662376929930509561e+00 1.848591199351028225e+00 1.298878074110576764e+00 1.428663673179005889e+00 1.244607863782639656e+00 1.698914774452559229e+00 1.872484656729244357e+00
