0.000000000000000000e+00 0.000000000000000000e+00 0.000000000000000000e+00 0.000000000000000000e+00 0.000000000000000000e+00 0.000000000000000000e+00 0.000000000000000000e+00 0.000000000000000000e+00 0.000000000000000000e+00 0.000000000000000000e+00 0.000000000000000000e+00 0.000000000000000000e+00 0.000000000000000000e+00 0.000000000000000000e+00 0.000000000000000000e+00 0.000000000000000000e+00 0.000000000000000000e+00 0.000000000000000000e+00 0.000000000000000000e+00 0.000000000000000000e+00 0.000000000000000000e+00 0.000000000000000000e+00 0.000000000000000000e+00 0.000000000000000000e+00 0.000000000000000000e+00 0.000000000000000000e+00 0.000000000000000000e+00 0.000000000000000000e+00 0.000000000000000000e+00 0.000000000000000000e+00 0.000000000000000000e+00 0.000000000000000000e+00 0.000000000000000000e+00 0.000000000000000000e+00 0.000000000000000000e+00 0.000000000000000000e+00 0.000000000000000000e+00 0.000000000000000000e+00 0.000000000000000000e+00 0.000000000000000000e+00 0.000000000000000000e+00 0.000000000000000000e+00 0.000000000000000000e+00 0.000000000000000000e+00 0.000000000000000000e+00
0.000000000000000000e+00 0.000000000000000000e+00 0.000000000000000000e+00 0.000000000000000000e+00 0.000000000000000000e+00 0.000000000000000000e+00 0.000000000000000000e+00 0.000000000000000000e+00 0.000000000000000000e+00 0.000000000000000000e+00 0.000000000000000000e+00 0.000000000000000000e+00 0.000000000000000000e+00 0.000000000000000000e+00 0.000000000000000000e+00 0.000000000000000000e+00 0.000000000000000000e+00 0.000000000000000000e+00 0.000000000000000000e+00 0.000000000000000000e+00 0.000000000000000000e+00 0.000000000000000000e+00 0.000000000000000000e+00 0.000000000000000000e+00 0.000000000000000000e+00 0.000000000000000000e+00 0.000000000000000000e+00 0.000000000000000000e+00 0.000000000000000000e+00 0.000000000000000000e+00 0.000000000000000000e+00 0.000000000000000000e+00 0.000000000000000000e+00 0.000000000000000000e+00 0.000000000000000000e+00 0.000000000000000000e+00 0.000000000000000000e+00 0.000000000000000000e+00 0.000000000000000000e+00 0.000000000000000000e+00 0.000000000000000000e+00 0.000000000000000000e+00 0.000000000000000000e+00 0.000000000000000000e+00 0.000000000000000000e+00
0.000000000000000000e+00 0.000000000000000000e+00 1.998866638445477051e+01 3.158191578693340063e+01 1.865660067373489994e+01 2.648605582842506934e+01 3.271989218786032216e-01 2.355345790322498445e+01 2.706001951220435231e+01 1.937756138965864139e+01 2.014532116785642302e+01 -5.360075801495868264e-01 1.818445844354707930e+01 2.532598377193388828e+01 1.936563331411939615e+01 1.804216768297770912e+01 -1.557509408219637514e-01 2.051767279709293135e+01 2.510126337588421919e+01 1.895735692538859496e+01 1.909126182409187322e+01 -1.125772974600789400e+00 1.334150754083853840e+01 2.136418620683357616e+01 1.832364652818148087e+01 1.699680926475439691e+01 -3.863495595483278588e+00 1.099114736839633721e+01 2.031397061997594378e+01 1.818168587313171969e+01 1.630062119998927983e+01 -2.108155855415478008e+00 1.357339237690848854e+01 2.067848422034576217e+01 1.795962611828161570e+01 1.697033938000213027e+01 -2.881598604655402074e+00 9.581838935555406778e+00 1.837985891347148026e+01 1.734607963807105335e+01 1.573287355061805393e+01 -4.485130101183981033e+00 8.282578001798508893e+00 1.779393871685483219e+01 1.727508757469110279e+01
0.000000000000000000e+00 0.000000000000000000e+00 3.158191578693340063e+01 5.614913075940589238e+01 3.342853489093425168e+01 4.862383659575584005e+01 -6.905853283132846521e+00 3.837644599852782079e+01 4.682398048705510973e+01 3.416917577995257460e+01 3.660986021997948114e+01 -9.235962258644585532e+00 2.793171048763212738e+01 4.313650971779396315e+01 3.388152422258711027e+01 3.259714070540238140e+01 -6.933254020032976861e+00 3.390316887036981797e+01 4.382949899006164429e+01 3.369360688421503625e+01 3.494494235656287628e+01 -8.580026012760775700e+00 2.023526675658838769e+01 3.646121008297253496e+01 3.219198762797373803e+01 3.084039852947863736e+01 -1.407091354606981071e+01 1.548100589362756629e+01 3.423558991532748053e+01 3.176272856962056679e+01 2.945060999875448005e+01 -1.034612267769452565e+01 2.142152343245222568e+01 3.573971581366121342e+01 3.181994645408942191e+01 3.101153787857521493e+01 -1.093887850509734427e+01 1.364527538749989688e+01 3.115877139176060240e+01 3.045274714447161912e+01 2.855044286189099267e+01 -1.432355254897613683e+01 1.090160351103783221e+01 2.985250911729131928e+01 3.018502827773351171e+01
0.000000000000000000e+00 0.000000000000000000e+00 1.865660067373489994e+01 3.342853489093425168e+01 2.043444489360052785e+01 3.150463816748069945e+01 -3.714777972998493105e+00 2.255645933866448161e+01 2.780017142328486912e+01 2.081454728666706089e+01 2.356318582475283918e+01 -5.127759537378710597e+00 1.649409525996420456e+01 2.561757459728084285e+01 2.063322524076527387e+01 2.097850846699082439e+01 -3.792707221730592160e+00 1.987165638792014377e+01 2.593240196424077482e+01 2.042664788311109447e+01 2.229207761480020267e+01 -4.820765298767501150e+00 1.193801979596301166e+01 2.159277348102691718e+01 1.951521348392294541e+01 1.968660933340112251e+01 -7.982972218228994166e+00 9.205811006121049189e+00 2.030180474263168833e+01 1.927163929821897526e+01 1.882905805526261389e+01 -5.839197719930803387e+00 1.258280464635809182e+01 2.111695095091062413e+01 1.922934527033326546e+01 1.967667103474087753e+01 -6.209581765278802123e+00 8.099738875568172958e+00 1.844594756354381460e+01 1.842578706893963769e+01 1.815923167845486574e+01 -8.154940725961013825e+00 6.534664320198067422e+00 1.770474144607916855e+01 1.828695111625133762e+01
0.000000000000000000e+00 0.000000000000000000e+00 2.648605582842506934e+01 4.862383659575584005e+01 3.150463816748069945e+01 5.503705998398687171e+01 -3.872217510891660552e+00 3.198377038592079913e+01 4.019973343110071795e+01 3.182411144003956949e+01 4.057825144682821161e+01 -5.936606435016428485e+00 2.367066555034946163e+01 3.707712858050049221e+01 3.151881004339248094e+01 3.609928682451926818e+01 -4.182035274667176949e+00 2.802704704108532496e+01 3.722882825862413370e+01 3.092019863901641941e+01 3.774144822065215976e+01 -5.750274671048187791e+00 1.714112183249383392e+01 3.107998599560701436e+01 2.952730346491232893e+01 3.334507710097712163e+01 -1.001683958228387716e+01 1.348699178769062890e+01 2.931804296116160202e+01 2.921073569300008543e+01 3.198243760796087543e+01 -7.161894692992640366e+00 1.788697635800363983e+01 3.024364599235913076e+01 2.890552167153652618e+01 3.294561713864521835e+01 -7.756304822912508889e+00 1.183774664480493932e+01 2.654454935514080205e+01 2.776665544909129935e+01 3.053741047342593262e+01 -1.036876089918778554e+01 9.783248122422698145e+00 2.558437316717785848e+01 2.763222246511870139e+01
0.000000000000000000e+00 0.000000000000000000e+00 3.271989218786032216e-01 -6.905853283132846521e+00 -3.714777972998493105e+00 -3.872217510891660552e+00 1.437858739853031942e+01 5.099117830332512424e-01 -4.058648451523201750e+00 -3.208997969485264612e+00 -2.840358869347024307e+00 1.629618662378752703e+01 3.442091207577222978e+00 -2.700209571164787548e+00 -2.814218437778937432e+00 -2.292046796322518620e+00 1.295054430638295528e+01 -2.646658916733276579e-01 -4.487590789199554564e+00 -3.714453359296260526e+00 -3.477636589888052576e+00 1.338804097904043289e+01 3.116102564892385463e+00 -2.455913701511282632e+00 -3.039088760010682400e+00 -2.725788353596353630e+00 1.506517474777886889e+01 4.752647169120351123e+00 -1.592214975870149818e+00 -2.713135197160366108e+00 -2.377989949853700047e+00 1.343407720021161289e+01 1.726038718580047204e+00 -3.145176755481909669e+00 -3.495084734620890199e+00 -3.290763620669810763e+00 1.220118216675118816e+01 3.939215319997601217e+00 -1.767421797856502996e+00 -2.927149569947840924e+00 -2.703451388138196965e+00 1.346894704582615176e+01 5.052023638577993303e+00 -1.154487435377097970e+00 -2.654301217718804118e+00
0.000000000000000000e+00 0.000000000000000000e+00 2.355345790322498445e+01 3.837644599852782079e+01 2.255645933866448161e+01 3.198377038592079913e+01 5.099117830332512424e-01 2.875852499567912446e+01 3.279592691420145201e+01 2.335623387736060508e+01 2.423875786112592579e+01 -3.906149819331097284e-01 2.214570792695420209e+01 3.065378453892153487e+01 2.331223928824359959e+01 2.167739342547075410e+01 -4.529312361625147804e-02 2.515797772230280671e+01 3.050310797175739097e+01 2.289305419032015365e+01 2.299748674504997226e+01 -1.038228835189504595e+00 1.631331596838889197e+01 2.590874715379611004e+01 2.208042360980376984e+01 2.042310181216538822e+01 -4.480430855140216551e+00 1.340325400077992057e+01 2.460721984481696012e+01 2.188796289796070482e+01 1.956770836683574188e+01 -2.342002480336297765e+00 1.666298081791670782e+01 2.513267584115574493e+01 2.167899064149886357e+01 2.041721588606495885e+01 -3.277129722269035650e+00 1.172311390054124836e+01 2.229416626785320332e+01 2.089908438440429705e+01 1.889122809225561994e+01 -5.306883949115080767e+00 1.010335527306463455e+01 2.155625961912720356e+01 2.079598016937386618e+01
0.000000000000000000e+00 0.000000000000000000e+00 2.706001951220435231e+01 4.682398048705510973e+01 2.780017142328486912e+01 4.019973343110071795e+01 -4.058648451523201750e+00 3.279592691420145201e+01 3.933690403151835113e+01 2.853348340902204328e+01 3.032758580326445852e+01 -5.812308009870941206e+00 2.428074734471400475e+01 3.639749606647144731e+01 2.835468401562556551e+01 2.704315639945928496e+01 -4.259240168551642114e+00 2.887458190869780239e+01 3.673933394807854569e+01 2.807735580070637482e+01 2.888065107209384763e+01 -5.638414377962221558e+00 1.767306172919957774e+01 3.075555616547122639e+01 2.690990618083603181e+01 2.554208945582570678e+01 -1.009545560183577706e+01 1.383552854621221506e+01 2.898021321597140343e+01 2.659263484012193146e+01 2.441981508521429234e+01 -7.109258438344307152e+00 1.849872957908002391e+01 3.004681892956358524e+01 2.653811089311940208e+01 2.562823928276551300e+01 -7.792833790210720757e+00 1.216326221203740232e+01 2.633627089342239458e+01 2.545993435281113193e+01 2.363625936451734333e+01 -1.051182383273489762e+01 9.970631338240279362e+00 2.530523664223971991e+01 2.526948422377474301e+01
0.000000000000000000e+00 0.000000000000000000e+00 1.937756138965864139e+01 3.416917577995257460e+01 2.081454728666706089e+01 3.182411144003956949e+01 -3.208997969485264612e+00 2.335623387736060508e+01 2.853348340902204328e+01 2.125782411881337097e+01 2.384487312795266334e+01 -4.588408315745857280e+00 1.722439377088902646e+01 2.635198037544422789e+01 2.109874186300153909e+01 2.124714461413353206e+01 -3.350515138278304939e+00 2.054065444833943488e+01 2.658986944366303362e+01 2.084647406771590639e+01 2.254788983507222255e+01 -4.411013621366314474e+00 1.249535735448911922e+01 2.221073775301510622e+01 1.995139974809845640e+01 1.993547325668341585e+01 -7.601264533685076152e+00 9.744672061671803220e+00 2.091870143045856523e+01 1.971780353487684678e+01 1.907697043006930926e+01 -5.446570503276439545e+00 1.309623818655414595e+01 2.168645377438457800e+01 1.963980591548761723e+01 1.991245394255933121e+01 -5.896858006876547265e+00 8.562590699892627555e+00 1.899378905314703303e+01 1.884274625291497074e+01 1.839145747384038998e+01 -7.849028250444106014e+00 6.994631616929358309e+00 1.825576198790169613e+01 1.871218346665651566e+01
0.000000000000000000e+00 0.000000000000000000e+00 2.014532116785642302e+01 3.660986021997948114e+01 2.356318582475283918e+01 4.057825144682821161e+01 -2.840358869347024307e+00 2.423875786112592579e+01 3.032758580326445852e+01 2.384487312795266334e+01 2.997850127393175157e+01 -4.376738015591069342e+00 1.796739694776048779e+01 2.798994947986957627e+01 2.362815196331719747e+01 2.667973894676741509e+01 -3.081687460548027335e+00 2.123445143006230040e+01 2.809443113162173233e+01 2.318403911546127105e+01 2.792222371816196613e+01 -4.267752650560256100e+00 1.301572075833803055e+01 2.347301914849072091e+01 2.215450471163912027e+01 2.468011397349269842e+01 -7.484799962091484460e+00 1.025634393415149503e+01 2.214738128917650073e+01 2.191894172744726177e+01 2.366987737248634005e+01 -5.329410903052154147e+00 1.356854678355175459e+01 2.283925285902029145e+01 2.169444000061514899e+01 2.440536926992231415e+01 -5.796580694194828354e+00 8.997967972938051062e+00 2.005403317159182564e+01 2.084406834241526951e+01 2.261956244076505484e+01 -7.762804318421613559e+00 7.446472569744167380e+00 1.932961039896273903e+01 2.074179739165414205e+01
0.000000000000000000e+00 0.000000000000000000e+00 -5.360075801495868264e-01 -9.235962258644585532e+00 -5.127759537378710597e+00 -5.936606435016428485e+00 1.629618662378752703e+01 -3.906149819331097284e-01 -5.812308009870941206e+00 -4.588408315745857280e+00 -4.376738015591069342e+00 1.866028091272634271e+01 3.147887263970469363e+00 -4.206305745102040028e+00 -4.146965342780593922e+00 -3.639298685545714118e+00 1.473835909192936278e+01 -1.099108327644122030e+00 -6.170256355629557987e+00 -5.109109005638329926e+00 -4.991469207110192485e+00 1.541435414159871442e+01 3.016879461872171930e+00 -3.718440803766870140e+00 -4.322326140163826658e+00 -4.032698108484821908e+00 1.741645099649820239e+01 4.953293476087169189e+00 -2.705625173494821123e+00 -3.954413367765905907e+00 -3.608916142178546504e+00 1.548097776898139699e+01 1.453867098983958828e+00 -4.443564090775848463e+00 -4.798639602722758468e+00 -4.641040170008515986e+00 1.411404086474390773e+01 4.104409896591485918e+00 -2.797995413991480884e+00 -4.137329448209407623e+00 -3.921723124582045195e+00 1.560621559351416465e+01 5.404545246420718208e+00 -2.089182835205312561e+00 -3.833858448041833178e+00
0.000000000000000000e+00 0.000000000000000000e+00 1.818445844354707930e+01 2.793171048763212738e+01 1.649409525996420456e+01 2.367066555034946163e+01 3.442091207577222978e+00 2.214570792695420209e+01 2.428074734471400475e+01 1.722439377088902646e+01 1.796739694776048779e+01 3.147887263970469363e+00 1.771430865211082306e+01 2.293810281061553979e+01 1.728018583546585418e+01 1.612596942347905582e+01 2.710526026217888074e+00 1.920610638696093631e+01 2.241808339102734848e+01 1.675200185679036480e+01 1.687116565882597641e+01 2.021784241154499728e+00 1.316394260998509402e+01 1.934195231217700339e+01 1.628035441907203662e+01 1.506601980345846670e+01 -2.456358153640439135e-01 1.129114053286319752e+01 1.853502413056698472e+01 1.620650520815613405e+01 1.448805764315833500e+01 1.049371080121670241e+00 1.312498895470692872e+01 1.858918416586546485e+01 1.586721258916461963e+01 1.493381597405522321e+01 6.261102523588769897e-02 9.823744726150126283e+00 1.671651414704953353e+01 1.539670456924871544e+01 1.389546261158504947e+01 -1.214992414002842525e+00 8.826361510403760491e+00 1.628681475448538762e+01 1.537958791271810632e+01
0.000000000000000000e+00 0.000000000000000000e+00 2.532598377193388828e+01 4.313650971779396315e+01 2.561757459728084285e+01 3.707712858050049221e+01 -2.700209571164787548e+00 3.065378453892153487e+01 3.639749606647144731e+01 2.635198037544422789e+01 2.798994947986957627e+01 -4.206305745102040028e+00 2.293810281061553979e+01 3.377056541828883240e+01 2.622132407522198250e+01 2.498117385169967974e+01 -2.997607143747721192e+00 2.692314058528049259e+01 3.393400386674286295e+01 2.588383042261026290e+01 2.659325115813158646e+01 -4.273839771359658535e+00 1.673705439517125271e+01 2.852000332004566374e+01 2.485482033840580129e+01 2.355081030927006580e+01 -8.298020932318561194e+00 1.328624948331315636e+01 2.693575317480020104e+01 2.458758161867967473e+01 2.253562345532082034e+01 -5.628118477001803122e+00 1.739380355168358605e+01 2.779769210111074784e+01 2.446831216126762598e+01 2.358479104325043707e+01 -6.368243394267084412e+00 1.165856803005257802e+01 2.444926769667339528e+01 2.351191512633473479e+01 2.178002758856501231e+01 -8.805015309700667814e+00 9.701812748024474686e+00 2.353786518776522030e+01 2.335802388180279721e+01
0.000000000000000000e+00 0.000000000000000000e+00 1.936563331411939615e+01 3.388152422258711027e+01 2.063322524076527387e+01 3.151881004339248094e+01 -2.814218437778937432e+00 2.331223928824359959e+01 2.835468401562556551e+01 2.109874186300153909e+01 2.362815196331719747e+01 -4.146965342780593922e+00 1.728018583546585418e+01 2.622132407522198250e+01 2.095560666091632385e+01 2.106401095718237926e+01 -2.995038992745119533e+00 2.047640037005911395e+01 2.639957284448946595e+01 2.067289865023015594e+01 2.232050080675081460e+01 -4.054956818053021550e+00 1.254968076575496383e+01 2.209320246700292500e+01 1.980508035623858731e+01 1.974795001014581075e+01 -7.187152544487296346e+00 9.853819478267910270e+00 2.083088700525259185e+01 1.958359530290683281e+01 1.890549305565214411e+01 -5.077558968757993618e+00 1.310695023280707971e+01 2.154686282912006590e+01 1.947895463975275732e+01 1.970777728276970464e+01 -5.566000789930336090e+00 8.650159655091723465e+00 1.890276525161281640e+01 1.870358998192303801e+01 1.821382895925799872e+01 -7.476245844917401406e+00 7.119059822904293178e+00 1.818535812498134163e+01 1.858267913034799790e+01
0.000000000000000000e+00 0.000000000000000000e+00 1.804216768297770912e+01 3.259714070540238140e+01 2.097850846699082439e+01 3.609928682451926818e+01 -2.292046796322518620e+00 2.167739342547075410e+01 2.704315639945928496e+01 2.124714461413353206e+01 2.667973894676741509e+01 -3.639298685545714118e+00 1.612596942347905582e+01 2.498117385169967974e+01 2.106401095718237926e+01 2.375144786887377180e+01 -2.533825763102886874e+00 1.897273677574234441e+01 2.503521602211744934e+01 2.064608078288622650e+01 2.483410422881454238e+01 -3.597591856840161917e+00 1.168961682214206377e+01 2.094397672687230383e+01 1.974259106080264203e+01 2.196058593379150281e+01 -6.440311498802465451e+00 9.254047858964296935e+00 1.977611957957699929e+01 1.953970217708083013e+01 2.106745304707101596e+01 -4.539032631968864528e+00 1.215589280108669001e+01 2.036171380219031235e+01 1.932104869093028299e+01 2.170379160722727008e+01 -4.982051530101245795e+00 8.112675237669412454e+00 1.789906674326273617e+01 1.857399248693530325e+01 2.012397995302364961e+01 -6.715140671635579928e+00 6.747199786230486218e+00 1.726378353202581550e+01 1.848874079546494897e+01
0.000000000000000000e+00 0.000000000000000000e+00 -1.557509408219637514e-01 -6.933254020032976861e+00 -3.792707221730592160e+00 -4.182035274667176949e+00 1.295054430638295528e+01 -4.529312361625147804e-02 -4.259240168551642114e+00 -3.350515138278304939e+00 -3.081687460548027335e+00 1.473835909192936278e+01 2.710526026217888074e+00 -2.997607143747721192e+00 -2.995038992745119533e+00 -2.533825763102886874e+00 1.170111027091248346e+01 -6.470417417207384725e-01 -4.578552302199597968e+00 -3.781653907176846463e+00 -3.615279076065457176e+00 1.216519370709124104e+01 2.554372541611204195e+00 -2.665057027947992818e+00 -3.158000581762673509e+00 -2.886342786508623526e+00 1.372841224390296411e+01 4.074634708315608478e+00 -1.866718232184976012e+00 -2.862861194016782740e+00 -2.557163956494602264e+00 1.222446723400124213e+01 1.312508454748398057e+00 -3.257473451913791340e+00 -3.550687500693291643e+00 -3.386264244331439688e+00 1.113691303147402323e+01 3.388246930839633464e+00 -1.968153570907214878e+00 -3.026563754449062671e+00 -2.828924187962011505e+00 1.230497503356786027e+01 4.413405404005313670e+00 -1.407052690251722415e+00 -2.781729586300611512e+00
0.000000000000000000e+00 0.000000000000000000e+00 2.051767279709293135e+01 3.390316887036981797e+01 1.987165638792014377e+01 2.802704704108532496e+01 -2.646658916733276579e-01 2.515797772230280671e+01 2.887458190869780239e+01 2.054065444833943488e+01 2.123445143006230040e+01 -1.099108327644122030e+00 1.920610638696093631e+01 2.692314058528049259e+01 2.047640037005911395e+01 1.897273677574234441e+01 -6.470417417207384725e-01 2.209879527854174697e+01 2.693749015855806661e+01 2.019209928145570387e+01 2.021672495850308948e+01 -1.471655543664258881e+00 1.416901549025003781e+01 2.280673268231213058e+01 1.944207129485098307e+01 1.792745715970435683e+01 -4.594416002583029623e+00 1.152306714619019523e+01 2.161448237981752385e+01 1.925065389452776188e+01 1.715859915294528548e+01 -2.633437835646261327e+00 1.457614884471479222e+01 2.219180063155648241e+01 1.913664947791956550e+01 1.797143056284753371e+01 -3.378673494886126338e+00 1.012054372403056490e+01 1.962714035226039755e+01 1.841816736535868060e+01 1.660207209641466264e+01 -5.240042216561195509e+00 8.631944199718654787e+00 1.893986405947558893e+01 1.830668978568320782e+01
0.000000000000000000e+00 0.000000000000000000e+00 2.510126337588421919e+01 4.382949899006164429e+01 2.593240196424077482e+01 3.722882825862413370e+01 -4.487590789199554564e+00 3.050310797175739097e+01 3.673933394807854569e+01 2.658986944366303362e+01 2.809443113162173233e+01 -6.170256355629557987e+00 2.241808339102734848e+01 3.393400386674286295e+01 2.639957284448946595e+01 2.503521602211744934e+01 -4.578552302199597968e+00 2.693749015855806661e+01 3.439326453268802197e+01 2.622666818172927705e+01 2.683665194958484079e+01 -5.830667961996725879e+00 1.632668521381990701e+01 2.872372629474834937e+01 2.510539863558703999e+01 2.370948319067249344e+01 -1.008507965767928738e+01 1.265732328549844610e+01 2.702067221149553689e+01 2.478748472808268843e+01 2.264829788144970735e+01 -7.217346808572145278e+00 1.719091765636825642e+01 2.812689916203334661e+01 2.480770819969342256e+01 2.384591126910291692e+01 -7.786440000865252564e+00 1.116348839198480292e+01 2.459721008727386504e+01 2.377033327565360921e+01 2.196476975249270680e+01 -1.039765146444487875e+01 9.052820226590728936e+00 2.359686255038697666e+01 2.357139090062455011e+01
0.000000000000000000e+00 0.000000000000000000e+00 1.895735692538859496e+01 3.369360688421503625e+01 2.042664788311109447e+01 3.092019863901641941e+01 -3.714453359296260526e+00 2.289305419032015365e+01 2.807735580070637482e+01 2.084647406771590639e+01 2.318403911546127105e+01 -5.109109005638329926e+00 1.675200185679036480e+01 2.588383042261026290e+01 2.067289865023015594e+01 2.064608078288622650e+01 -3.781653907176846463e+00 2.019209928145570387e+01 2.622666818172927705e+01 2.049430049275525079e+01 2.199695378206001450e+01 -4.802589552417781960e+00 1.215280552040202799e+01 2.185285146146368618e+01 1.959114248627152222e+01 1.942952813304851745e+01 -8.014002283961774609e+00 9.376994435909621117e+00 2.054532486653350531e+01 1.934411833287360949e+01 1.857639194534153049e+01 -5.832028024238201880e+00 1.281513875008403147e+01 2.138729336150542437e+01 1.932512425463269778e+01 1.945687779715259325e+01 -6.222203483722879014e+00 8.263457833703030886e+00 1.868586047764645741e+01 1.851717932268485711e+01 1.794747643863997055e+01 -8.198366957254940246e+00 6.670037456628778116e+00 1.792954138198883385e+01 1.837148501980551174e+01
0.000000000000000000e+00 0.000000000000000000e+00 1.909126182409187322e+01 3.494494235656287628e+01 2.229207761480020267e+01 3.774144822065215976e+01 -3.477636589888052576e+00 2.299748674504997226e+01 2.888065107209384763e+01 2.254788983507222255e+01 2.792222371816196613e+01 -4.991469207110192485e+00 1.687116565882597641e+01 2.659325115813158646e+01 2.232050080675081460e+01 2.483410422881454238e+01 -3.615279076065457176e+00 2.021672495850308948e+01 2.683665194958484079e+01 2.199695378206001450e+01 2.612348359270843190e+01 -4.719338414284660388e+00 1.220954055194401988e+01 2.234734419444992071e+01 2.098948002726943329e+01 2.306527778403431128e+01 -7.882483468322002196e+00 9.482882826874043047e+00 2.103502890757619781e+01 2.074129608250859036e+01 2.209617916595325227e+01 -5.747135538073344208e+00 1.282808274728514242e+01 2.180996195811570004e+01 2.061021821191009096e+01 2.288639550253400756e+01 -6.121079849534051931e+00 8.343059915825286055e+00 1.908507973519761336e+01 1.976864306774325541e+01 2.117678152547540904e+01 -8.067116687790553797e+00 6.794204577272355827e+00 1.835319837632880535e+01 1.964635041785535563e+01
0.000000000000000000e+00 0.000000000000000000e+00 -1.125772974600789400e+00 -8.580026012760775700e+00 -4.820765298767501150e+00 -5.750274671048187791e+00 1.338804097904043289e+01 -1.038228835189504595e+00 -5.638414377962221558e+00 -4.411013621366314474e+00 -4.267752650560256100e+00 1.541435414159871442e+01 2.021784241154499728e+00 -4.273839771359658535e+00 -4.054956818053021550e+00 -3.597591856840161917e+00 1.216519370709124104e+01 -1.471655543664258881e+00 -5.830667961996725879e+00 -4.802589552417781960e+00 -4.719338414284660388e+00 1.284442442768539294e+01 2.119900604760158735e+00 -3.708820479506941936e+00 -4.143627173010115960e+00 -3.871989482251474435e+00 1.455660295583595421e+01 3.770857613290751420e+00 -2.852281859729237645e+00 -3.842515378594838715e+00 -3.505652047337331378e+00 1.290424126900567359e+01 8.590728898354581533e-01 -4.257529073996951574e+00 -4.505781294479696442e+00 -4.357559365607224677e+00 1.184169495786726856e+01 3.145159844111798719e+00 -2.843866190194596744e+00 -3.950301967951015403e+00 -3.733903245291834150e+00 1.310086724055836349e+01 4.241726540935413681e+00 -2.251691208588923132e+00 -3.704568143855676787e+00
0.000000000000000000e+00 0.000000000000000000e+00 1.334150754083853840e+01 2.023526675658838769e+01 1.193801979596301166e+01 1.714112183249383392e+01 3.116102564892385463e+00 1.631331596838889197e+01 1.767306172919957774e+01 1.249535735448911922e+01 1.301572075833803055e+01 3.016879461872171930e+00 1.316394260998509402e+01 1.673705439517125271e+01 1.254968076575496383e+01 1.168961682214206377e+01 2.554372541611204195e+00 1.416901549025003781e+01 1.632668521381990701e+01 1.215280552040202799e+01 1.220954055194401988e+01 2.119900604760158735e+00 9.855396010553986841e+00 1.414569965646383487e+01 1.183271804816098971e+01 1.091481478625938806e+01 5.023306037725340234e-01 8.533458961924072383e+00 1.358115122541973285e+01 1.178762005420029801e+01 1.050243199752774004e+01 1.400137328727972807e+00 9.797573424387797658e+00 1.358837086411405970e+01 1.152826688569641611e+01 1.080919109285419033e+01 6.332650316771994969e-01 7.448155876812617038e+00 1.226133403556534063e+01 1.120165332628166510e+01 1.006722722698818728e+01 -2.725780132337042305e-01 6.749047265408962382e+00 1.196251585164077014e+01 1.119499866073021366e+01
0.000000000000000000e+00 0.000000000000000000e+00 2.136418620683357616e+01 3.646121008297253496e+01 2.159277348102691718e+01 3.107998599560701436e+01 -2.455913701511282632e+00 2.590874715379611004e+01 3.075555616547122639e+01 2.221073775301510622e+01 2.347301914849072091e+01 -3.718440803766870140e+00 1.934195231217700339e+01 2.852000332004566374e+01 2.209320246700292500e+01 2.094397672687230383e+01 -2.665057027947992818e+00 2.280673268231213058e+01 2.872372629474834937e+01 2.185285146146368618e+01 2.234734419444992071e+01 -3.708820479506941936e+00 1.414569965646383487e+01 2.412838947891020425e+01 2.097630844664111294e+01 1.978187215637618479e+01 -7.149003432883522358e+00 1.119641583944439311e+01 2.277365576713844320e+01 2.074175900166668285e+01 1.892035614528568033e+01 -4.860409101018265510e+00 1.474150035876455611e+01 2.355094544027668491e+01 2.067716679653825196e+01 1.984063282857663779e+01 -5.468931327236562723e+00 9.852274327346123073e+00 2.070009118417655358e+01 1.985861864033850921e+01 1.831031957723588732e+01 -7.559750425625284542e+00 8.173041125472460422e+00 1.991405602380521955e+01 1.971874986811832287e+01
0.000000000000000000e+00 0.000000000000000000e+00 1.832364652818148087e+01 3.219198762797373803e+01 1.951521348392294541e+01 2.952730346491232893e+01 -3.039088760010682400e+00 2.208042360980376984e+01 2.690990618083603181e+01 1.995139974809845640e+01 2.215450471163912027e+01 -4.322326140163826658e+00 1.628035441907203662e+01 2.485482033840580129e+01 1.980508035623858731e+01 1.974259106080264203e+01 -3.158000581762673509e+00 1.944207129485098307e+01 2.510539863558703999e+01 1.959114248627152222e+01 2.098948002726943329e+01 -4.143627173010115960e+00 1.183271804816098971e+01 2.097630844664111294e+01 1.875487488309392603e+01 1.855812755771723843e+01 -7.168664059414494361e+00 9.224379034807217437e+00 1.975277013950393368e+01 1.853245446577696498e+01 1.775410429248864119e+01 -5.120838845645913295e+00 1.241354518320315314e+01 2.049641688530510564e+01 1.847797069060309383e+01 1.856075332571966996e+01 -5.551256559136025004e+00 8.118703968452031461e+00 1.795114314854260940e+01 1.772631385851278907e+01 1.713663908804876712e+01 -7.404357137981279813e+00 6.628776739512553640e+00 1.724808658008482354e+01 1.759855028456511761e+01
0.000000000000000000e+00 0.000000000000000000e+00 1.699680926475439691e+01 3.084039852947863736e+01 1.968660933340112251e+01 3.334507710097712163e+01 -2.725788353596353630e+00 2.042310181216538822e+01 2.554208945582570678e+01 1.993547325668341585e+01 2.468011397349269842e+01 -4.032698108484821908e+00 1.506601980345846670e+01 2.355081030927006580e+01 1.974795001014581075e+01 2.196058593379150281e+01 -2.886342786508623526e+00 1.792745715970435683e+01 2.370948319067249344e+01 1.942952813304851745e+01 2.306527778403431128e+01 -3.871989482251474435e+00 1.091481478625938806e+01 1.978187215637618479e+01 1.855812755771723843e+01 2.037909088921655254e+01 -6.630197759615282571e+00 8.540689263263390174e+00 1.864188506642905452e+01 1.834873781750999555e+01 1.953126561350493873e+01 -4.772905567032347030e+00 1.142304648481811569e+01 1.928180135279788843e+01 1.820569348075935423e+01 2.020214790433662344e+01 -5.140954954347155770e+00 7.505409483418397087e+00 1.690254757188150592e+01 1.747714563085429162e+01 1.870536529917419699e+01 -6.831761253984826254e+00 6.162414818741597244e+00 1.627100148550074366e+01 1.737762459544835636e+01
0.000000000000000000e+00 0.000000000000000000e+00 -3.863495595483278588e+00 -1.407091354606981071e+01 -7.982972218228994166e+00 -1.001683958228387716e+01 1.506517474777886889e+01 -4.480430855140216551e+00 -1.009545560183577706e+01 -7.601264533685076152e+00 -7.484799962091484460e+00 1.741645099649820239e+01 -2.456358153640439135e-01 -8.298020932318561194e+00 -7.187152544487296346e+00 -6.440311498802465451e+00 1.372841224390296411e+01 -4.594416002583029623e+00 -1.008507965767928738e+01 -8.014002283961774609e+00 -7.882483468322002196e+00 1.455660295583595421e+01 5.023306037725340234e-01 -7.149003432883522358e+00 -7.168664059414494361e+00 -6.630197759615282571e+00 1.691135699639530898e+01 2.717606122971763849e+00 -6.022705260786029413e+00 -6.800099490061646712e+00 -6.115824212146317329e+00 1.479621995010013258e+01 -9.861319259937593174e-01 -7.702871996431821522e+00 -7.549717998057595914e+00 -7.194838916511448801e+00 1.369482366668697004e+01 2.186040678662863002e+00 -5.767807482172609745e+00 -6.824460592285651828e+00 -6.311029701742330467e+00 1.536870062719776975e+01 3.624318121287092520e+00 -5.004889705338830375e+00 -6.528485033823841377e+00
0.000000000000000000e+00 0.000000000000000000e+00 1.099114736839633721e+01 1.548100589362756629e+01 9.205811006121049189e+00 1.348699178769062890e+01 4.752647169120351123e+00 1.340325400077992057e+01 1.383552854621221506e+01 9.744672061671803220e+00 1.025634393415149503e+01 4.953293476087169189e+00 1.129114053286319752e+01 1.328624948331315636e+01 9.853819478267910270e+00 9.254047858964296935e+00 4.074634708315608478e+00 1.152306714619019523e+01 1.265732328549844610e+01 9.376994435909621117e+00 9.482882826874043047e+00 3.770857613290751420e+00 8.533458961924072383e+00 1.119641583944439311e+01 9.224379034807217437e+00 8.540689263263390174e+00 2.717606122971763849e+00 7.713393070157154696e+00 1.087332743275807623e+01 9.241260333729053755e+00 8.258946476883043175e+00 3.204133233942507264e+00 8.265175201014468342e+00 1.062612279122538794e+01 8.897403871068330972e+00 8.357954189509444021e+00 2.383693730996295557e+00 6.698850497104989365e+00 9.761248445816296027e+00 8.722754068887915935e+00 7.844726285139326016e+00 1.843692302968034546e+00 6.305223302578064626e+00 9.615897600398479739e+00 8.762793466021911115e+00
0.000000000000000000e+00 0.000000000000000000e+00 2.031397061997594378e+01 3.423558991532748053e+01 2.030180474263168833e+01 2.931804296116160202e+01 -1.592214975870149818e+00 2.460721984481696012e+01 2.898021321597140343e+01 2.091870143045856523e+01 2.214738128917650073e+01 -2.705625173494821123e+00 1.853502413056698472e+01 2.693575317480020104e+01 2.083088700525259185e+01 1.977611957957699929e+01 -1.866718232184976012e+00 2.161448237981752385e+01 2.702067221149553689e+01 2.054532486653350531e+01 2.103502890757619781e+01 -2.852281859729237645e+00 1.358115122541973285e+01 2.277365576713844320e+01 1.975277013950393368e+01 1.864188506642905452e+01 -6.022705260786029413e+00 1.087332743275807623e+01 2.153756566377822068e+01 1.954998749498867383e+01 1.784445734279271534e+01 -3.931835826469246786e+00 1.406808495010710303e+01 2.218258709025209541e+01 1.943911107502031754e+01 1.866127166831935824e+01 -4.577500772711598387e+00 9.552291332351675379e+00 1.955515265343104048e+01 1.869579942249094984e+01 1.724281046060422184e+01 -6.491928093241877029e+00 8.021269101895160958e+00 1.884465235373548353e+01 1.857998249898660603e+01
0.000000000000000000e+00 0.000000000000000000e+00 1.818168587313171969e+01 3.176272856962056679e+01 1.927163929821897526e+01 2.921073569300008543e+01 -2.713135197160366108e+00 2.188796289796070482e+01 2.659263484012193146e+01 1.971780353487684678e+01 2.191894172744726177e+01 -3.954413367765905907e+00 1.620650520815613405e+01 2.458758161867967473e+01 1.958359530290683281e+01 1.953970217708083013e+01 -2.862861194016782740e+00 1.925065389452776188e+01 2.478748472808268843e+01 1.934411833287360949e+01 2.074129608250859036e+01 -3.842515378594838715e+00 1.178762005420029801e+01 2.074175900166668285e+01 1.853245446577696498e+01 1.834873781750999555e+01 -6.800099490061646712e+00 9.241260333729053755e+00 1.954998749498867383e+01 1.832101446994492733e+01 1.756077079447268474e+01 -4.803122975266182593e+00 1.232951086389394746e+01 2.024634950452261606e+01 1.824354827385925759e+01 1.833348800239276244e+01 -5.258381684965526048e+00 8.125965260880290586e+00 1.775639419603294300e+01 1.751331091362464321e+01 1.693677299879054488e+01 -7.065190246053843381e+00 6.676119760936098046e+00 1.707496301600624378e+01 1.739451954713441495e+01
0.000000000000000000e+00 0.000000000000000000e+00 1.630062119998927983e+01 2.945060999875448005e+01 1.882905805526261389e+01 3.198243760796087543e+01 -2.377989949853700047e+00 1.956770836683574188e+01 2.441981508521429234e+01 1.907697043006930926e+01 2.366987737248634005e+01 -3.608916142178546504e+00 1.448805764315833500e+01 2.253562345532082034e+01 1.890549305565214411e+01 2.106745304707101596e+01 -2.557163956494602264e+00 1.715859915294528548e+01 2.264829788144970735e+01 1.857639194534153049e+01 2.209617916595325227e+01 -3.505652047337331378e+00 1.050243199752774004e+01 1.892035614528568033e+01 1.775410429248864119e+01 1.953126561350493873e+01 -6.115824212146317329e+00 8.258946476883043175e+00 1.784445734279271534e+01 1.756077079447268474e+01 1.872520180352208641e+01 -4.361939428441005795e+00 1.096255965782229858e+01 1.842478811405157657e+01 1.740334520657214767e+01 1.934419253920876969e+01 -4.736689879972038497e+00 7.251931516523269394e+00 1.617063533207785042e+01 1.671675845184294218e+01 1.792016538660451630e+01 -6.332953529865803510e+00 5.986873375045462353e+00 1.557798345753859337e+01 1.662804165331384354e+01
0.000000000000000000e+00 0.000000000000000000e+00 -2.108155855415478008e+00 -1.034612267769452565e+01 -5.839197719930803387e+00 -7.161894692992640366e+00 1.343407720021161289e+01 -2.342002480336297765e+00 -7.109258438344307152e+00 -5.446570503276439545e+00 -5.329410903052154147e+00 1.548097776898139699e+01 1.049371080121670241e+00 -5.628118477001803122e+00 -5.077558968757993618e+00 -4.539032631968864528e+00 1.222446723400124213e+01 -2.633437835646261327e+00 -7.217346808572145278e+00 -5.832028024238201880e+00 -5.747135538073344208e+00 1.290424126900567359e+01 1.400137328727972807e+00 -4.860409101018265510e+00 -5.120838845645913295e+00 -4.772905567032347030e+00 1.479621995010013258e+01 3.204133233942507264e+00 -3.931835826469246786e+00 -4.803122975266182593e+00 -4.361939428441005795e+00 1.305437284372258588e+01 1.036135736860148010e-01 -5.391252912459198576e+00 -5.478403593012949102e+00 -5.273526740405833024e+00 1.200628685448917388e+01 2.645254210588389832e+00 -3.829136111783467911e+00 -4.875446652426224325e+00 -4.570981111121519724e+00 1.337140889731354143e+01 3.830708554144199862e+00 -3.193640604588970699e+00 -4.618242931160605913e+00
0.000000000000000000e+00 0.000000000000000000e+00 1.357339237690848854e+01 2.142152343245222568e+01 1.258280464635809182e+01 1.788697635800363983e+01 1.726038718580047204e+00 1.666298081791670782e+01 1.849872957908002391e+01 1.309623818655414595e+01 1.356854678355175459e+01 1.453867098983958828e+00 1.312498895470692872e+01 1.739380355168358605e+01 1.310695023280707971e+01 1.215589280108669001e+01 1.312508454748398057e+00 1.457614884471479222e+01 1.719091765636825642e+01 1.281513875008403147e+01 1.282808274728514242e+01 8.590728898354581533e-01 9.797573424387797658e+00 1.474150035876455611e+01 1.241354518320315314e+01 1.142304648481811569e+01 -9.861319259937593174e-01 8.265175201014468342e+00 1.406808495010710303e+01 1.232951086389394746e+01 1.096255965782229858e+01 1.036135736860148010e-01 9.899112417755119964e+00 1.425890957805109416e+01 1.216196486028139390e+01 1.138481494357811385e+01 -5.480849113316894616e-01 7.252009709940107740e+00 1.275039114630301285e+01 1.176382085952002754e+01 1.056064490229756281e+01 -1.618458045955625701e+00 6.412619637720860410e+00 1.237480842173356699e+01 1.172429538297433105e+01
0.000000000000000000e+00 0.000000000000000000e+00 2.067848422034576217e+01 3.573971581366121342e+01 2.111695095091062413e+01 3.024364599235913076e+01 -3.145176755481909669e+00 2.513267584115574493e+01 3.004681892956358524e+01 2.168645377438457800e+01 2.283925285902029145e+01 -4.443564090775848463e+00 1.858918416586546485e+01 2.779769210111074784e+01 2.154686282912006590e+01 2.036171380219031235e+01 -3.257473451913791340e+00 2.219180063155648241e+01 2.812689916203334661e+01 2.138729336150542437e+01 2.180996195811570004e+01 -4.257529073996951574e+00 1.358837086411405970e+01 2.355094544027668491e+01 2.049641688530510564e+01 1.928180135279788843e+01 -7.702871996431821522e+00 1.062612279122538794e+01 2.218258709025209541e+01 2.024634950452261606e+01 1.842478811405157657e+01 -5.391252912459198576e+00 1.425890957805109416e+01 2.304588350864747781e+01 2.024610032666396364e+01 1.938544424434005364e+01 -5.910764353492259815e+00 9.378834582651185414e+00 2.019641952909573845e+01 1.941558067258120701e+01 1.786549677963996174e+01 -8.020055327006339496e+00 7.679111099813145991e+00 1.939328111778493025e+01 1.925967112664512726e+01
0.000000000000000000e+00 0.000000000000000000e+00 1.795962611828161570e+01 3.181994645408942191e+01 1.922934527033326546e+01 2.890552167153652618e+01 -3.495084734620890199e+00 2.167899064149886357e+01 2.653811089311940208e+01 1.963980591548761723e+01 2.169444000061514899e+01 -4.798639602722758468e+00 1.586721258916461963e+01 2.446831216126762598e+01 1.947895463975275732e+01 1.932104869093028299e+01 -3.550687500693291643e+00 1.913664947791956550e+01 2.480770819969342256e+01 1.932512425463269778e+01 2.061021821191009096e+01 -4.505781294479696442e+00 1.152826688569641611e+01 2.067716679653825196e+01 1.847797069060309383e+01 1.820569348075935423e+01 -7.549717998057595914e+00 8.897403871068330972e+00 1.943911107502031754e+01 1.824354827385925759e+01 1.740334520657214767e+01 -5.478403593012949102e+00 1.216196486028139390e+01 2.024610032666396364e+01 1.823742877251991956e+01 1.824714544700611540e+01 -5.853643023881561547e+00 7.850156059534142194e+00 1.769078904579610168e+01 1.747469615625693962e+01 1.682788782885377898e+01 -7.727848103044670403e+00 6.338114575539162132e+00 1.697201175423926145e+01 1.733423977506215152e+01
