0.000000000000000000e+00 0.000000000000000000e+00 0.000000000000000000e+00 0.000000000000000000e+00 0.000000000000000000e+00 0.000000000000000000e+00 0.000000000000000000e+00 0.000000000000000000e+00 0.000000000000000000e+00 0.000000000000000000e+00 0.000000000000000000e+00 0.000000000000000000e+00 0.000000000000000000e+00 0.000000000000000000e+00 0.000000000000000000e+00 0.000000000000000000e+00 0.000000000000000000e+00 0.000000000000000000e+00 0.000000000000000000e+00 0.000000000000000000e+00 0.000000000000000000e+00 0.000000000000000000e+00 0.000000000000000000e+00 0.000000000000000000e+00 0.000000000000000000e+00 0.000000000000000000e+00 0.000000000000000000e+00 0.000000000000000000e+00 0.000000000000000000e+00 0.000000000000000000e+00 0.000000000000000000e+00 0.000000000000000000e+00 0.000000000000000000e+00 0.000000000000000000e+00 0.000000000000000000e+00 0.000000000000000000e+00 0.000000000000000000e+00 0.000000000000000000e+00 0.000000000000000000e+00 0.000000000000000000e+00 0.000000000000000000e+00 0.000000000000000000e+00 0.000000000000000000e+00 0.000000000000000000e+00 0.000000000000000000e+00
0.000000000000000000e+00 1.736460363765242221e+01 1.125364510605628787e+01 4.526223048574961716e+00 1.927149161093931085e+00 2.294882251963566433e-01 7.547770267741618078e+00 1.082085234667809459e+01 5.278742539072552198e+00 2.014039119190905058e+00 1.096874643122447562e-01 5.414126880338939962e+00 1.035454456469998874e+01 5.512742538071033316e+00 2.001322421543967778e+00 4.654895669270761593e-02 5.743442252178996732e+00 1.018199925658701055e+01 5.437397123420026013e+00 2.189076084227439711e+00 1.539418324063787369e-01 4.133592183121473695e+00 8.998355283943384464e+00 5.503753958568923466e+00 2.109912915071681105e+00 -6.107168855503529448e-02 3.181695908617066415e+00 8.614516660706227569e+00 5.504126503488459221e+00 2.055480586204226245e+00 -2.176379498493109799e-01 4.836320809774609764e+00 9.173883150993706437e+00 5.506275502968696500e+00 2.219741193357398945e+00 7.572918417850119099e-02 3.057314351444447187e+00 8.185925922425720813e+00 5.426061032732386380e+00 2.119704203016235411e+00 -2.025013785421499457e-01 2.305796432421092668e+00 7.929141397250808687e+00 5.385402834167480002e+00 2.045368807237131659e+00
0.000000000000000000e+00 1.125364510605628787e+01 8.590761133838482166e+00 3.255046888282370876e+00 1.328355611080735077e+00 2.027467772353095388e-01 3.571710147250087619e+00 7.994452992043934003e+00 3.846586666576254920e+00 1.352921570016101471e+00 6.524279882285059784e-02 1.660879994263916082e+00 7.472581932097531521e+00 4.013523846981964738e+00 1.318531466042184075e+00 -5.726316472154782677e-03 2.283638995202792454e+00 7.562497304765859241e+00 4.036340710616536320e+00 1.526156815668064937e+00 1.151023571940684997e-01 1.079450594750151815e+00 6.453001107583199669e+00 4.055069781407546259e+00 1.431100734836193711e+00 -1.052564440611904045e-01 1.912385944840831187e-01 6.059467360622103449e+00 4.030452547312320277e+00 1.370752353843379012e+00 -2.640010243300736081e-01 1.816249775846027426e+00 6.712971939124313003e+00 4.103267503162263630e+00 1.549705651027677655e+00 3.754155080905256098e-02 3.661723875480298873e-01 5.805933328139812666e+00 4.005584345467166685e+00 1.445007278189798461e+00 -2.420881287817012451e-01 -3.556059725189920084e-01 5.533266417157225447e+00 3.948525974133627159e+00 1.369365145600823563e+00
0.000000000000000000e+00 4.526223048574961716e+00 3.255046888282370876e+00 2.472377842507017309e+00 1.918731264968473349e+00 9.666556140534000585e-01 2.623820034888762809e+00 3.009789722217273589e+00 2.502896724692377006e+00 1.949283709391421926e+00 1.014830094177535891e+00 2.353427080818865313e+00 2.949422962619713928e+00 2.537139501133135688e+00 1.969362608811163540e+00 1.031604526789116294e+00 2.201703801181883691e+00 2.647199749836717242e+00 2.335004994381334686e+00 1.863280201627373067e+00 9.946201607576240500e-01 1.737797565445863057e+00 2.458554114551121383e+00 2.321542230947945651e+00 1.869757938314777101e+00 1.011894347338660571e+00 1.679452075161600444e+00 2.455676345681260919e+00 2.350774487721194461e+00 1.887135530594779897e+00 1.019397968202784277e+00 1.726184121477564837e+00 2.361955190334604104e+00 2.232491723505429793e+00 1.817846292743696024e+00 9.920241360005508380e-01 1.474247433726055379e+00 2.244371483898691455e+00 2.226325533767783416e+00 1.825394079387678836e+00 1.002864771028747715e+00 1.465260030967164173e+00 2.268664099268053569e+00 2.261075624855829247e+00 1.843846829813102994e+00
0.000000000000000000e+00 1.927149161093931085e+00 1.328355611080735077e+00 1.918731264968473349e+00 1.882078238467094433e+00 1.178013994755791716e+00 1.798106541183031704e+00 1.186340077195365383e+00 1.777434648215047819e+00 1.892002161209041633e+00 1.261047770246192856e+00 1.983377349730588435e+00 1.242451328669048838e+00 1.763636215122400763e+00 1.916827443675764853e+00 1.295060517505775000e+00 1.679475440748897874e+00 9.090853955829530930e-01 1.545244031227474890e+00 1.750567736609066394e+00 1.225946528013478032e+00 1.486228047025238252e+00 9.745060535576626215e-01 1.515040562204780006e+00 1.773828664483626083e+00 1.295675363143256265e+00 1.641518851994411055e+00 1.065442879718414559e+00 1.549532418674909984e+00 1.806000134495441278e+00 1.341187645814958085e+00 1.298401403980637525e+00 8.126518657146116764e-01 1.410328366089917074e+00 1.688672451969048582e+00 1.240011418190970494e+00 1.389918960226467215e+00 9.073828982435567791e-01 1.421635062475526290e+00 1.718653879129210083e+00 1.317435011202117590e+00 1.557595345980514967e+00 9.987481532048961830e-01 1.471767874851024560e+00 1.757041880429069503e+00
0.000000000000000000e+00 2.294882251963566433e-01 2.027467772353095388e-01 9.666556140534000585e-01 1.178013994755791716e+00 9.583862595816760033e-01 6.058779234629046995e-01 1.258222770102781218e-01 8.195049854965638092e-01 1.156782037651738371e+00 1.003975215155378464e+00 8.148003551454708893e-01 1.744001991753442449e-01 7.905435961235275366e-01 1.164418267211155378e+00 1.023150147910095287e+00 6.290531900543819832e-01 2.048718038594615071e-03 6.746659237794285779e-01 1.060835784879768706e+00 9.795618056125018347e-01 5.967559483965780842e-01 8.938118617239228236e-02 6.426808493876643436e-01 1.068465831681440603e+00 1.023300434158165073e+00 7.289188472658671980e-01 1.561570177300646012e-01 6.592245821060185307e-01 1.087439115333068029e+00 1.053556094569224832e+00 4.606281721674911900e-01 -6.157747323580241468e-03 5.859521401677167951e-01 1.015187747808394603e+00 9.868555123112375815e-01 5.953144359178934586e-01 9.034306124270274907e-02 5.897575892328904557e-01 1.031924029524089237e+00 1.038278410063428581e+00 7.256258456828676984e-01 1.526879228312398584e-01 6.189482425486412254e-01 1.057055984170207852e+00
0.000000000000000000e+00 7.547770267741618078e+00 3.571710147250087619e+00 2.623820034888762809e+00 1.798106541183031704e+00 6.058779234629046995e-01 5.829099714693454004e+00 3.722113615200027148e+00 2.715826290134068621e+00 1.915031618507806677e+00 7.049507628203472986e-01 5.883404902992126040e+00 3.882416760348156526e+00 2.793254592023798555e+00 1.975686843296885487e+00 7.488837623422354151e-01 5.217339551503605399e+00 3.259441166107877486e+00 2.474643593014346887e+00 1.794106501732673165e+00 6.639241575573329168e-01 4.728721112648925029e+00 3.321858412992929832e+00 2.530390372273074284e+00 1.856723514338804559e+00 7.462673455548468615e-01 4.871401698483465381e+00 3.447421560168240973e+00 2.599269036702797742e+00 1.899891135647264306e+00 7.985618822173005116e-01 4.447743969207600401e+00 3.052912618497873876e+00 2.374485758455791018e+00 1.762721175044947630e+00 6.814523657379250032e-01 4.292677846204435710e+00 3.116728649119310024e+00 2.428937949347954373e+00 1.812904731170030148e+00 7.690715251747756165e-01 4.461373760793891030e+00 3.239995727398095937e+00 2.500018781891793829e+00 1.854336147828750114e+00
0.000000000000000000e+00 1.082085234667809459e+01 7.994452992043934003e+00 3.009789722217273589e+00 1.186340077195365383e+00 1.258222770102781218e-01 3.722113615200027148e+00 7.509995696761030182e+00 3.570856811813746479e+00 1.221618561061344588e+00 3.976067097711937295e-03 1.989092029325448152e+00 7.058265847196952159e+00 3.733306387473298571e+00 1.195618977084954127e+00 -5.837281664688554611e-02 2.505939129315593483e+00 7.099123200132464007e+00 3.739386058134370305e+00 1.378237399990749124e+00 4.645595361728249717e-02 1.384809692018034166e+00 6.105941212294143661e+00 3.769111418627637100e+00 1.298433374139287944e+00 -1.494256027211308402e-01 5.851883337773143845e-01 5.757825572987148810e+00 3.752453683982583499e+00 1.246219859248076212e+00 -2.906050853166771697e-01 2.034854364977019880e+00 6.324433584330837022e+00 3.804699263729523384e+00 1.402758731772133505e+00 -2.339485796139470150e-02 7.020768236365368953e-01 5.507620350058933134e+00 3.724258874062656322e+00 1.312049706969390162e+00 -2.724927543737108993e-01 5.374810234574092099e-02 5.267788940562910582e+00 3.676638409702932542e+00 1.245176749324071963e+00
0.000000000000000000e+00 5.278742539072552198e+00 3.846586666576254920e+00 2.502896724692377006e+00 1.777434648215047819e+00 8.195049854965638092e-01 2.715826290134068621e+00 3.570856811813746479e+00 2.608186122394232420e+00 1.810581457053318744e+00 8.445129679381745413e-01 2.250879655643583277e+00 3.457600478879012673e+00 2.660306002088753008e+00 1.824959810241514102e+00 8.506632674192818877e-01 2.194215775633697962e+00 3.206489439385785012e+00 2.488654828804418795e+00 1.759174047781308703e+00 8.329115011518131162e-01 1.647535626873827486e+00 2.911734189763086622e+00 2.482468212071448743e+00 1.755073251386859656e+00 8.217356635577268698e-01 1.489859009566165460e+00 2.862185723771148993e+00 2.505407607490838018e+00 1.763121710341405635e+00 8.093744368047584015e-01 1.725187687062006647e+00 2.859084251779734132e+00 2.411200993338579401e+00 1.724807885121065310e+00 8.215108795172941791e-01 1.332286995804832452e+00 2.649045155303092258e+00 2.395872702296344414e+00 1.719730690121508587e+00 7.976743834894994833e-01 1.236985281251979485e+00 2.637201196224479460e+00 2.419156932189080678e+00 1.726543036047265334e+00
0.000000000000000000e+00 2.014039119190905058e+00 1.352921570016101471e+00 1.949283709391421926e+00 1.892002161209041633e+00 1.156782037651738371e+00 1.915031618507806677e+00 1.221618561061344588e+00 1.810581457053318744e+00 1.908710012752479646e+00 1.244488837505696166e+00 2.116550456068019503e+00 1.286572836565397671e+00 1.799110183756431169e+00 1.936688782868117409e+00 1.280738418270367607e+00 1.790572395068369405e+00 9.335232205658866578e-01 1.570558209633575730e+00 1.763512840507640345e+00 1.207979663791196812e+00 1.592500965672059676e+00 1.010395523852018584e+00 1.543751505036220495e+00 1.791023586268551959e+00 1.282740459169511960e+00 1.759636672820793946e+00 1.108374892088695995e+00 1.580924504287873900e+00 1.825296005104650510e+00 1.331509045867664387e+00 1.389758551433652123e+00 8.380338384984932221e-01 1.433605435985215504e+00 1.702069478291502236e+00 1.223748636745920271e+00 1.490978933324417000e+00 9.427162278926348726e-01 1.448520378658641139e+00 1.735377386058009508e+00 1.306850728515863702e+00 1.669807176179575858e+00 1.040061384119060239e+00 1.501419116435867229e+00 1.775685675746113690e+00
0.000000000000000000e+00 1.096874643122447562e-01 6.524279882285059784e-02 1.014830094177535891e+00 1.261047770246192856e+00 1.003975215155378464e+00 7.049507628203472986e-01 3.976067097711937295e-03 8.445129679381745413e-01 1.244488837505696166e+00 1.062044778154518587e+00 9.896680797514453287e-01 7.689700598273685461e-02 8.117773560944723243e-01 1.256810474120902077e+00 1.086941005363964763e+00 7.527278104259355063e-01 -1.319922193772298247e-01 6.748476829328927673e-01 1.132504914506410776e+00 1.033238976660480812e+00 7.385717853589407467e-01 -1.716634485070869407e-03 6.429285211245326925e-01 1.147119109552339866e+00 1.091079487610243426e+00 9.128767123943160033e-01 8.654877795500584559e-02 6.641660672064709781e-01 1.171172855668067392e+00 1.130924421458615603e+00 5.605855662141991935e-01 -1.216644899359938109e-01 5.746822761842982352e-01 1.082733802342572105e+00 1.044886962453894785e+00 7.472201024151605697e-01 1.277746012590853623e-02 5.843986613787194306e-01 1.106450707633432007e+00 1.112984611429460591e+00 9.154278814113848695e-01 9.245494241551704961e-02 6.201679811297214906e-01 1.137338753567420646e+00
0.000000000000000000e+00 5.414126880338939962e+00 1.660879994263916082e+00 2.353427080818865313e+00 1.983377349730588435e+00 8.148003551454708893e-01 5.883404902992126040e+00 1.989092029325448152e+00 2.250879655643583277e+00 2.116550456068019503e+00 9.896680797514453287e-01 6.592633630712578352e+00 2.348998168365364236e+00 2.287449996241433858e+00 2.204037129953412943e+00 1.070167042741946961e+00 5.570675789359678554e+00 1.532917283582117429e+00 1.864318887839924166e+00 1.893009136234113710e+00 9.182205824787967874e-01 5.364606715665453329e+00 1.968802447292541613e+00 1.919577149467082577e+00 2.002194192183411214e+00 1.097838435916797195e+00 5.844533978805587005e+00 2.257514609655657534e+00 2.015283931121849115e+00 2.078527372428865316e+00 1.218139868677079907e+00 4.768437050401638899e+00 1.542504560892287380e+00 1.701090709674110579e+00 1.837664327469048509e+00 9.656200192427070172e-01 5.077930242669046024e+00 1.923507452223562231e+00 1.799291077987337895e+00 1.936399626244224237e+00 1.171686373612924159e+00 5.535897342521483466e+00 2.171457676306030038e+00 1.910664330377837006e+00 2.016597523284448190e+00
0.000000000000000000e+00 1.035454456469998874e+01 7.472581932097531521e+00 2.949422962619713928e+00 1.242451328669048838e+00 1.744001991753442449e-01 3.882416760348156526e+00 7.058265847196952159e+00 3.457600478879012673e+00 1.286572836565397671e+00 7.689700598273685461e-02 2.348998168365364236e+00 6.673927133565025649e+00 3.610670898404887641e+00 1.270375146573542446e+00 2.642376869711717674e-02 2.742848777366245550e+00 6.642865397103206782e+00 3.579887250404510723e+00 1.411263214726091952e+00 1.092959207922667986e-01 1.697334495210530925e+00 5.767692389489256222e+00 3.612995507286987706e+00 1.347641861524129459e+00 -5.543233274998676102e-02 1.002531716522454541e+00 5.472189716770572865e+00 3.606265460365356557e+00 1.306391350807949658e+00 -1.748499411040549123e-01 2.245658910131619113e+00 5.932590940926948164e+00 3.626781990823011892e+00 1.429209400559012577e+00 4.884873185747758140e-02 1.049206233455961756e+00 5.214570373368037082e+00 3.562066980800551175e+00 1.354663644441158388e+00 -1.624370980083951199e-01 4.914652354446850668e-01 5.015228555534360311e+00 3.528100091229957158e+00 1.300252222037530325e+00
0.000000000000000000e+00 5.512742538071033316e+00 4.013523846981964738e+00 2.537139501133135688e+00 1.763636215122400763e+00 7.905435961235275366e-01 2.793254592023798555e+00 3.733306387473298571e+00 2.660306002088753008e+00 1.799110183756431169e+00 8.117773560944723243e-01 2.287449996241433858e+00 3.610670898404887641e+00 2.717628497992096825e+00 1.813250256345561251e+00 8.162752914478506039e-01 2.244731661541062184e+00 3.362700239915240807e+00 2.547871367120954300e+00 1.753226011899302383e+00 8.010516536638112584e-01 1.675635631028609573e+00 3.046185701677269986e+00 2.544465016961411141e+00 1.747951285881763628e+00 7.849624262220029625e-01 1.498516538300063150e+00 2.988315529708432727e+00 2.567211434123186642e+00 1.754748127801923907e+00 7.691530861231236083e-01 1.769224763725603555e+00 2.999522574808087594e+00 2.474685395618177353e+00 1.720806163340458550e+00 7.878173115600349830e-01 1.345534106548291309e+00 2.770747178113539988e+00 2.458520108817887184e+00 1.713949548743314510e+00 7.578662828781159710e-01 1.233787969596904954e+00 2.752828264224679966e+00 2.480488828195334339e+00 1.718986982908154992e+00
0.000000000000000000e+00 2.001322421543967778e+00 1.318531466042184075e+00 1.969362608811163540e+00 1.916827443675764853e+00 1.164418267211155378e+00 1.975686843296885487e+00 1.195618977084954127e+00 1.824959810241514102e+00 1.936688782868117409e+00 1.256810474120902077e+00 2.204037129953412943e+00 1.270375146573542446e+00 1.813250256345561251e+00 1.966963537394497807e+00 1.295326774105918233e+00 1.857176157922054260e+00 9.011544500686725634e-01 1.575528276155524710e+00 1.785536855321349980e+00 1.218210744008666024e+00 1.663960772475011396e+00 9.939652265608538428e-01 1.549952314806673392e+00 1.816328582470777109e+00 1.298428824944746429e+00 1.846676518163440583e+00 1.100249900345510179e+00 1.589380606450126576e+00 1.852763651753496887e+00 1.350934061064595682e+00 1.444953433692325762e+00 8.115409591183243565e-01 1.434810634175906152e+00 1.722920731995740029e+00 1.235469864557436015e+00 1.564257886994269375e+00 9.301686281615373364e-01 1.452655231536228442e+00 1.759292363750481814e+00 1.325016305087995283e+00 1.757127987990725337e+00 1.034288514247666546e+00 1.508351508810416242e+00 1.801920068318066948e+00
0.000000000000000000e+00 4.654895669270761593e-02 -5.726316472154782677e-03 1.031604526789116294e+00 1.295060517505775000e+00 1.023150147910095287e+00 7.488837623422354151e-01 -5.837281664688554611e-02 8.506632674192818877e-01 1.280738418270367607e+00 1.086941005363964763e+00 1.070167042741946961e+00 2.642376869711717674e-02 8.162752914478506039e-01 1.295326774105918233e+00 1.114553587578747340e+00 8.092487173453398741e-01 -1.993257212265598100e-01 6.696085072325653753e-01 1.161222201260634801e+00 1.055740996800063281e+00 8.048986892076340771e-01 -4.813151438652184255e-02 6.380026281363724294e-01 1.179239136308947389e+00 1.120288526972693210e+00 9.992794867486199939e-01 5.040474731919823009e-02 6.615187093972602073e-01 1.205745539102984099e+00 1.164755290486440886e+00 6.071043954751401683e-01 -1.795255873244317180e-01 5.643731093456133552e-01 1.109587304431692845e+00 1.069294221230955522e+00 8.188611162042253033e-01 -2.677489399157585367e-02 5.770765202228251844e-01 1.136698491866861449e+00 1.145379638933339494e+00 1.004987459505200187e+00 6.112074438559916834e-02 6.159733256920590927e-01 1.170353913570241211e+00
0.000000000000000000e+00 5.743442252178996732e+00 2.283638995202792454e+00 2.201703801181883691e+00 1.679475440748897874e+00 6.290531900543819832e-01 5.217339551503605399e+00 2.505939129315593483e+00 2.194215775633697962e+00 1.790572395068369405e+00 7.527278104259355063e-01 5.570675789359678554e+00 2.742848777366245550e+00 2.244731661541062184e+00 1.857176157922054260e+00 8.092487173453398741e-01 4.820138960348253399e+00 2.104237294969819150e+00 1.914673316004319448e+00 1.635430345901287774e+00 7.006760919363473894e-01 4.517764874631168937e+00 2.335906524541074170e+00 1.965288082476468245e+00 1.712894326156795488e+00 8.200076492263467243e-01 4.798327715307079799e+00 2.523351259221050302e+00 2.039271806192121339e+00 1.766876545424771239e+00 8.990024370097643436e-01 4.125319726959971511e+00 2.025582516853063009e+00 1.798303756244911344e+00 1.596510743711869518e+00 7.297405958290867911e-01 4.200645172664107641e+00 2.230750243330435811e+00 1.867728062583885018e+00 1.663779813544962627e+00 8.639429802479684506e-01 4.482117781644018528e+00 2.397669015551243454e+00 1.949632233296765049e+00 1.718824659752502759e+00
0.000000000000000000e+00 1.018199925658701055e+01 7.562497304765859241e+00 2.647199749836717242e+00 9.090853955829530930e-01 2.048718038594615071e-03 3.259441166107877486e+00 7.099123200132464007e+00 3.206489439385785012e+00 9.335232205658866578e-01 -1.319922193772298247e-01 1.532917283582117429e+00 6.642865397103206782e+00 3.362700239915240807e+00 9.011544500686725634e-01 -1.993257212265598100e-01 2.104237294969819150e+00 6.754420282617875415e+00 3.411930908210449864e+00 1.109232285080890001e+00 -8.473269225118718051e-02 1.043490071443213596e+00 5.769007686529303847e+00 3.440315495744796337e+00 1.023391489734372106e+00 -2.894892357621869361e-01 2.302145694060203918e-01 5.410207666342476074e+00 3.415946584407556941e+00 9.658272623285523162e-01 -4.359892173462073250e-01 1.719106540237812730e+00 6.016756104288235818e+00 3.496360207072843007e+00 1.140824714575537913e+00 -1.563362325193338453e-01 3.976736813928066216e-01 5.199661386939602004e+00 3.411986125744113085e+00 1.044549366630464160e+00 -4.144735935483128131e-01 -2.691758381794910338e-01 4.946809122080368937e+00 3.355340636325095272e+00 9.721447213145709698e-01
0.000000000000000000e+00 5.437397123420026013e+00 4.036340710616536320e+00 2.335004994381334686e+00 1.545244031227474890e+00 6.746659237794285779e-01 2.474643593014346887e+00 3.739386058134370305e+00 2.488654828804418795e+00 1.570558209633575730e+00 6.748476829328927673e-01 1.864318887839924166e+00 3.579887250404510723e+00 2.547871367120954300e+00 1.575528276155524710e+00 6.696085072325653753e-01 1.914673316004319448e+00 3.411930908210449864e+00 2.425948204278633558e+00 1.555817433049928589e+00 6.736498703679252298e-01 1.339029726858735669e+00 3.037729854174280320e+00 2.420906815293616177e+00 1.538301231723947282e+00 6.348527599151045919e-01 1.097297358379101251e+00 2.945146524234402818e+00 2.433391778091417823e+00 1.535516642719223057e+00 6.036228914238502830e-01 1.501184709638787140e+00 3.037140652583846911e+00 2.376060783191393799e+00 1.532573130727161281e+00 6.546915822044970801e-01 1.007836340306126566e+00 2.754839856474382564e+00 2.349259990940282261e+00 1.513418598489612465e+00 5.982073501349938205e-01 8.361124886857891347e-01 2.707128499475250027e+00 2.357912089349159857e+00 1.507793742881733623e+00
0.000000000000000000e+00 2.189076084227439711e+00 1.526156815668064937e+00 1.863280201627373067e+00 1.750567736609066394e+00 1.060835784879768706e+00 1.794106501732673165e+00 1.378237399990749124e+00 1.759174047781308703e+00 1.763512840507640345e+00 1.132504914506410776e+00 1.893009136234113710e+00 1.411263214726091952e+00 1.753226011899302383e+00 1.785536855321349980e+00 1.161222201260634801e+00 1.635430345901287774e+00 1.109232285080890001e+00 1.555817433049928589e+00 1.643008968326617358e+00 1.103628686366893152e+00 1.410249704855458308e+00 1.129715575785830373e+00 1.529952105996441825e+00 1.661820297096521459e+00 1.159891450362239063e+00 1.520189226337211874e+00 1.198562726243082244e+00 1.560366109894428366e+00 1.688848306374148178e+00 1.195834041155571903e+00 1.263498631775553438e+00 9.908070869053972052e-01 1.436565849098447867e+00 1.589206826540122464e+00 1.114718877520446405e+00 1.293235362442674674e+00 1.044897484128300968e+00 1.443736554319869247e+00 1.613135954221516233e+00 1.175727606803022685e+00 1.420713794939222119e+00 1.118358203315193755e+00 1.487057948847189781e+00 1.645028605606698724e+00
0.000000000000000000e+00 1.539418324063787369e-01 1.151023571940684997e-01 9.946201607576240500e-01 1.225946528013478032e+00 9.795618056125018347e-01 6.639241575573329168e-01 4.645595361728249717e-02 8.329115011518131162e-01 1.207979663791196812e+00 1.033238976660480812e+00 9.182205824787967874e-01 1.092959207922667986e-01 8.010516536638112584e-01 1.218210744008666024e+00 1.055740996800063281e+00 7.006760919363473894e-01 -8.473269225118718051e-02 6.736498703679252298e-01 1.103628686366893152e+00 1.008138677076962031e+00 6.772396708394415876e-01 2.828665638511365307e-02 6.410709634076217078e-01 1.115288374016984996e+00 1.060282503489470729e+00 8.350730204610810059e-01 1.077984256165233357e-01 6.599364607036836139e-01 1.136901911405844512e+00 1.095970276522647335e+00 5.152634005044167687e-01 -8.185633490121803357e-02 5.780116576389549010e-01 1.056100511031326850e+00 1.019082955235995902e+00 6.810396509038718627e-01 3.742589451092791231e-02 5.848406655974833779e-01 1.076684167297418560e+00 1.080237110814584955e+00 8.346590525393779991e-01 1.100194635037491653e-01 6.175442880941681700e-01 1.104803474635808858e+00
0.000000000000000000e+00 4.133592183121473695e+00 1.079450594750151815e+00 1.737797565445863057e+00 1.486228047025238252e+00 5.967559483965780842e-01 4.728721112648925029e+00 1.384809692018034166e+00 1.647535626873827486e+00 1.592500965672059676e+00 7.385717853589407467e-01 5.364606715665453329e+00 1.697334495210530925e+00 1.675635631028609573e+00 1.663960772475011396e+00 8.048986892076340771e-01 4.517764874631168937e+00 1.043490071443213596e+00 1.339029726858735669e+00 1.410249704855458308e+00 6.772396708394415876e-01 4.410647725895712412e+00 1.433864955690513865e+00 1.387568419158960786e+00 1.500814931569705246e+00 8.267561636507938516e-01 4.821912202881501130e+00 1.679080511465422809e+00 1.466000160589188583e+00 1.563833254419127794e+00 9.277865868489734158e-01 3.910357117706676711e+00 1.085321855885441389e+00 1.212205849116721579e+00 1.366311173013367242e+00 7.156147451565124662e-01 4.200146951871671419e+00 1.420753550490620132e+00 1.296045615060762213e+00 1.448571131048855598e+00 8.883464981809690020e-01 4.585539086885840554e+00 1.627916966562667822e+00 1.386974732229146801e+00 1.514958266533462883e+00
0.000000000000000000e+00 8.998355283943384464e+00 6.453001107583199669e+00 2.458554114551121383e+00 9.745060535576626215e-01 8.938118617239228236e-02 3.321858412992929832e+00 6.105941212294143661e+00 2.911734189763086622e+00 1.010395523852018584e+00 -1.716634485070869407e-03 1.968802447292541613e+00 5.767692389489256222e+00 3.046185701677269986e+00 9.939652265608538428e-01 -4.813151438652184255e-02 2.335906524541074170e+00 5.769007686529303847e+00 3.037729854174280320e+00 1.129715575785830373e+00 2.828665638511365307e-02 1.433864955690513865e+00 5.001219301179735233e+00 3.068622577701849874e+00 1.071559423730038763e+00 -1.205807495504430671e-01 8.123651116528085581e-01 4.736194878278312537e+00 3.059927232668534280e+00 1.032967651949571630e+00 -2.279441398021157250e-01 1.929144427832259368e+00 5.158877898647050486e+00 3.089557922088141506e+00 1.149440364686666438e+00 -2.602489772333240955e-02 8.705358546813717346e-01 4.524681269976715825e+00 3.031708061516070529e+00 1.081442566551200857e+00 -2.160060876354291948e-01 3.680837713936301325e-01 4.343057129773812974e+00 2.997944121658771000e+00 1.030986594950279667e+00
0.000000000000000000e+00 5.503753958568923466e+00 4.055069781407546259e+00 2.321542230947945651e+00 1.515040562204780006e+00 6.426808493876643436e-01 2.530390372273074284e+00 3.769111418627637100e+00 2.482468212071448743e+00 1.543751505036220495e+00 6.429285211245326925e-01 1.919577149467082577e+00 3.612995507286987706e+00 2.544465016961411141e+00 1.549952314806673392e+00 6.380026281363724294e-01 1.965288082476468245e+00 3.440315495744796337e+00 2.420906815293616177e+00 1.529952105996441825e+00 6.410709634076217078e-01 1.387568419158960786e+00 3.068622577701849874e+00 2.419326395907849037e+00 1.514124622607506021e+00 6.029141986557529087e-01 1.146263853374035468e+00 2.977220092425572062e+00 2.432934522707036251e+00 1.511833746774009057e+00 5.721775647073096271e-01 1.547597345260754542e+00 3.065949874847279322e+00 2.373399320019330627e+00 1.508126456965655837e+00 6.220955436781333558e-01 1.052580588329983247e+00 2.784754362340141842e+00 2.348682650304172004e+00 1.490046381088694583e+00 5.663817754992670483e-01 8.810361724340582956e-01 2.737883347423732072e+00 2.357962909864810275e+00 1.484660472703665191e+00
0.000000000000000000e+00 2.109912915071681105e+00 1.431100734836193711e+00 1.869757938314777101e+00 1.773828664483626083e+00 1.068465831681440603e+00 1.856723514338804559e+00 1.298433374139287944e+00 1.755073251386859656e+00 1.791023586268551959e+00 1.147119109552339866e+00 2.002194192183411214e+00 1.347641861524129459e+00 1.747951285881763628e+00 1.816328582470777109e+00 1.179239136308947389e+00 1.712894326156795488e+00 1.023391489734372106e+00 1.538301231723947282e+00 1.661820297096521459e+00 1.115288374016984996e+00 1.500814931569705246e+00 1.071559423730038763e+00 1.514124622607506021e+00 1.685610260479641909e+00 1.180052772487221180e+00 1.636634264954879292e+00 1.153732633500779592e+00 1.547686926124043127e+00 1.715840400490099560e+00 1.221848929181073684e+00 1.327984876078766030e+00 9.176894892827808237e-01 1.413841587140334477e+00 1.606478728983674609e+00 1.128860242223477917e+00 1.390018588352598838e+00 9.955680805123735544e-01 1.425549074505638725e+00 1.635108151699178558e+00 1.200013911956119061e+00 1.540362881760872993e+00 1.079615100661047489e+00 1.472899558750332405e+00 1.670479846932366508e+00
0.000000000000000000e+00 -6.107168855503529448e-02 -1.052564440611904045e-01 1.011894347338660571e+00 1.295675363143256265e+00 1.023300434158165073e+00 7.462673455548468615e-01 -1.494256027211308402e-01 8.217356635577268698e-01 1.282740459169511960e+00 1.091079487610243426e+00 1.097838435916797195e+00 -5.543233274998676102e-02 7.849624262220029625e-01 1.298428824944746429e+00 1.120288526972693210e+00 8.200076492263467243e-01 -2.894892357621869361e-01 6.348527599151045919e-01 1.159891450362239063e+00 1.060282503489470729e+00 8.267561636507938516e-01 -1.205807495504430671e-01 6.029141986557529087e-01 1.180052772487221180e+00 1.129358593226414520e+00 1.037043924860433508e+00 -1.462415712294838285e-02 6.272203040648437478e-01 1.207716426639980911e+00 1.176750426308152520e+00 6.138034577564064342e-01 -2.591080495263469730e-01 5.270582032469411926e-01 1.107938266081235801e+00 1.076219833517926494e+00 8.471277038018700800e-01 -9.139752801831693696e-02 5.414702153633890180e-01 1.137057941372730419e+00 1.157662801199823788e+00 1.047130840441469868e+00 2.083969374510044690e-03 5.817898137339402309e-01 1.172054344011651983e+00
0.000000000000000000e+00 3.181695908617066415e+00 1.912385944840831187e-01 1.679452075161600444e+00 1.641518851994411055e+00 7.289188472658671980e-01 4.871401698483465381e+00 5.851883337773143845e-01 1.489859009566165460e+00 1.759636672820793946e+00 9.128767123943160033e-01 5.844533978805587005e+00 1.002531716522454541e+00 1.498516538300063150e+00 1.846676518163440583e+00 9.992794867486199939e-01 4.798327715307079799e+00 2.302145694060203918e-01 1.097297358379101251e+00 1.520189226337211874e+00 8.350730204610810059e-01 4.821912202881501130e+00 8.123651116528085581e-01 1.146263853374035468e+00 1.636634264954879292e+00 1.037043924860433508e+00 5.411900863524659933e+00 1.144777944137798986e+00 1.240466955951249117e+00 1.718093970698464146e+00 1.174460511968644205e+00 4.150966595742011656e+00 3.746559249735396668e-01 9.334747853301151865e-01 1.462611440852692679e+00 8.895685210539778787e-01 4.679092567774494782e+00 8.745657134117564846e-01 1.041137516842039590e+00 1.571517717335243702e+00 1.125704712736447677e+00 5.219533753905679418e+00 1.149623231587324934e+00 1.155094205588097500e+00 1.659225765290117005e+00
0.000000000000000000e+00 8.614516660706227569e+00 6.059467360622103449e+00 2.455676345681260919e+00 1.065442879718414559e+00 1.561570177300646012e-01 3.447421560168240973e+00 5.757825572987148810e+00 2.862185723771148993e+00 1.108374892088695995e+00 8.654877795500584559e-02 2.257514609655657534e+00 5.472189716770572865e+00 2.988315529708432727e+00 1.100249900345510179e+00 5.040474731919823009e-02 2.523351259221050302e+00 5.410207666342476074e+00 2.945146524234402818e+00 1.198562726243082244e+00 1.077984256165233357e-01 1.679080511465422809e+00 4.736194878278312537e+00 2.977220092425572062e+00 1.153732633500779592e+00 -1.462415712294838285e-02 1.144777944137798986e+00 4.514674823763899170e+00 2.977055674415470587e+00 1.124633744500073806e+00 -1.036402233705058934e-01 2.089851006148349732e+00 4.848119356659703172e+00 2.978317541236849220e+00 1.211337288561948000e+00 6.136749858339048819e-02 1.144471457807360704e+00 4.294305230525516492e+00 2.932841806682962016e+00 1.156890964658747079e+00 -9.673755315200897875e-02 7.181598380341990273e-01 4.146763094785922199e+00 2.911085332144877302e+00 1.117301459678908371e+00
0.000000000000000000e+00 5.504126503488459221e+00 4.030452547312320277e+00 2.350774487721194461e+00 1.549532418674909984e+00 6.592245821060185307e-01 2.599269036702797742e+00 3.752453683982583499e+00 2.505407607490838018e+00 1.580924504287873900e+00 6.641660672064709781e-01 2.015283931121849115e+00 3.606265460365356557e+00 2.567211434123186642e+00 1.589380606450126576e+00 6.615187093972602073e-01 2.039271806192121339e+00 3.415946584407556941e+00 2.433391778091417823e+00 1.560366109894428366e+00 6.599364607036836139e-01 1.466000160589188583e+00 3.059927232668534280e+00 2.432934522707036251e+00 1.547686926124043127e+00 6.272203040648437478e-01 1.240466955951249117e+00 2.977055674415470587e+00 2.449008863308560269e+00 1.547666760911730277e+00 6.002400468910676912e-01 1.609536187642503391e+00 3.046632900893143869e+00 2.381497062642849549e+00 1.536853467141684026e+00 6.422853547744701297e-01 1.132445092095229811e+00 2.779289666405598602e+00 2.359754449274438226e+00 1.521841506768580210e+00 5.930147204105825631e-01 9.751817716603317088e-01 2.739497621932262206e+00 2.372098332366090023e+00 1.518941887475523167e+00
0.000000000000000000e+00 2.055480586204226245e+00 1.370752353843379012e+00 1.887135530594779897e+00 1.806000134495441278e+00 1.087439115333068029e+00 1.899891135647264306e+00 1.246219859248076212e+00 1.763121710341405635e+00 1.825296005104650510e+00 1.171172855668067392e+00 2.078527372428865316e+00 1.306391350807949658e+00 1.754748127801923907e+00 1.852763651753496887e+00 1.205745539102984099e+00 1.766876545424771239e+00 9.658272623285523162e-01 1.535516642719223057e+00 1.688848306374148178e+00 1.136901911405844512e+00 1.563833254419127794e+00 1.032967651949571630e+00 1.511833746774009057e+00 1.715840400490099560e+00 1.207716426639980911e+00 1.718093970698464146e+00 1.124633744500073806e+00 1.547666760911730277e+00 1.748427904161778068e+00 1.253710869433811936e+00 1.372690487799850256e+00 8.683015164009384446e-01 1.406293461091661534e+00 1.631650171055165632e+00 1.152044701286158324e+00 1.457729337953363125e+00 9.628355160573950355e-01 1.420913955925777516e+00 1.663506814611159124e+00 1.230431563768747072e+00 1.624499586982824706e+00 1.054552712811324788e+00 1.471303541097822576e+00 1.701529706202178582e+00
0.000000000000000000e+00 -2.176379498493109799e-01 -2.640010243300736081e-01 1.019397968202784277e+00 1.341187645814958085e+00 1.053556094569224832e+00 7.985618822173005116e-01 -2.906050853166771697e-01 8.093744368047584015e-01 1.331509045867664387e+00 1.130924421458615603e+00 1.218139868677079907e+00 -1.748499411040549123e-01 7.691530861231236083e-01 1.350934061064595682e+00 1.164755290486440886e+00 8.990024370097643436e-01 -4.359892173462073250e-01 6.036228914238502830e-01 1.195834041155571903e+00 1.095970276522647335e+00 9.277865868489734158e-01 -2.279441398021157250e-01 5.721775647073096271e-01 1.221848929181073684e+00 1.176750426308152520e+00 1.174460511968644205e+00 -1.036402233705058934e-01 6.002400468910676912e-01 1.253710869433811936e+00 1.232284585278384137e+00 6.796871197172533741e-01 -3.859189588750471245e-01 4.875859270084301200e-01 1.140792675147892510e+00 1.115235616406483388e+00 9.602541497900392020e-01 -1.844107976331477161e-01 5.072962175857087530e-01 1.175826571012995370e+00 1.210758157663313517e+00 1.192333331825625509e+00 -7.649421087971867983e-02 5.528678504408017780e-01 1.215607684154352164e+00
0.000000000000000000e+00 4.836320809774609764e+00 1.816249775846027426e+00 1.726184121477564837e+00 1.298401403980637525e+00 4.606281721674911900e-01 4.447743969207600401e+00 2.034854364977019880e+00 1.725187687062006647e+00 1.389758551433652123e+00 5.605855662141991935e-01 4.768437050401638899e+00 2.245658910131619113e+00 1.769224763725603555e+00 1.444953433692325762e+00 6.071043954751401683e-01 4.125319726959971511e+00 1.719106540237812730e+00 1.501184709638787140e+00 1.263498631775553438e+00 5.152634005044167687e-01 3.910357117706676711e+00 1.929144427832259368e+00 1.547597345260754542e+00 1.327984876078766030e+00 6.138034577564064342e-01 4.150966595742011656e+00 2.089851006148349732e+00 1.609536187642503391e+00 1.372690487799850256e+00 6.796871197172533741e-01 3.577406743395324717e+00 1.671021013789894871e+00 1.411230801477767027e+00 1.232650552914778652e+00 5.379350002305597345e-01 3.648608456473628081e+00 1.851419402149440785e+00 1.471264071055496947e+00 1.288577948395981165e+00 6.494217688597302418e-01 3.884766440767026818e+00 1.992049826304371996e+00 1.538899622994379879e+00 1.334077811918433554e+00
0.000000000000000000e+00 9.173883150993706437e+00 6.712971939124313003e+00 2.361955190334604104e+00 8.126518657146116764e-01 -6.157747323580241468e-03 3.052912618497873876e+00 6.324433584330837022e+00 2.859084251779734132e+00 8.380338384984932221e-01 -1.216644899359938109e-01 1.542504560892287380e+00 5.932590940926948164e+00 2.999522574808087594e+00 8.115409591183243565e-01 -1.795255873244317180e-01 2.025582516853063009e+00 6.016756104288235818e+00 3.037140652583846911e+00 9.908070869053972052e-01 -8.185633490121803357e-02 1.085321855885441389e+00 5.158877898647050486e+00 3.065949874847279322e+00 9.176894892827808237e-01 -2.591080495263469730e-01 3.746559249735396668e-01 4.848119356659703172e+00 3.046632900893143869e+00 8.683015164009384446e-01 -3.859189588750471245e-01 1.671021013789894871e+00 5.369924127548287629e+00 3.112088015149112596e+00 1.018972471019209847e+00 -1.444404681374937827e-01 5.057525431299227936e-01 4.656897279536052814e+00 3.040736552200557163e+00 9.360462105642887165e-01 -3.681650591561311803e-01 -7.645115575259706087e-02 4.438151959829219173e+00 2.992669305898859378e+00 8.734508649411248937e-01
0.000000000000000000e+00 5.506275502968696500e+00 4.103267503162263630e+00 2.232491723505429793e+00 1.410328366089917074e+00 5.859521401677167951e-01 2.374485758455791018e+00 3.804699263729523384e+00 2.411200993338579401e+00 1.433605435985215504e+00 5.746822761842982352e-01 1.701090709674110579e+00 3.626781990823011892e+00 2.474685395618177353e+00 1.434810634175906152e+00 5.643731093456133552e-01 1.798303756244911344e+00 3.496360207072843007e+00 2.376060783191393799e+00 1.436565849098447867e+00 5.780116576389549010e-01 1.212205849116721579e+00 3.089557922088141506e+00 2.373399320019330627e+00 1.413841587140334477e+00 5.270582032469411926e-01 9.334747853301151865e-01 2.978317541236849220e+00 2.381497062642849549e+00 1.406293461091661534e+00 4.875859270084301200e-01 1.411230801477767027e+00 3.112088015149112596e+00 2.340658571860191106e+00 1.419448266707012074e+00 5.557145320275447276e-01 8.739834826274163193e-01 2.799023722183842544e+00 2.309816453669098824e+00 1.394457022396105472e+00 4.849467970983264431e-01 6.681647905378244046e-01 2.735441668225820688e+00 2.311908292018341360e+00 1.383209189032573949e+00
0.000000000000000000e+00 2.219741193357398945e+00 1.549705651027677655e+00 1.817846292743696024e+00 1.688672451969048582e+00 1.015187747808394603e+00 1.762721175044947630e+00 1.402758731772133505e+00 1.724807885121065310e+00 1.702069478291502236e+00 1.082733802342572105e+00 1.837664327469048509e+00 1.429209400559012577e+00 1.720806163340458550e+00 1.722920731995740029e+00 1.109587304431692845e+00 1.596510743711869518e+00 1.140824714575537913e+00 1.532573130727161281e+00 1.589206826540122464e+00 1.056100511031326850e+00 1.366311173013367242e+00 1.149440364686666438e+00 1.508126456965655837e+00 1.606478728983674609e+00 1.107938266081235801e+00 1.462611440852692679e+00 1.211337288561948000e+00 1.536853467141684026e+00 1.631650171055165632e+00 1.140792675147892510e+00 1.232650552914778652e+00 1.018972471019209847e+00 1.419448266707012074e+00 1.538478743471043630e+00 1.066314613414883983e+00 1.245736343892359876e+00 1.061681877593773748e+00 1.425319606568275166e+00 1.560364193047296233e+00 1.122052610311671250e+00 1.360664432651501610e+00 1.129177132371801395e+00 1.466040228796712919e+00 1.589970603152892403e+00
