0.000000000000000000e+00 0.000000000000000000e+00 0.000000000000000000e+00 0.000000000000000000e+00 0.000000000000000000e+00 0.000000000000000000e+00 0.000000000000000000e+00 0.000000000000000000e+00 0.000000000000000000e+00 0.000000000000000000e+00 0.000000000000000000e+00 0.000000000000000000e+00 0.000000000000000000e+00 0.000000000000000000e+00 0.000000000000000000e+00 0.000000000000000000e+00 0.000000000000000000e+00 0.000000000000000000e+00 0.000000000000000000e+00 0.000000000000000000e+00 0.000000000000000000e+00 0.000000000000000000e+00 0.000000000000000000e+00 0.000000000000000000e+00 0.000000000000000000e+00 0.000000000000000000e+00 0.000000000000000000e+00 0.000000000000000000e+00 0.000000000000000000e+00 0.000000000000000000e+00 0.000000000000000000e+00 0.000000000000000000e+00 0.000000000000000000e+00 0.000000000000000000e+00 0.000000000000000000e+00 0.000000000000000000e+00 0.000000000000000000e+00 0.000000000000000000e+00 0.000000000000000000e+00 0.000000000000000000e+00 0.000000000000000000e+00 0.000000000000000000e+00 0.000000000000000000e+00 0.000000000000000000e+00 0.000000000000000000e+00
0.000000000000000000e+00 0.000000000000000000e+00 0.000000000000000000e+00 0.000000000000000000e+00 0.000000000000000000e+00 0.000000000000000000e+00 0.000000000000000000e+00 0.000000000000000000e+00 0.000000000000000000e+00 0.000000000000000000e+00 0.000000000000000000e+00 0.000000000000000000e+00 0.000000000000000000e+00 0.000000000000000000e+00 0.000000000000000000e+00 0.000000000000000000e+00 0.000000000000000000e+00 0.000000000000000000e+00 0.000000000000000000e+00 0.000000000000000000e+00 0.000000000000000000e+00 0.000000000000000000e+00 0.000000000000000000e+00 0.000000000000000000e+00 0.000000000000000000e+00 0.000000000000000000e+00 0.000000000000000000e+00 0.000000000000000000e+00 0.000000000000000000e+00 0.000000000000000000e+00 0.000000000000000000e+00 0.000000000000000000e+00 0.000000000000000000e+00 0.000000000000000000e+00 0.000000000000000000e+00 0.000000000000000000e+00 0.000000000000000000e+00 0.000000000000000000e+00 0.000000000000000000e+00 0.000000000000000000e+00 0.000000000000000000e+00 0.000000000000000000e+00 0.000000000000000000e+00 0.000000000000000000e+00 0.000000000000000000e+00
0.000000000000000000e+00 0.000000000000000000e+00 1.037093203654171170e+01 2.119802231634965040e+01 1.651954167078261904e+01 1.168948734761720409e+01 5.609485249811921870e-01 1.389127041153104614e+01 1.808449294631565607e+01 1.555626114470722499e+01 1.164020378341643536e+01 -3.948135828799123059e-01 1.105761068039698181e+01 1.690827837921303001e+01 1.525060027529928952e+01 1.148875727577946293e+01 2.061067128512006005e-02 1.206981460445141074e+01 1.647137159032996578e+01 1.471637337135343770e+01 1.145999193375015501e+01 -1.809661231406939574e+00 8.070949082790326301e+00 1.410996265608133626e+01 1.386211718246545210e+01 1.106475492479072997e+01 -2.897533950287304982e+00 6.651006819892861799e+00 1.343058060453584268e+01 1.371198355661045909e+01 1.096035910348530962e+01 -1.538824092305590252e+00 8.119149818673996322e+00 1.356649168736812605e+01 1.341120868176509973e+01 1.096341747720995663e+01 -2.533330697498328732e+00 5.688794945783087087e+00 1.207550726717742151e+01 1.284512012655034674e+01 1.065864053573706371e+01 -3.208149010822851643e+00 4.890883916906506812e+00 1.173459124660548270e+01 1.280484123552825615e+01
0.000000000000000000e+00 0.000000000000000000e+00 2.119802231634965040e+01 4.767649734093676273e+01 3.778936405179495495e+01 2.775205173300745187e+01 -4.425300260176398659e+00 2.851395980572831235e+01 3.987721701709356381e+01 3.517067646754225763e+01 2.738723636666274075e+01 -6.517613677563577568e+00 2.165045310046830451e+01 3.684024299839620653e+01 3.427350601352603832e+01 2.689936267816321092e+01 -5.045488520618869543e+00 2.505945896525080840e+01 3.661960023641684359e+01 3.351447270700858638e+01 2.712081002616390890e+01 -8.856264509135137075e+00 1.557601420436691875e+01 3.081539320081276756e+01 3.128769218381379602e+01 2.599928699153350919e+01 -1.152154676254669674e+01 1.204799898981617190e+01 2.903426618377958945e+01 3.080864922855344190e+01 2.566354500708795783e+01 -7.902309123318640438e+00 1.622448268123498138e+01 2.996449253278883518e+01 3.050271516998910926e+01 2.591644579701318563e+01 -9.909498353289510675e+00 1.037245444107258052e+01 2.625918836643720056e+01 2.900352215390880062e+01 2.505448804525926221e+01 -1.168683118657855147e+01 8.312873436176005271e+00 2.529798287506124410e+01 2.879773729515288494e+01
0.000000000000000000e+00 0.000000000000000000e+00 1.651954167078261904e+01 3.778936405179495495e+01 3.079495185335326113e+01 2.398322469466894091e+01 -3.384891933207307968e+00 2.218155798343770613e+01 3.143769442384006041e+01 2.849935343914116004e+01 2.348607742085225070e+01 -5.076293261894603503e+00 1.685261600144535521e+01 2.901570303929891281e+01 2.774020046152138264e+01 2.305392919243714900e+01 -3.905395247700596428e+00 1.944742073402805005e+01 2.878085758874409805e+01 2.704007964827869870e+01 2.307170839262915507e+01 -6.899405668486563670e+00 1.209502458456296026e+01 2.420682478568317464e+01 2.521532407710391865e+01 2.211837180064870978e+01 -8.955970429847720737e+00 9.381531456532320234e+00 2.282166468665900894e+01 2.483853720852971492e+01 2.185905033642113082e+01 -6.166560834204832808e+00 1.257075328710393158e+01 2.349954435799939390e+01 2.451932545879590108e+01 2.192977023887643995e+01 -7.723354178819341165e+00 8.063881528143706845e+00 2.061056111261200385e+01 2.332698194317008955e+01 2.124251723303154904e+01 -9.095413241306651742e+00 6.489576211248470727e+00 1.987855928624254531e+01 2.318333883179288790e+01
0.000000000000000000e+00 0.000000000000000000e+00 1.168948734761720409e+01 2.775205173300745187e+01 2.398322469466894091e+01 2.109215500113381481e+01 -2.023707243070990369e+00 1.577398549866011734e+01 2.286280272261188884e+01 2.193652105452284928e+01 2.034008227486190279e+01 -3.312234384284898692e+00 1.205086045600695854e+01 2.108216791115521715e+01 2.130425434888913827e+01 1.993723808587503399e+01 -2.465185838915153749e+00 1.376211386424895267e+01 2.079649486873851316e+01 2.062831929442387136e+01 1.968440201997223582e+01 -4.629595656942156801e+00 8.634198004050318787e+00 1.750347439392507809e+01 1.919740511580383213e+01 1.886458166112317159e+01 -6.047455098583837341e+00 6.782361635351576545e+00 1.653983583743523056e+01 1.892829439587285734e+01 1.868440790580342536e+01 -4.137440612265405271e+00 8.911910531933067148e+00 1.692416881410700924e+01 1.856581851246483339e+01 1.851626557308123111e+01 -5.237454243982179847e+00 5.819650900111458469e+00 1.489263006168781445e+01 1.768799068204687330e+01 1.800167129036416824e+01 -6.183433691610750849e+00 4.762762319285199553e+00 1.440807544910381210e+01 1.761680660310775792e+01
0.000000000000000000e+00 0.000000000000000000e+00 5.609485249811921870e-01 -4.425300260176398659e+00 -3.384891933207307968e+00 -2.023707243070990369e+00 1.275234640284812393e+01 2.097850346607049499e+00 -2.492505101802263034e+00 -2.711899392502901129e+00 -1.973273251934225092e+00 1.288925325264073862e+01 3.910048228169041629e+00 -1.509489965026929781e+00 -2.325411865295177627e+00 -1.750745673648679279e+00 1.163955184239211782e+01 1.408138881431608480e+00 -2.861426343937746086e+00 -3.148918176754571530e+00 -2.541361117527043412e+00 1.142320828003311739e+01 3.543909197553751333e+00 -1.378501766477876256e+00 -2.492356349476859911e+00 -2.156598427794234052e+00 1.213489913201634707e+01 4.652937622642437709e+00 -7.092937383060239354e-01 -2.193393118480471582e+00 -1.936713494395980284e+00 1.062411289946230575e+01 2.478606991960927708e+00 -1.960596736690967123e+00 -2.911203952251704585e+00 -2.612562114350390097e+00 1.035139180047761265e+01 3.970110591057435023e+00 -9.024092878512721683e-01 -2.387365013819600090e+00 -2.242107207767469745e+00 1.100893194891922278e+01 4.748443994195185702e+00 -4.138854419944766327e-01 -2.138067366636686728e+00
0.000000000000000000e+00 0.000000000000000000e+00 1.389127041153104614e+01 2.851395980572831235e+01 2.218155798343770613e+01 1.577398549866011734e+01 2.097850346607049499e+00 1.924513698033890563e+01 2.444329984071276485e+01 2.089843515219891401e+01 1.566559138131888496e+01 8.329555627631011205e-01 1.552649960163032183e+01 2.292532787485847123e+01 2.050651259020525430e+01 1.546469874966983760e+01 1.282864389119366066e+00 1.676517334805097548e+01 2.227444129181148469e+01 1.975557212934887730e+01 1.538061110597096359e+01 -1.240783041375334683e+00 1.147071730360274877e+01 1.917662569561043284e+01 1.863218297261240153e+01 1.485082293572330059e+01 -2.690132022683354052e+00 9.613810069872629427e+00 1.830243954395109540e+01 1.844373283087818649e+01 1.471954789521857521e+01 -9.317493466872901475e-01 1.148254698771261673e+01 1.841940012191833276e+01 1.800988080924428303e+01 1.468493396210550728e+01 -2.332400077906456648e+00 8.267607898731235139e+00 1.646466940354336472e+01 1.726614244853082880e+01 1.428417993097131244e+01 -3.226300777420710642e+00 7.230384966267185298e+00 1.603067185732931321e+01 1.722353962677510353e+01
0.000000000000000000e+00 0.000000000000000000e+00 1.808449294631565607e+01 3.987721701709356381e+01 3.143769442384006041e+01 2.286280272261188884e+01 -2.492505101802263034e+00 2.444329984071276485e+01 3.353590638658853607e+01 2.934720608754177462e+01 2.260232669115474380e+01 -4.256014945300957919e+00 1.879860252969630707e+01 3.108020071580376964e+01 2.864374339455009277e+01 2.222442930490710467e+01 -3.121939034872933671e+00 2.144201466274714107e+01 3.075265257996246859e+01 2.792593763840522314e+01 2.235114535778764377e+01 -6.379518562289202777e+00 1.360502730599606203e+01 2.600000105302019904e+01 2.613049141496570726e+01 2.145941718558556488e+01 -8.575147815308270083e+00 1.071917092286628481e+01 2.456145294650565347e+01 2.575972168955328456e+01 2.119981353849867389e+01 -5.643318367506759081e+00 1.404931360966969578e+01 2.522057342047295592e+01 2.543285692701753575e+01 2.136055755037457615e+01 -7.380142398806222914e+00 9.228659891096370416e+00 2.219169864912980827e+01 2.422579191882450189e+01 2.067510392747722747e+01 -8.825745038634213557e+00 7.556528983536238364e+00 2.142602411754748104e+01 2.407689083543161601e+01
0.000000000000000000e+00 0.000000000000000000e+00 1.555626114470722499e+01 3.517067646754225763e+01 2.849935343914116004e+01 2.193652105452284928e+01 -2.711899392502901129e+00 2.089843515219891401e+01 2.934720608754177462e+01 2.643276348330118353e+01 2.152196921119515949e+01 -4.292142247727342763e+00 1.596609874933629314e+01 2.712600371929097420e+01 2.575186733492786573e+01 2.113941477801557411e+01 -3.237041875763647880e+00 1.830749175442243271e+01 2.685520532787249692e+01 2.507445183073543760e+01 2.114795064015300596e+01 -6.054967551517162150e+00 1.148876932701639042e+01 2.263361893475512687e+01 2.341189458575263771e+01 2.029008669859117475e+01 -7.960205452891798927e+00 8.981834830974140260e+00 2.136089225708291295e+01 2.307389965064033888e+01 2.005763982888778330e+01 -5.394293734883137681e+00 1.189552896099166546e+01 2.195103703349581892e+01 2.275404173485543780e+01 2.011575706924763196e+01 -6.869002003986686589e+00 7.719913222080114323e+00 1.928459428534617359e+01 2.166527909827412657e+01 1.949295144294342919e+01 -8.132163558782128376e+00 6.269760290857450791e+00 1.861587367806248139e+01 2.153933639888829177e+01
0.000000000000000000e+00 0.000000000000000000e+00 1.164020378341643536e+01 2.738723636666274075e+01 2.348607742085225070e+01 2.034008227486190279e+01 -1.973273251934225092e+00 1.566559138131888496e+01 2.260232669115474380e+01 2.152196921119515949e+01 1.965610116287900766e+01 -3.241613926715300131e+00 1.197625089924772901e+01 2.085070946120261226e+01 2.091128845006918979e+01 1.927323549099658706e+01 -2.412126370792917029e+00 1.366815603177658822e+01 2.056937101549408453e+01 2.025627765957052162e+01 1.905251389257314898e+01 -4.557858482588680538e+00 8.583423965935596200e+00 1.731866317079479956e+01 1.886146798957267023e+01 1.826463267220706044e+01 -5.963879642891504851e+00 6.744401474304384081e+00 1.636466486613856830e+01 1.859745633535773379e+01 1.808768973188221096e+01 -4.072384752037852884e+00 8.856277289903772498e+00 1.674769287788241812e+01 1.824903560532374769e+01 1.794544204297519130e+01 -5.166777643723139413e+00 5.785234806260636908e+00 1.473727164138619194e+01 1.738735140236707366e+01 1.744286472460017379e+01 -6.102393950657214461e+00 4.734701004561908455e+00 1.425579066346052493e+01 1.731474913565224583e+01
0.000000000000000000e+00 0.000000000000000000e+00 -3.948135828799123059e-01 -6.517613677563577568e+00 -5.076293261894603503e+00 -3.312234384284898692e+00 1.288925325264073862e+01 8.329555627631011205e-01 -4.256014945300957919e+00 -4.292142247727342763e+00 -3.241613926715300131e+00 1.316491753837739154e+01 2.938849226305878304e+00 -3.147850143776964593e+00 -3.870330622490528949e+00 -2.999938622878199013e+00 1.182806871464183196e+01 3.145318721276423868e-01 -4.467522520218182969e+00 -4.643420668473233981e+00 -3.784865811563065119e+00 1.181969584301019971e+01 2.855787038116527121e+00 -2.742485695522924427e+00 -3.896011336521612911e+00 -3.354722391992783326e+00 1.265114776050636536e+01 4.110063470353108706e+00 -2.001632928313542337e+00 -3.580307283136434648e+00 -3.123279446879817289e+00 1.098010739249906109e+01 1.774921804649802537e+00 -3.276376582317038988e+00 -4.270612165913176383e+00 -3.797427420873648263e+00 1.081160371422586053e+01 3.508765868781641650e+00 -2.066047009512749444e+00 -3.687721946296782516e+00 -3.393941288956605185e+00 1.154586996060745818e+01 4.369207536971773997e+00 -1.541277254936250340e+00 -3.433377923773933027e+00
0.000000000000000000e+00 0.000000000000000000e+00 1.105761068039698181e+01 2.165045310046830451e+01 1.685261600144535521e+01 1.205086045600695854e+01 3.910048228169041629e+00 1.552649960163032183e+01 1.879860252969630707e+01 1.596609874933629314e+01 1.197625089924772901e+01 2.938849226305878304e+00 1.292711521469006541e+01 1.778470411451207411e+01 1.572972790135368548e+01 1.185998191070988383e+01 3.072276975643123187e+00 1.344314529897066279e+01 1.701611281218719185e+01 1.497916062331981557e+01 1.164197592432255490e+01 1.055484858358522349e+00 9.663473539914493315e+00 1.484949250985527414e+01 1.421648535868941998e+01 1.129707388559814696e+01 4.606008209390254071e-02 8.404749433460768415e+00 1.428531132950031868e+01 1.412472322606704012e+01 1.123544168817312894e+01 1.156591959979574424e+00 9.476870576511911892e+00 1.414200218123751895e+01 1.364472469625815876e+01 1.107846415766108450e+01 1.135166337428153774e-02 7.219782229014963804e+00 1.279832682489837659e+01 1.315730663521290289e+01 1.083293270812763609e+01 -5.716965697803529922e-01 6.546601508395068159e+00 1.254775825714132687e+01 1.317140164470809616e+01
0.000000000000000000e+00 0.000000000000000000e+00 1.690827837921303001e+01 3.684024299839620653e+01 2.901570303929891281e+01 2.108216791115521715e+01 -1.509489965026929781e+00 2.292532787485847123e+01 3.108020071580376964e+01 2.712600371929097420e+01 2.085070946120261226e+01 -3.147850143776964593e+00 1.778470411451207411e+01 2.886489382070245568e+01 2.650161802747332374e+01 2.051691600883449240e+01 -2.165666792411621522e+00 2.007839868726744470e+01 2.846079946284813289e+01 2.577265013187509624e+01 2.057919818869749307e+01 -5.213671827845520745e+00 1.291693364142212985e+01 2.413912151652422367e+01 2.415101338448913637e+01 1.977936960206193007e+01 -7.213027115075797191e+00 1.030217966491472836e+01 2.284665612680135638e+01 2.382835320470037033e+01 1.955412196368009958e+01 -4.576973174809915612e+00 1.325852194375035431e+01 2.337024579951512138e+01 2.347105002222892978e+01 1.965591245690219679e+01 -6.212387096015373977e+00 8.866964597361844724e+00 2.062297692879192113e+01 2.238596238356519663e+01 1.904553311191257592e+01 -7.516409062800434526e+00 7.361582652166494434e+00 1.994403118639492334e+01 2.226575802572344287e+01
0.000000000000000000e+00 0.000000000000000000e+00 1.525060027529928952e+01 3.427350601352603832e+01 2.774020046152138264e+01 2.130425434888913827e+01 -2.325411865295177627e+00 2.050651259020525430e+01 2.864374339455009277e+01 2.575186733492786573e+01 2.091128845006918979e+01 -3.870330622490528949e+00 1.572972790135368548e+01 2.650161802747332374e+01 2.510154258055217724e+01 2.054735016906760592e+01 -2.866811514586005138e+00 1.795005033387471727e+01 2.619432563932953428e+01 2.441263038099041083e+01 2.053301956110478699e+01 -5.628903249347661841e+00 1.133757031336475052e+01 2.210836902975245266e+01 2.281132418386930283e+01 1.971055930402960854e+01 -7.473808935584855817e+00 8.915722177807282378e+00 2.088283226450744223e+01 2.249131771469735597e+01 1.949103065591638284e+01 -5.002046637184677458e+00 1.170535738282607063e+01 2.142244776775250514e+01 2.215525949392199223e+01 1.952822271845309388e+01 -6.452036861599471429e+00 7.662101325606904823e+00 1.884473728888978528e+01 2.110852708408662792e+01 1.893257055921771581e+01 -7.670072941266712796e+00 6.265273078445501298e+00 1.820509567293239073e+01 2.099345862105127836e+01
0.000000000000000000e+00 0.000000000000000000e+00 1.148875727577946293e+01 2.689936267816321092e+01 2.305392919243714900e+01 1.993723808587503399e+01 -1.750745673648679279e+00 1.546469874966983760e+01 2.222442930490710467e+01 2.113941477801557411e+01 1.927323549099658706e+01 -2.999938622878199013e+00 1.185998191070988383e+01 2.051691600883449240e+01 2.054735016906760592e+01 1.890307752077635328e+01 -2.200088862526194511e+00 1.348321623549798076e+01 2.021357244067549885e+01 1.988533291129391856e+01 1.867098020682225012e+01 -4.316706418111090571e+00 8.510169863308085780e+00 1.703738529635089805e+01 1.852643471980798751e+01 1.790599787618741701e+01 -5.689782975059479497e+00 6.717462247767040928e+00 1.610931373152165946e+01 1.827286179858248616e+01 1.773682498686419251e+01 -3.850455787163741928e+00 8.760244685294663824e+00 1.646354653133832002e+01 1.791499481670608773e+01 1.758402589989498921e+01 -4.932336560784666091e+00 5.760856791296410151e+00 1.450169450406282934e+01 1.707735580450517787e+01 1.709777240116364538e+01 -5.842805644242736740e+00 4.739499713657146174e+00 1.403631954063947518e+01 1.701086225078553937e+01
0.000000000000000000e+00 0.000000000000000000e+00 2.061067128512006005e-02 -5.045488520618869543e+00 -3.905395247700596428e+00 -2.465185838915153749e+00 1.163955184239211782e+01 1.282864389119366066e+00 -3.121939034872933671e+00 -3.237041875763647880e+00 -2.412126370792917029e+00 1.182806871464183196e+01 3.072276975643123187e+00 -2.165666792411621522e+00 -2.866811514586005138e+00 -2.200088862526194511e+00 1.066082165822151318e+01 7.477301661772822738e-01 -3.375399371372523216e+00 -3.590622600241653917e+00 -2.919459760376328816e+00 1.056376766606965667e+01 2.887556864300891313e+00 -1.907663728401359782e+00 -2.947270866477088802e+00 -2.547318831611551371e+00 1.126510245339179939e+01 3.965919539979142705e+00 -1.264149281073565056e+00 -2.666359739960494135e+00 -2.340887374664009535e+00 9.823615204969341264e+00 1.916764529307459330e+00 -2.410786396432722967e+00 -3.305865068689838981e+00 -2.957548312897645637e+00 9.623030118760700802e+00 3.391206384918235894e+00 -1.374120094020818028e+00 -2.799675860405291150e+00 -2.603863592200396759e+00 1.025335154827304507e+01 4.137868193787185511e+00 -9.123981647423663466e-01 -2.570059454092381568e+00
0.000000000000000000e+00 0.000000000000000000e+00 1.206981460445141074e+01 2.505945896525080840e+01 1.944742073402805005e+01 1.376211386424895267e+01 1.408138881431608480e+00 1.676517334805097548e+01 2.144201466274714107e+01 1.830749175442243271e+01 1.366815603177658822e+01 3.145318721276423868e-01 1.344314529897066279e+01 2.007839868726744470e+01 1.795005033387471727e+01 1.348321623549798076e+01 7.477301661772822738e-01 1.464777579036954691e+01 1.958728725113454416e+01 1.734834808475789458e+01 1.345757153439999243e+01 -1.449602181410158286e+00 9.931993992821368522e+00 1.682258393654415229e+01 1.634106572934319246e+01 1.297790741826467276e+01 -2.751507437713865745e+00 8.258482911119042313e+00 1.602943122192260361e+01 1.616156673346786476e+01 1.285214226027286166e+01 -1.146170250396295831e+00 9.996565442169865534e+00 1.619769319731632251e+01 1.582791900278541952e+01 1.286217728296727536e+01 -2.368965170037120149e+00 7.117236139709873122e+00 1.444365740066206349e+01 1.515360841038993556e+01 1.249374868653256065e+01 -3.183576106052453891e+00 6.172869795216992195e+00 1.404012778359272140e+01 1.510248350251730720e+01
0.000000000000000000e+00 0.000000000000000000e+00 1.647137159032996578e+01 3.661960023641684359e+01 2.878085758874409805e+01 2.079649486873851316e+01 -2.861426343937746086e+00 2.227444129181148469e+01 3.075265257996246859e+01 2.685520532787249692e+01 2.056937101549408453e+01 -4.467522520218182969e+00 1.701611281218719185e+01 2.846079946284813289e+01 2.619432563932953428e+01 2.021357244067549885e+01 -3.375399371372523216e+00 1.958728725113454416e+01 2.825964086426612454e+01 2.561135533712917223e+01 2.039925655609719968e+01 -6.350325925048027287e+00 1.230159703655650461e+01 2.384131384780754459e+01 2.393975902015310098e+01 1.956574502454306952e+01 -8.404035889460747200e+00 9.595530244027242972e+00 2.248801097244187375e+01 2.358143250895799525e+01 1.931353276059849478e+01 -5.634698615385143050e+00 1.277537843209718105e+01 2.317520373267439027e+01 2.334375741158181583e+01 1.951929826026400860e+01 -7.221750564403250472e+00 8.274972626767244321e+00 2.034676183991754428e+01 2.220962014755281189e+01 1.886950665720251763e+01 -8.585268941471468906e+00 6.696349722546465877e+00 1.961480503199396708e+01 2.205476031123045644e+01
0.000000000000000000e+00 0.000000000000000000e+00 1.471637337135343770e+01 3.351447270700858638e+01 2.704007964827869870e+01 2.062831929442387136e+01 -3.148918176754571530e+00 1.975557212934887730e+01 2.792593763840522314e+01 2.507445183073543760e+01 2.025627765957052162e+01 -4.643420668473233981e+00 1.497916062331981557e+01 2.577265013187509624e+01 2.441263038099041083e+01 1.988533291129391856e+01 -3.590622600241653917e+00 1.734834808475789458e+01 2.561135533712917223e+01 2.384421116528083928e+01 1.996916492297888723e+01 -6.262581925636442115e+00 1.075891815987139033e+01 2.153371329704424753e+01 2.223987360870006214e+01 1.914079995135119105e+01 -8.114551042914792234e+00 8.313487358720626830e+00 2.028802789967361875e+01 2.190007685538351723e+01 1.890524504051158061e+01 -5.596024730082503673e+00 1.120885983969605171e+01 2.093123076512753400e+01 2.165864467028446327e+01 1.902419430992760141e+01 -6.993757103876382608e+00 7.154805649752552732e+00 1.834254394339272665e+01 2.059633717951431464e+01 1.841107994936222880e+01 -8.231215901932239731e+00 5.729903834491163472e+00 1.767635604108191316e+01 2.045774398723003529e+01
0.000000000000000000e+00 0.000000000000000000e+00 1.145999193375015501e+01 2.712081002616390890e+01 2.307170839262915507e+01 1.968440201997223582e+01 -2.541361117527043412e+00 1.538061110597096359e+01 2.235114535778764377e+01 2.114795064015300596e+01 1.905251389257314898e+01 -3.784865811563065119e+00 1.164197592432255490e+01 2.057919818869749307e+01 2.053301956110478699e+01 1.867098020682225012e+01 -2.919459760376328816e+00 1.345757153439999243e+01 2.039925655609719968e+01 1.996916492297888723e+01 1.854589950452742642e+01 -5.033026273910920168e+00 8.317098772767726800e+00 1.712150814293879719e+01 1.857146956224703516e+01 1.776085849131927219e+01 -6.463759167803694083e+00 6.433411053574196181e+00 1.614132657197513865e+01 1.829131242317387418e+01 1.757000770583701410e+01 -4.516040944402566204e+00 8.649144321435450422e+00 1.660465074041492528e+01 1.801612820259841641e+01 1.750780225480439611e+01 -5.592393493101064372e+00 5.523028116758548656e+00 1.456173339602445793e+01 1.713765258597710783e+01 1.699010897337250015e+01 -6.552640598943010097e+00 4.435933236302173732e+00 1.405370198501067946e+01 1.704506617895109244e+01
0.000000000000000000e+00 0.000000000000000000e+00 -1.809661231406939574e+00 -8.856264509135137075e+00 -6.899405668486563670e+00 -4.629595656942156801e+00 1.142320828003311739e+01 -1.240783041375334683e+00 -6.379518562289202777e+00 -6.054967551517162150e+00 -4.557858482588680538e+00 1.181969584301019971e+01 1.055484858358522349e+00 -5.213671827845520745e+00 -5.628903249347661841e+00 -4.316706418111090571e+00 1.056376766606965667e+01 -1.449602181410158286e+00 -6.350325925048027287e+00 -6.262581925636442115e+00 -5.033026273910920168e+00 1.084358438809277914e+01 1.408296185808491918e+00 -4.462086668000348588e+00 -5.465211281627336604e+00 -4.586777377627601737e+00 1.175160900668115005e+01 2.741143991602154273e+00 -3.696830893229680282e+00 -5.156261040893794778e+00 -4.360604282027654044e+00 1.005581450335423455e+01 4.290209914541961433e-01 -4.871314342888696025e+00 -5.746361898037678273e+00 -4.979810822690137861e+00 1.006009692954001800e+01 2.339530765368913023e+00 -3.568080564679282585e+00 -5.137294787769762117e+00 -4.569280862317476988e+00 1.081810417361366738e+01 3.229606420619310470e+00 -3.044518347569632244e+00 -4.899193738087726402e+00
0.000000000000000000e+00 0.000000000000000000e+00 8.070949082790326301e+00 1.557601420436691875e+01 1.209502458456296026e+01 8.634198004050318787e+00 3.543909197553751333e+00 1.147071730360274877e+01 1.360502730599606203e+01 1.148876932701639042e+01 8.583423965935596200e+00 2.855787038116527121e+00 9.663473539914493315e+00 1.291693364142212985e+01 1.133757031336475052e+01 8.510169863308085780e+00 2.887556864300891313e+00 9.931993992821368522e+00 1.230159703655650461e+01 1.075891815987139033e+01 8.317098772767726800e+00 1.408296185808491918e+00 7.277889255597511209e+00 1.079600323471104772e+01 1.023731049692742801e+01 8.084596876454874348e+00 7.018802399647640078e-01 6.410668605417096266e+00 1.041679665840241498e+01 1.018477298812928389e+01 8.050305800029038394e+00 1.446057788357702156e+00 7.097377713460803150e+00 1.025839692235255995e+01 9.806148690491564679e+00 7.906216482936985201e+00 5.901905324817894316e-01 5.518496913429737916e+00 9.328842016478771981e+00 9.475777008229508525e+00 7.744624875394467978e+00 1.910674454343870565e-01 5.061790294073737151e+00 9.168089074145138184e+00 9.497121508081148633e+00
0.000000000000000000e+00 0.000000000000000000e+00 1.410996265608133626e+01 3.081539320081276756e+01 2.420682478568317464e+01 1.750347439392507809e+01 -1.378501766477876256e+00 1.917662569561043284e+01 2.600000105302019904e+01 2.263361893475512687e+01 1.731866317079479956e+01 -2.742485695522924427e+00 1.484949250985527414e+01 2.413912151652422367e+01 2.210836902975245266e+01 1.703738529635089805e+01 -1.907663728401359782e+00 1.682258393654415229e+01 2.384131384780754459e+01 2.153371329704424753e+01 1.712150814293879719e+01 -4.462086668000348588e+00 1.079600323471104772e+01 2.021240613827819033e+01 2.017231423300134097e+01 1.644864644962500932e+01 -6.152756281080178802e+00 8.585774554057602259e+00 1.912065730789215579e+01 1.989568482385360682e+01 1.625483066945432142e+01 -3.915976433398661971e+00 1.110668118885029365e+01 1.959015252503814608e+01 1.962509775373254328e+01 1.636658216893920326e+01 -5.292417974326498076e+00 7.400982150696350459e+00 1.727597220170679648e+01 1.870830138909138540e+01 1.584831679288324757e+01 -6.399452796533681820e+00 6.123616958872927896e+00 1.669649285283699669e+01 1.860009759669738116e+01
0.000000000000000000e+00 0.000000000000000000e+00 1.386211718246545210e+01 3.128769218381379602e+01 2.521532407710391865e+01 1.919740511580383213e+01 -2.492356349476859911e+00 1.863218297261240153e+01 2.613049141496570726e+01 2.341189458575263771e+01 1.886146798957267023e+01 -3.896011336521612911e+00 1.421648535868941998e+01 2.415101338448913637e+01 2.281132418386930283e+01 1.852643471980798751e+01 -2.947270866477088802e+00 1.634106572934319246e+01 2.393975902015310098e+01 2.223987360870006214e+01 1.857146956224703516e+01 -5.465211281627336604e+00 1.023731049692742801e+01 2.017231423300134097e+01 2.076710689369205198e+01 1.781551908381514338e+01 -7.177043218923400580e+00 7.985098787663408970e+00 1.903014045345886629e+01 2.046272454515514738e+01 1.760521007074811095e+01 -4.867083021861429160e+00 1.061691531130877841e+01 1.958081518016850353e+01 2.020289591711706834e+01 1.768782628374900057e+01 -6.190365422300320830e+00 6.870385839043152920e+00 1.719364179483054400e+01 1.923071053069764602e+01 1.713074012967586413e+01 -7.327053022800416926e+00 5.563770832811538725e+00 1.658876362653100145e+01 1.911208276246802740e+01
0.000000000000000000e+00 0.000000000000000000e+00 1.106475492479072997e+01 2.599928699153350919e+01 2.211837180064870978e+01 1.886458166112317159e+01 -2.156598427794234052e+00 1.485082293572330059e+01 2.145941718558556488e+01 2.029008669859117475e+01 1.826463267220706044e+01 -3.354722391992783326e+00 1.129707388559814696e+01 1.977936960206193007e+01 1.971055930402960854e+01 1.790599787618741701e+01 -2.547318831611551371e+00 1.297790741826467276e+01 1.956574502454306952e+01 1.914079995135119105e+01 1.776085849131927219e+01 -4.586777377627601737e+00 8.084596876454874348e+00 1.644864644962500932e+01 1.781551908381514338e+01 1.701925807495545939e+01 -5.945289545042331092e+00 6.300553811376893520e+00 1.552271552858826986e+01 1.755525502337666310e+01 1.684293395431319240e+01 -4.107574616289174863e+00 8.375362959682135511e+00 1.593318655071879064e+01 1.726710018767521859e+01 1.676185681128434268e+01 -5.149105613108803325e+00 5.406301367559434468e+00 1.399460157228211798e+01 1.643745970367679732e+01 1.627591884314567849e+01 -6.056056656856975806e+00 4.380849214620119447e+00 1.351925603270629672e+01 1.635608590750853963e+01
0.000000000000000000e+00 0.000000000000000000e+00 -2.897533950287304982e+00 -1.152154676254669674e+01 -8.955970429847720737e+00 -6.047455098583837341e+00 1.213489913201634707e+01 -2.690132022683354052e+00 -8.575147815308270083e+00 -7.960205452891798927e+00 -5.963879642891504851e+00 1.265114776050636536e+01 4.606008209390254071e-02 -7.213027115075797191e+00 -7.473808935584855817e+00 -5.689782975059479497e+00 1.126510245339179939e+01 -2.751507437713865745e+00 -8.404035889460747200e+00 -8.114551042914792234e+00 -6.463759167803694083e+00 1.175160900668115005e+01 7.018802399647640078e-01 -6.152756281080178802e+00 -7.177043218923400580e+00 -5.945289545042331092e+00 1.283715930537167438e+01 2.271756500387958511e+00 -5.265338721143449696e+00 -6.829507892302294714e+00 -5.691262100811530722e+00 1.087934590097745335e+01 -3.600808727122780106e-01 -6.547476624923300292e+00 -7.443183180560822620e+00 -6.362649860825874804e+00 1.099011722847808237e+01 1.928904277898807029e+00 -5.004298167240920137e+00 -6.733193368076788587e+00 -5.890580943003278946e+00 1.187418596732605103e+01 2.964221081216766418e+00 -4.407265606045817741e+00 -6.471662031721234776e+00
0.000000000000000000e+00 0.000000000000000000e+00 6.651006819892861799e+00 1.204799898981617190e+01 9.381531456532320234e+00 6.782361635351576545e+00 4.652937622642437709e+00 9.613810069872629427e+00 1.071917092286628481e+01 8.981834830974140260e+00 6.744401474304384081e+00 4.110063470353108706e+00 8.404749433460768415e+00 1.030217966491472836e+01 8.915722177807282378e+00 6.717462247767040928e+00 3.965919539979142705e+00 8.258482911119042313e+00 9.595530244027242972e+00 8.313487358720626830e+00 6.433411053574196181e+00 2.741143991602154273e+00 6.410668605417096266e+00 8.585774554057602259e+00 7.985098787663408970e+00 6.300553811376893520e+00 2.271756500387958511e+00 5.868506049401618796e+00 8.376083557719717021e+00 7.988067992827430963e+00 6.306536022891882531e+00 2.660823573118720198e+00 6.108424604398186020e+00 8.058533671008934363e+00 7.566106893393157229e+00 6.080933342276001241e+00 1.932902050729911725e+00 5.045219736176417946e+00 7.457903633465242876e+00 7.375836761476033843e+00 6.005609671107808190e+00 1.703803054671161110e+00 4.789157921431415055e+00 7.400514475453301877e+00 7.432090368707354067e+00
0.000000000000000000e+00 0.000000000000000000e+00 1.343058060453584268e+01 2.903426618377958945e+01 2.282166468665900894e+01 1.653983583743523056e+01 -7.092937383060239354e-01 1.830243954395109540e+01 2.456145294650565347e+01 2.136089225708291295e+01 1.636466486613856830e+01 -2.001632928313542337e+00 1.428531132950031868e+01 2.284665612680135638e+01 2.088283226450744223e+01 1.610931373152165946e+01 -1.264149281073565056e+00 1.602943122192260361e+01 2.248801097244187375e+01 2.028802789967361875e+01 1.614132657197513865e+01 -3.696830893229680282e+00 1.041679665840241498e+01 1.912065730789215579e+01 1.903014045345886629e+01 1.552271552858826986e+01 -5.265338721143449696e+00 8.376083557719717021e+00 1.812013106768516124e+01 1.878435631445812248e+01 1.535122993345344256e+01 -3.215683607449593140e+00 1.065667030263776383e+01 1.849658966618247646e+01 1.848487737588069990e+01 1.541647285605311701e+01 -4.532890297717943717e+00 7.216948170644848837e+00 1.635581959502668070e+01 1.764313766255694205e+01 1.494503338970974582e+01 -5.550689200811746993e+00 6.045260851774191480e+00 1.583223367069502530e+01 1.755489897132269661e+01
0.000000000000000000e+00 0.000000000000000000e+00 1.371198355661045909e+01 3.080864922855344190e+01 2.483853720852971492e+01 1.892829439587285734e+01 -2.193393118480471582e+00 1.844373283087818649e+01 2.575972168955328456e+01 2.307389965064033888e+01 1.859745633535773379e+01 -3.580307283136434648e+00 1.412472322606704012e+01 2.382835320470037033e+01 2.249131771469735597e+01 1.827286179858248616e+01 -2.666359739960494135e+00 1.616156673346786476e+01 2.358143250895799525e+01 2.190007685538351723e+01 1.829131242317387418e+01 -5.156261040893794778e+00 1.018477298812928389e+01 1.989568482385360682e+01 2.046272454515514738e+01 1.755525502337666310e+01 -6.829507892302294714e+00 7.988067992827430963e+00 1.878435631445812248e+01 2.017092875591939460e+01 1.735426126759482202e+01 -4.582176961508066526e+00 1.053331065628589691e+01 1.929439264498964590e+01 1.989123581831532661e+01 1.741364191320528576e+01 -5.893255522572886207e+00 6.871130557270647365e+00 1.696291585541749924e+01 1.894555705929350964e+01 1.687424194881941375e+01 -7.000177624932154785e+00 5.600566183053931724e+00 1.637860056707319245e+01 1.883602043306549234e+01
0.000000000000000000e+00 0.000000000000000000e+00 1.096035910348530962e+01 2.566354500708795783e+01 2.185905033642113082e+01 1.868440790580342536e+01 -1.936713494395980284e+00 1.471954789521857521e+01 2.119981353849867389e+01 2.005763982888778330e+01 1.808768973188221096e+01 -3.123279446879817289e+00 1.123544168817312894e+01 1.955412196368009958e+01 1.949103065591638284e+01 1.773682498686419251e+01 -2.340887374664009535e+00 1.285214226027286166e+01 1.931353276059849478e+01 1.890524504051158061e+01 1.757000770583701410e+01 -4.360604282027654044e+00 8.050305800029038394e+00 1.625483066945432142e+01 1.760521007074811095e+01 1.684293395431319240e+01 -5.691262100811530722e+00 6.306536022891882531e+00 1.535122993345344256e+01 1.735426126759482202e+01 1.667380284929121359e+01 -3.898848545977050328e+00 8.318175303301600820e+00 1.573154395743129363e+01 1.705041568024166310e+01 1.657383758695723230e+01 -4.931823819957890542e+00 5.410192272658392199e+00 1.383307973831952964e+01 1.623998231648292290e+01 1.610113758904563852e+01 -5.817252483903028626e+00 4.411005946548478107e+00 1.337282090580677796e+01 1.616551273172815684e+01
0.000000000000000000e+00 0.000000000000000000e+00 -1.538824092305590252e+00 -7.902309123318640438e+00 -6.166560834204832808e+00 -4.137440612265405271e+00 1.062411289946230575e+01 -9.317493466872901475e-01 -5.643318367506759081e+00 -5.394293734883137681e+00 -4.072384752037852884e+00 1.098010739249906109e+01 1.156591959979574424e+00 -4.576973174809915612e+00 -5.002046637184677458e+00 -3.850455787163741928e+00 9.823615204969341264e+00 -1.146170250396295831e+00 -5.634698615385143050e+00 -5.596024730082503673e+00 -4.516040944402566204e+00 1.005581450335423455e+01 1.446057788357702156e+00 -3.915976433398661971e+00 -4.867083021861429160e+00 -4.107574616289174863e+00 1.087934590097745335e+01 2.660823573118720198e+00 -3.215683607449593140e+00 -4.582176961508066526e+00 -3.898848545977050328e+00 9.331851893087323546e+00 5.417330212723776572e-01 -4.301428382562935582e+00 -5.133052293122791099e+00 -4.473965181764905097e+00 9.317377297337230857e+00 2.277266826031319802e+00 -3.114083976136804210e+00 -4.575792632296669993e+00 -4.097296409352076729e+00 1.000722206741856901e+01 3.090189218761846046e+00 -2.633637721286012479e+00 -4.355409224260662349e+00
0.000000000000000000e+00 0.000000000000000000e+00 8.119149818673996322e+00 1.622448268123498138e+01 1.257075328710393158e+01 8.911910531933067148e+00 2.478606991960927708e+00 1.148254698771261673e+01 1.404931360966969578e+01 1.189552896099166546e+01 8.856277289903772498e+00 1.774921804649802537e+00 9.476870576511911892e+00 1.325852194375035431e+01 1.170535738282607063e+01 8.760244685294663824e+00 1.916764529307459330e+00 9.996565442169865534e+00 1.277537843209718105e+01 1.120885983969605171e+01 8.649144321435450422e+00 4.290209914541961433e-01 7.097377713460803150e+00 1.110668118885029365e+01 1.061691531130877841e+01 8.375362959682135511e+00 -3.600808727122780106e-01 6.108424604398186020e+00 1.065667030263776383e+01 1.053331065628589691e+01 8.318175303301600820e+00 5.417330212723776572e-01 7.020285729266688257e+00 1.062367947166757709e+01 1.022711224083849224e+01 8.244168958422664062e+00 -3.107628471208634946e-01 5.269846587378531844e+00 9.577249065499964686e+00 9.839596734071776041e+00 8.042598283939797810e+00 -7.821644773839890874e-01 4.728702693091297427e+00 9.364957380332644021e+00 9.835140577509115190e+00
0.000000000000000000e+00 0.000000000000000000e+00 1.356649168736812605e+01 2.996449253278883518e+01 2.349954435799939390e+01 1.692416881410700924e+01 -1.960596736690967123e+00 1.841940012191833276e+01 2.522057342047295592e+01 2.195103703349581892e+01 1.674769287788241812e+01 -3.276376582317038988e+00 1.414200218123751895e+01 2.337024579951512138e+01 2.142244776775250514e+01 1.646354653133832002e+01 -2.410786396432722967e+00 1.619769319731632251e+01 2.317520373267439027e+01 2.093123076512753400e+01 1.660465074041492528e+01 -4.871314342888696025e+00 1.025839692235255995e+01 1.959015252503814608e+01 1.958081518016850353e+01 1.593318655071879064e+01 -6.547476624923300292e+00 8.058533671008934363e+00 1.849658966618247646e+01 1.929439264498964590e+01 1.573154395743129363e+01 -4.301428382562935582e+00 1.062367947166757709e+01 1.903158835811759175e+01 1.908716053240705079e+01 1.589023306939048830e+01 -5.624223731960245054e+00 6.955925154505375296e+00 1.673570094686580845e+01 1.817004138769529220e+01 1.536632599443981562e+01 -6.733012567783813296e+00 5.674800878889228350e+00 1.614532456839796026e+01 1.804814004604914501e+01
0.000000000000000000e+00 0.000000000000000000e+00 1.341120868176509973e+01 3.050271516998910926e+01 2.451932545879590108e+01 1.856581851246483339e+01 -2.911203952251704585e+00 1.800988080924428303e+01 2.543285692701753575e+01 2.275404173485543780e+01 1.824903560532374769e+01 -4.270612165913176383e+00 1.364472469625815876e+01 2.347105002222892978e+01 2.215525949392199223e+01 1.791499481670608773e+01 -3.305865068689838981e+00 1.582791900278541952e+01 2.334375741158181583e+01 2.165864467028446327e+01 1.801612820259841641e+01 -5.746361898037678273e+00 9.806148690491564679e+00 1.962509775373254328e+01 2.020289591711706834e+01 1.726710018767521859e+01 -7.443183180560822620e+00 7.566106893393157229e+00 1.848487737588069990e+01 1.989123581831532661e+01 1.705041568024166310e+01 -5.133052293122791099e+00 1.022711224083849224e+01 1.908716053240705079e+01 1.968790588070885406e+01 1.717917078896859095e+01 -6.413685091599020005e+00 6.516565460068854065e+00 1.672134455553561949e+01 1.871880702456068590e+01 1.661921848975713445e+01 -7.548488276864293134e+00 5.208883250456564085e+00 1.610847828851660424e+01 1.858831171751184641e+01
