0.000000000000000000e+00 0.000000000000000000e+00 0.000000000000000000e+00 0.000000000000000000e+00 0.000000000000000000e+00 0.000000000000000000e+00 0.000000000000000000e+00 0.000000000000000000e+00 0.000000000000000000e+00 0.000000000000000000e+00 0.000000000000000000e+00 0.000000000000000000e+00 0.000000000000000000e+00 0.000000000000000000e+00 0.000000000000000000e+00 0.000000000000000000e+00 0.000000000000000000e+00 0.000000000000000000e+00 0.000000000000000000e+00 0.000000000000000000e+00 0.000000000000000000e+00 0.000000000000000000e+00 0.000000000000000000e+00 0.000000000000000000e+00 0.000000000000000000e+00 0.000000000000000000e+00 0.000000000000000000e+00 0.000000000000000000e+00 0.000000000000000000e+00 0.000000000000000000e+00 0.000000000000000000e+00 0.000000000000000000e+00 0.000000000000000000e+00 0.000000000000000000e+00 0.000000000000000000e+00 0.000000000000000000e+00 0.000000000000000000e+00 0.000000000000000000e+00 0.000000000000000000e+00 0.000000000000000000e+00 0.000000000000000000e+00 0.000000000000000000e+00 0.000000000000000000e+00 0.000000000000000000e+00 0.000000000000000000e+00
0.000000000000000000e+00 1.423563210079118768e+01 1.180466422379016755e+01 6.267231838914560704e+00 2.664007057415532120e+00 2.592891706777774585e-01 1.271292968949547486e+01 1.137861836211618005e+01 6.538587262267538058e+00 2.804551685025685526e+00 2.819485381675077562e-01 1.094381674153809847e+01 1.090073875688586114e+01 6.526970351834371797e+00 2.795112266697489467e+00 2.817479184718867380e-01 1.431947614766497168e+01 1.233856084576303580e+01 6.970514402281587252e+00 2.961516725447379095e+00 2.972326425652469517e-01 1.250325960731488273e+01 1.157175671531519434e+01 6.882133280770736938e+00 2.906901164239791946e+00 2.819878228485581673e-01 1.148766619706317549e+01 1.115681410221428571e+01 6.745425183389253121e+00 2.827850149320067175e+00 2.647216701591621479e-01 1.423206856998461234e+01 1.219135824820412495e+01 7.068320258969997383e+00 2.991697863677985847e+00 2.971518202024707733e-01 1.246449631686294168e+01 1.145741292681829471e+01 6.865025205883199533e+00 2.879294921746280878e+00 2.685780294626331499e-01 1.172625819261312863e+01 1.110677963741478891e+01 6.694325474225017558e+00 2.782172360659981969e+00
0.000000000000000000e+00 1.180466422379016755e+01 1.937651326765125859e+01 6.806185676566387066e+00 1.743852981850542383e+00 -1.758417143469511723e-01 7.032238455460410265e+00 1.716045328462037745e+01 7.714646123774089759e+00 1.749577976765584575e+00 -2.608837528164099639e-01 3.328365988074245330e+00 1.515180495934691862e+01 7.744253050367097657e+00 1.654998357982376600e+00 -2.960793916882714094e-01 6.185996500463109449e+00 2.027769196157469622e+01 9.355573053024892616e+00 2.226553345694024078e+00 -2.554852722089068773e-01 3.693634341928398790e+00 1.714638490922909497e+01 9.159821541716224758e+00 2.011139470109597482e+00 -3.822934833066946592e-01 -6.416764931107344916e-01 1.535834078903553213e+01 8.752794724337721988e+00 1.846724488481046755e+00 -4.646075436686336046e-01 8.513024071690235672e+00 1.990074238394379336e+01 1.003013578619592394e+01 2.334120072013020408e+00 -3.134604378614644360e-01 9.007182427250102208e-01 1.694988787143299191e+01 9.469413557644811519e+00 2.070307492110325498e+00 -4.704477566101256114e-01 -2.992924527969435644e+00 1.536216508325179042e+01 8.933141893572772219e+00 1.869857076386673755e+00
0.000000000000000000e+00 6.267231838914560704e+00 6.806185676566387066e+00 4.955770227469578515e+00 2.795284807627490764e+00 5.432412310065307670e-01 5.979041384423709360e+00 6.278827063859841573e+00 4.919737129242789386e+00 2.850493677596506181e+00 5.722763131492797362e-01 4.991671775935190070e+00 5.957929195411968415e+00 4.834485394231446520e+00 2.826380463817311561e+00 5.704171116986341827e-01 6.800844012213110190e+00 6.733699344827869915e+00 5.172415936400090786e+00 2.944193859721765616e+00 5.840187146562588749e-01 5.371090220039073770e+00 6.303894837979355792e+00 5.035562349464873577e+00 2.885207991155218643e+00 5.736542354192736282e-01 4.930707863897938914e+00 6.088918352185740623e+00 4.926826811022008812e+00 2.818928995833221762e+00 5.590705517333139918e-01 6.055385299445924296e+00 6.623634908508795327e+00 5.175405688361538026e+00 2.939910010186375988e+00 5.829761476612712601e-01 5.238393316187153204e+00 6.264999660426741279e+00 5.010172837454423878e+00 2.844165181167754852e+00 5.618434629080875098e-01 4.958993607013997718e+00 6.090856740133554936e+00 4.894473341213714690e+00 2.769127844076148648e+00
0.000000000000000000e+00 2.664007057415532120e+00 1.743852981850542383e+00 2.795284807627490764e+00 2.069236167142448402e+00 5.403849241225587852e-01 3.329728621134351307e+00 1.721350766299578616e+00 2.559084398838041174e+00 2.098102078160836825e+00 5.795678847668384037e-01 3.252415267528426135e+00 1.841588402669031010e+00 2.473450626403642438e+00 2.090637286024453534e+00 5.833783243769500304e-01 4.136174520932414111e+00 1.496584823701545108e+00 2.452425410225202107e+00 2.083631423976858521e+00 5.881490089838286028e-01 3.468094899356345628e+00 1.742727210509336100e+00 2.365195340488591036e+00 2.068488504889330670e+00 6.012346420720267037e-01 3.935044386886420664e+00 1.907804358766973296e+00 2.350955368828865577e+00 2.042588112741978712e+00 6.031498759592194281e-01 3.101700874492207216e+00 1.481009450851088260e+00 2.319061188493415582e+00 2.054251827383007711e+00 5.967387954452102461e-01 3.884726578130767383e+00 1.751668529686390086e+00 2.284596345918617821e+00 2.020499224959388052e+00 6.063791539689991072e-01 4.397366198634466983e+00 1.912085786282903710e+00 2.291229189532204558e+00 1.995255253316031707e+00
0.000000000000000000e+00 2.592891706777774585e-01 -1.758417143469511723e-01 5.432412310065307670e-01 5.403849241225587852e-01 1.816547554220978855e-01 5.634240420809951688e-01 -1.178461843251475127e-01 4.407155118957067907e-01 5.413307796509962966e-01 1.936578952305718915e-01 6.626171567016855279e-01 -2.460011910019360010e-02 4.136928887675677124e-01 5.396055054900256165e-01 1.947359491405566134e-01 7.749273456209796462e-01 -2.813979915856810732e-01 3.590787077850178810e-01 5.227649777361057515e-01 1.963619643968521067e-01 6.834770289741962657e-01 -1.221803269866017505e-01 3.373453526766084787e-01 5.219193280117482292e-01 2.018575675664901481e-01 9.468716578799518668e-01 -2.300254818532645670e-02 3.455377972908033612e-01 5.187454015298599286e-01 2.035635938207888684e-01 4.244475363090748909e-01 -2.790566890398018529e-01 2.986453153526921755e-01 5.093774421116892270e-01 1.996798366811574355e-01 8.727525994259958120e-01 -1.175148041423593470e-01 3.049483707514571429e-01 5.061891588175246870e-01 2.049178021106898284e-01 1.133693552503623803e+00 -2.454710606534631773e-02 3.235922628019535785e-01 5.047151612898286288e-01
0.000000000000000000e+00 1.271292968949547486e+01 7.032238455460410265e+00 5.979041384423709360e+00 3.329728621134351307e+00 5.634240420809951688e-01 1.600239741884745470e+01 7.692047766775355733e+00 5.916904600105618250e+00 3.534596065169242518e+00 6.426282073264451000e-01 1.528805814283602160e+01 8.053508814363173229e+00 5.866188094033153888e+00 3.568343547449334352e+00 6.604491259318943097e-01 1.944970257565553950e+01 7.830810263751888378e+00 5.876890767856940201e+00 3.554223704881780854e+00 6.566008224088856204e-01 1.771827146296927680e+01 8.442769444108037646e+00 5.844387111128622081e+00 3.584232444968782794e+00 6.991526825396573441e-01 1.822389493799795090e+01 8.712898184611532315e+00 5.821882146638199806e+00 3.546556935178523773e+00 7.158336750863117937e-01 1.798995760830571911e+01 8.097954878614732621e+00 5.772157633270853516e+00 3.560468996149931620e+00 6.826093391482537243e-01 1.900960653219870622e+01 8.591091347528536204e+00 5.743574260898461681e+00 3.524576137645395679e+00 7.209448704756679094e-01 1.965570071660116014e+01 8.807015855165515106e+00 5.727376445997117038e+00 3.475729452596780789e+00
0.000000000000000000e+00 1.137861836211618005e+01 1.716045328462037745e+01 6.278827063859841573e+00 1.721350766299578616e+00 -1.178461843251475127e-01 7.692047766775355733e+00 1.541100546555815676e+01 7.065478218257611687e+00 1.749910549975761898e+00 -1.838064458284200120e-01 4.443700019894836650e+00 1.375154376888212049e+01 7.095386087799382402e+00 1.675885758032024109e+00 -2.118253775761853031e-01 7.341781662895620286e+00 1.810490681655419110e+01 8.460396815588827835e+00 2.153953307397303618e+00 -1.795397575967831727e-01 5.027063356009185746e+00 1.551474811664498610e+01 8.303923111287824455e+00 1.978279539147044019e+00 -2.828535980001612438e-01 1.360371386060163168e+00 1.401623448573230313e+01 7.960477661019095486e+00 1.838100651192423607e+00 -3.505648570809011266e-01 9.188033370872537020e+00 1.783343945447114365e+01 9.033795468517627825e+00 2.247140883204374440e+00 -2.269323409376201306e-01 2.772920396620065731e+00 1.537083609142468710e+01 8.563339404068351257e+00 2.024184535907652460e+00 -3.558466435603633293e-01 -5.038949336360873943e-01 1.403611154356988244e+01 8.108794555036975993e+00 1.852100250708174523e+00
0.000000000000000000e+00 6.538587262267538058e+00 7.714646123774089759e+00 4.919737129242789386e+00 2.559084398838041174e+00 4.407155118957067907e-01 5.916904600105618250e+00 7.065478218257611687e+00 4.983989859724644589e+00 2.612873532972499913e+00 4.583665568758988340e-01 4.708356332741157502e+00 6.604397522565212064e+00 4.916058328011705392e+00 2.585258943159819633e+00 4.539103649462587486e-01 6.570204820294098802e+00 7.751970494002176082e+00 5.357191840719733200e+00 2.738698355426800291e+00 4.688918299204088980e-01 5.075872715477123265e+00 7.095384557997039821e+00 5.225270935241796977e+00 2.670635529423248222e+00 4.490212105681831711e-01 4.293875964369845200e+00 6.744339848945892335e+00 5.094150796898230915e+00 2.598967924921721018e+00 4.293328787257961188e-01 6.112339636178285573e+00 7.626781992333990345e+00 5.426358876367674000e+00 2.747108904073128244e+00 4.630432381800577701e-01 4.702110797291747524e+00 7.046381720158880313e+00 5.233889283887263488e+00 2.641794553574476900e+00 4.311666112490941671e-01 4.100396605263588512e+00 6.748353011309522920e+00 5.084003895509266790e+00 2.558818211166243195e+00
0.000000000000000000e+00 2.804551685025685526e+00 1.749577976765584575e+00 2.850493677596506181e+00 2.098102078160836825e+00 5.413307796509962966e-01 3.534596065169242518e+00 1.749910549975761898e+00 2.612873532972499913e+00 2.134559600765542520e+00 5.828890044997279141e-01 3.464972147182070028e+00 1.888607453894727062e+00 2.527482407653474983e+00 2.129441224058079118e+00 5.874995616784587371e-01 4.388950107748711638e+00 1.495127055461065835e+00 2.491904200953004356e+00 2.117969995436665087e+00 5.922676101652203373e-01 3.693660050578398746e+00 1.770756606314497938e+00 2.407185348763041244e+00 2.106551204194971216e+00 6.074985091372900881e-01 4.210466913446814452e+00 1.953989199124507081e+00 2.395759761815646094e+00 2.081389178957714137e+00 6.105275855591565382e-01 3.280203806865843230e+00 1.478585441414666857e+00 2.351725270686968017e+00 2.089579466243763672e+00 6.023677212643578915e-01 4.147228725227618540e+00 1.778021873043027279e+00 2.321647216767463551e+00 2.058006799638534279e+00 6.142672749224138418e-01 4.709856259232442888e+00 1.955425367118712510e+00 2.332015781382541952e+00 2.033295317745406727e+00
0.000000000000000000e+00 2.819485381675077562e-01 -2.608837528164099639e-01 5.722763131492797362e-01 5.795678847668384037e-01 1.936578952305718915e-01 6.426282073264451000e-01 -1.838064458284200120e-01 4.583665568758988340e-01 5.828890044997279141e-01 2.076822952255818755e-01 7.666359266158865315e-01 -7.051503579035159341e-02 4.294164128664742508e-01 5.821970103962698095e-01 2.093039009825228280e-01 8.902974460518771060e-01 -3.792151333362368537e-01 3.602930796928505153e-01 5.603292492895576293e-01 2.107051940884207275e-01 7.955415699118452144e-01 -1.872468407752987396e-01 3.386331232746901954e-01 5.614473430781308227e-01 2.178969407287427162e-01 1.108618248562970088e+00 -6.852030202839717865e-02 3.498778855958987744e-01 5.589812242745549886e-01 2.205021420989727032e-01 4.875785128161546633e-01 -3.747750668617368941e-01 2.909874128069779853e-01 5.458089859276780142e-01 2.149735020188876244e-01 1.021987441773752447e+00 -1.813045936870860131e-01 3.012649377215585456e-01 5.441288840677461769e-01 2.220690455938464924e-01 1.330857770213844660e+00 -7.052034197276127458e-02 3.244508948957590677e-01 5.435698327427639365e-01
0.000000000000000000e+00 1.094381674153809847e+01 3.328365988074245330e+00 4.991671775935190070e+00 3.252415267528426135e+00 6.626171567016855279e-01 1.528805814283602160e+01 4.443700019894836650e+00 4.708356332741157502e+00 3.464972147182070028e+00 7.666359266158865315e-01 1.538362972709447796e+01 5.255343163327490963e+00 4.643148075963667409e+00 3.519860030161385378e+00 7.932790139885170788e-01 1.910894601022511452e+01 3.875960235149498612e+00 4.289801322240771597e+00 3.375656206775861090e+00 7.801208067504360466e-01 1.791076329803437162e+01 5.200740559093786963e+00 4.290354099813963984e+00 3.451557018918483433e+00 8.530262570568934999e-01 1.943464871014692719e+01 5.888231432677726751e+00 4.356246311503310764e+00 3.446571594757557921e+00 8.885116661882250799e-01 1.711347400774915073e+01 4.216436074953116453e+00 4.015149928659739409e+00 3.352905455403902835e+00 8.201821055456337550e-01 1.994383851976540711e+01 5.392341829074664972e+00 4.104341113769718774e+00 3.370116942516033109e+00 8.949761066969810219e-01 2.151306102976841572e+01 5.981337114051389570e+00 4.207298139393223835e+00 3.361818793937995320e+00
0.000000000000000000e+00 1.090073875688586114e+01 1.515180495934691862e+01 5.957929195411968415e+00 1.841588402669031010e+00 -2.460011910019360010e-02 8.053508814363173229e+00 1.375154376888212049e+01 6.604397522565212064e+00 1.888607453894727062e+00 -7.051503579035159341e-02 5.255343163327490963e+00 1.240261214454169370e+01 6.624073613749784428e+00 1.830906982116485171e+00 -9.199349798191436278e-02 8.096561194407664530e+00 1.599737914830779495e+01 7.754405325520865588e+00 2.223759754021074730e+00 -6.561025352446717140e-02 5.963457536502049905e+00 1.389673981217520371e+01 7.620222982934881983e+00 2.080769498433303610e+00 -1.471837254226830705e-01 2.972960921673789336e+00 1.267786330621184554e+01 7.333212351166719323e+00 1.960121116311166922e+00 -2.019815432428264668e-01 9.441033767112978481e+00 1.578569898319141096e+01 8.214964801845487941e+00 2.299671696113148478e+00 -1.024598297873202807e-01 4.219706298717812665e+00 1.378381746674270580e+01 7.820848927769580072e+00 2.110172562325461243e+00 -2.059317553102667508e-01 1.571204405087847755e+00 1.269878882487168603e+01 7.442568581459243049e+00 1.961882334679980300e+00
0.000000000000000000e+00 6.526970351834371797e+00 7.744253050367097657e+00 4.834485394231446520e+00 2.473450626403642438e+00 4.136928887675677124e-01 5.866188094033153888e+00 7.095386087799382402e+00 4.916058328011705392e+00 2.527482407653474983e+00 4.294164128664742508e-01 4.643148075963667409e+00 6.624073613749784428e+00 4.853936699618344619e+00 2.500763450052823078e+00 4.248324883995109880e-01 6.497155941195778439e+00 7.806092622860022701e+00 5.298620081943802518e+00 2.653853391459721323e+00 4.390275589636747355e-01 5.020415560818817902e+00 7.130920429745574829e+00 5.172368742590767177e+00 2.586816994267588043e+00 4.184549767373085261e-01 4.201081443363281487e+00 6.767265771201902425e+00 5.041681678421775281e+00 2.516467282773650727e+00 3.986616532124362400e-01 6.096046007470181216e+00 7.683125412252385544e+00 5.376518459567859232e+00 2.663513252343566950e+00 4.324619741672717788e-01 4.625699512688330017e+00 7.082436643318505531e+00 5.185427269217240287e+00 2.559793717080699693e+00 4.000260957425299524e-01 3.986156728340714217e+00 6.772382889077239732e+00 5.034351380762172035e+00 2.477964323918153244e+00
0.000000000000000000e+00 2.795112266697489467e+00 1.654998357982376600e+00 2.826380463817311561e+00 2.090637286024453534e+00 5.396055054900256165e-01 3.568343547449334352e+00 1.675885758032024109e+00 2.585258943159819633e+00 2.129441224058079118e+00 5.821970103962698095e-01 3.519860030161385378e+00 1.830906982116485171e+00 2.500763450052823078e+00 2.125900234398410138e+00 5.873058973898580559e-01 4.445749771241852777e+00 1.399140912241363388e+00 2.451459080713572991e+00 2.108653640235369942e+00 5.913075038660350335e-01 3.758962592356158261e+00 1.700428197395321472e+00 2.369683303273017128e+00 2.099915300696693077e+00 6.079583220374509267e-01 4.309385538595424947e+00 1.898052113068710245e+00 2.361806975666991715e+00 2.076337292875515494e+00 6.119061725423209364e-01 3.312329017754953142e+00 1.386322160177052787e+00 2.306363450433435602e+00 2.079642527894849824e+00 6.019649864463426647e-01 4.239833962222756547e+00 1.709573016882774521e+00 2.281327142453280832e+00 2.050679980548914649e+00 6.155606820389895040e-01 4.833546755941604545e+00 1.899735741466841876e+00 2.296035911841958210e+00 2.027709839862134711e+00
0.000000000000000000e+00 2.817479184718867380e-01 -2.960793916882714094e-01 5.704171116986341827e-01 5.833783243769500304e-01 1.947359491405566134e-01 6.604491259318943097e-01 -2.118253775761853031e-01 4.539103649462587486e-01 5.874995616784587371e-01 2.093039009825228280e-01 7.932790139885170788e-01 -9.199349798191436278e-02 4.248324883995109880e-01 5.873058973898580559e-01 2.111359524390037656e-01 9.192358739666599554e-01 -4.163491264578891293e-01 3.507242715788658205e-01 5.634122949560869120e-01 2.122659792057617345e-01 8.265333361921624045e-01 -2.138060034662440378e-01 3.296973395435261467e-01 5.653989997808078760e-01 2.200563988545822247e-01 1.153885232126792282e+00 -8.907326816344587894e-02 3.421494995273630102e-01 5.633971470483738475e-01 2.230273285197402755e-01 5.047904066818115210e-01 -4.104261650155537344e-01 2.791111136087754963e-01 5.485764646230577579e-01 2.167876993054881629e-01 1.064691946239086695e+00 -2.069617006256712910e-01 2.910523284307338088e-01 5.476903584546253256e-01 2.245760260586828483e-01 1.387013517817842212e+00 -9.084940931363712224e-02 3.158310385582406288e-01 5.476651690535160322e-01
0.000000000000000000e+00 1.431947614766497168e+01 6.185996500463109449e+00 6.800844012213110190e+00 4.136174520932414111e+00 7.749273456209796462e-01 1.944970257565553950e+01 7.341781662895620286e+00 6.570204820294098802e+00 4.388950107748711638e+00 8.902974460518771060e-01 1.910894601022511452e+01 8.096561194407664530e+00 6.497155941195778439e+00 4.445749771241852777e+00 9.192358739666599554e-01 2.412196557936977470e+01 7.136104789204251730e+00 6.297622222345232501e+00 4.335758717003627360e+00 9.012079539797228644e-01 2.231055577750241170e+01 8.396674000682335048e+00 6.283238278607335303e+00 4.403665543404893690e+00 9.759125105717223470e-01 2.353115954707898538e+01 8.998145468008877046e+00 6.312766495803805000e+00 4.380893465784878593e+00 1.010983963482359860e+00 2.204303453797642831e+01 7.590471822621572606e+00 6.074083443335615229e+00 4.320770031746333117e+00 9.401303201411980170e-01 2.441110351642045373e+01 8.664597268208650505e+00 6.117992486934817897e+00 4.312690952505706221e+00 1.014552367311984504e+00 2.573807512739533365e+01 9.159496574827429072e+00 6.173392169824475140e+00 4.281627789001467121e+00
0.000000000000000000e+00 1.233856084576303580e+01 2.027769196157469622e+01 6.733699344827869915e+00 1.496584823701545108e+00 -2.813979915856810732e-01 7.830810263751888378e+00 1.810490681655419110e+01 7.751970494002176082e+00 1.495127055461065835e+00 -3.792151333362368537e-01 3.875960235149498612e+00 1.599737914830779495e+01 7.806092622860022701e+00 1.399140912241363388e+00 -4.163491264578891293e-01 7.136104789204251730e+00 2.161124570045451421e+01 9.555158918638355203e+00 2.000349650278009150e+00 -3.823064708635140474e-01 4.545913307112090962e+00 1.831752801794980812e+01 9.378233994399678863e+00 1.777754703943763781e+00 -5.175230511305743963e-01 -2.646985917693737145e-01 1.637985343901920032e+01 8.949836055326240825e+00 1.611581176308021890e+00 -6.030627272194152289e-01 9.927614739100782515e+00 2.134614212192157368e+01 1.032846291549958018e+01 2.119163655507762201e+00 -4.486912364401298148e-01 1.555242717565532562e+00 1.818822967489843023e+01 9.747265008018990429e+00 1.848871640610916023e+00 -6.140964328539594286e-01 -2.796688920322513372e+00 1.644666547199005535e+01 9.173326535105006840e+00 1.644205358971787545e+00
0.000000000000000000e+00 6.970514402281587252e+00 9.355573053024892616e+00 5.172415936400090786e+00 2.452425410225202107e+00 3.590787077850178810e-01 5.876890767856940201e+00 8.460396815588827835e+00 5.357191840719733200e+00 2.491904200953004356e+00 3.602930796928505153e-01 4.289801322240771597e+00 7.754405325520865588e+00 5.298620081943802518e+00 2.451459080713572991e+00 3.507242715788658205e-01 6.297622222345232501e+00 9.555158918638355203e+00 5.946833820001379500e+00 2.677252451445811143e+00 3.694017073098884718e-01 4.629993872615767891e+00 8.513988024526641496e+00 5.799539065328014331e+00 2.583138242919137184e+00 3.321581541503048074e-01 3.262272777456860950e+00 7.929638079679651064e+00 5.620498054074346328e+00 2.495515808883823183e+00 3.023368105651484949e-01 6.274533399332928418e+00 9.414278352244050296e+00 6.119560593997118048e+00 2.702038864272120477e+00 3.546387359908542702e-01 3.844185518282775327e+00 8.460272015830575754e+00 5.864630403003522119e+00 2.569479844564101167e+00 3.025457508686895114e-01 2.695659499634925016e+00 7.948612795594359071e+00 5.649115674984263258e+00 2.466738060495325069e+00
0.000000000000000000e+00 2.961516725447379095e+00 2.226553345694024078e+00 2.944193859721765616e+00 2.083631423976858521e+00 5.227649777361057515e-01 3.554223704881780854e+00 2.153953307397303618e+00 2.738698355426800291e+00 2.117969995436665087e+00 5.603292492895576293e-01 3.375656206775861090e+00 2.223759754021074730e+00 2.653853391459721323e+00 2.108653640235369942e+00 5.634122949560869120e-01 4.335758717003627360e+00 2.000349650278009150e+00 2.677252451445811143e+00 2.121897997086456655e+00 5.710966979388275577e-01 3.573981655522218137e+00 2.167003427659184744e+00 2.585763820240707389e+00 2.102640098242567923e+00 5.814008950543264609e-01 3.943539124748022928e+00 2.287028980924370458e+00 2.559383234456951151e+00 2.071506905972193113e+00 5.812645754158941580e-01 3.309308784361313815e+00 1.970510987863836716e+00 2.563981428804703810e+00 2.100021913382601912e+00 5.796541215573597361e-01 3.910817254105166896e+00 2.166457709481320659e+00 2.514490484322476682e+00 2.059396287685009153e+00 5.855667525613209579e-01 4.338778126122633694e+00 2.287213508517205618e+00 2.505323873317281791e+00 2.027410361384192949e+00
0.000000000000000000e+00 2.972326425652469517e-01 -2.554852722089068773e-01 5.840187146562588749e-01 5.881490089838286028e-01 1.963619643968521067e-01 6.566008224088856204e-01 -1.795397575967831727e-01 4.688918299204088980e-01 5.922676101652203373e-01 2.107051940884207275e-01 7.801208067504360466e-01 -6.561025352446717140e-02 4.390275589636747355e-01 5.913075038660350335e-01 2.122659792057617345e-01 9.012079539797228644e-01 -3.823064708635140474e-01 3.694017073098884718e-01 5.710966979388275577e-01 2.146280415391763619e-01 7.986347031264656726e-01 -1.896976312107045148e-01 3.467222185146682234e-01 5.719985755451333365e-01 2.217900363964564192e-01 1.121180572950738918e+00 -6.920655793562888181e-02 3.575144598419593978e-01 5.689009127090934870e-01 2.242292979126486174e-01 4.788411238893559019e-01 -3.819561641558206766e-01 2.986716610064045763e-01 5.572598832780163436e-01 2.193747611865785319e-01 1.025741540912265659e+00 -1.867438542725302908e-01 3.083604861785488316e-01 5.550043551151141452e-01 2.263152547906979450e-01 1.344679929727755185e+00 -7.375048431928368786e-02 3.313321583296832684e-01 5.537330564376229391e-01
0.000000000000000000e+00 1.250325960731488273e+01 3.693634341928398790e+00 5.371090220039073770e+00 3.468094899356345628e+00 6.834770289741962657e-01 1.771827146296927680e+01 5.027063356009185746e+00 5.075872715477123265e+00 3.693660050578398746e+00 7.955415699118452144e-01 1.791076329803437162e+01 5.963457536502049905e+00 5.020415560818817902e+00 3.758962592356158261e+00 8.265333361921624045e-01 2.231055577750241170e+01 4.545913307112090962e+00 4.629993872615767891e+00 3.573981655522218137e+00 7.986347031264656726e-01 2.127808020438991932e+01 6.080356808515817946e+00 4.651990845969803168e+00 3.662013970723022815e+00 8.813400062142708880e-01 2.285136699947358352e+01 6.843748710290958215e+00 4.734918673215498863e+00 3.665736517094980051e+00 9.239503473176130521e-01 2.064252384386622907e+01 5.044751748157511706e+00 4.348422612923624087e+00 3.539212365554814888e+00 8.374849273834142904e-01 2.371430494848625159e+01 6.378068527845221602e+00 4.461225897575578969e+00 3.566840638276451259e+00 9.242447969247035156e-01 2.530834177876482016e+01 7.012968602247880767e+00 4.581084949246728044e+00 3.568111511056063723e+00
0.000000000000000000e+00 1.157175671531519434e+01 1.714638490922909497e+01 6.303894837979355792e+00 1.742727210509336100e+00 -1.221803269866017505e-01 8.442769444108037646e+00 1.551474811664498610e+01 7.095384557997039821e+00 1.770756606314497938e+00 -1.872468407752987396e-01 5.200740559093786963e+00 1.389673981217520371e+01 7.130920429745574829e+00 1.700428197395321472e+00 -2.138060034662440378e-01 8.396674000682335048e+00 1.831752801794980812e+01 8.513988024526641496e+00 2.167003427659184744e+00 -1.896976312107045148e-01 6.080356808515817946e+00 1.580106025048278084e+01 8.370056107130897871e+00 1.995569097687380555e+00 -2.900570726619247641e-01 2.339417511354907830e+00 1.430649659318739708e+01 8.029590504569338094e+00 1.859654224891662988e+00 -3.549637605381010808e-01 1.038319473873194809e+01 1.815186913386898127e+01 9.108561717022269022e+00 2.257788157748979341e+00 -2.394448202846065910e-01 3.903929532565395100e+00 1.572675128356338270e+01 8.646280258912991457e+00 2.039394327741117952e+00 -3.641777246946635294e-01 5.457618119098254228e-01 1.437998466112093610e+01 8.191729199527074456e+00 1.871708662222329789e+00
0.000000000000000000e+00 6.882133280770736938e+00 9.159821541716224758e+00 5.035562349464873577e+00 2.365195340488591036e+00 3.373453526766084787e-01 5.844387111128622081e+00 8.303923111287824455e+00 5.225270935241796977e+00 2.407185348763041244e+00 3.386331232746901954e-01 4.290354099813963984e+00 7.620222982934881983e+00 5.172368742590767177e+00 2.369683303273017128e+00 3.296973395435261467e-01 6.283238278607335303e+00 9.378233994399678863e+00 5.799539065328014331e+00 2.585763820240707389e+00 3.467222185146682234e-01 4.651990845969803168e+00 8.370056107130897871e+00 5.661678740224618700e+00 2.496630443474870287e+00 3.112022014331464193e-01 3.314935783507362732e+00 7.801709654960187201e+00 5.489316114699239968e+00 2.412730989864448450e+00 2.827785640560006586e-01 6.265829958261127430e+00 9.247725585985026697e+00 5.970741278551257025e+00 2.610338083801769127e+00 3.323437255750313901e-01 3.896403648075495774e+00 8.321375763842745243e+00 5.726029195342186462e+00 2.483425371890490840e+00 2.825723476424366054e-01 2.772733549346994675e+00 7.822940767725854450e+00 5.517393020116954538e+00 2.384654158625661324e+00
0.000000000000000000e+00 2.906901164239791946e+00 2.011139470109597482e+00 2.885207991155218643e+00 2.068488504889330670e+00 5.219193280117482292e-01 3.584232444968782794e+00 1.978279539147044019e+00 2.670635529423248222e+00 2.106551204194971216e+00 5.614473430781308227e-01 3.451557018918483433e+00 2.080769498433303610e+00 2.586816994267588043e+00 2.099915300696693077e+00 5.653989997808078760e-01 4.403665543404893690e+00 1.777754703943763781e+00 2.583138242919137184e+00 2.102640098242567923e+00 5.719985755451333365e-01 3.662013970723022815e+00 1.995569097687380555e+00 2.496630443474870287e+00 2.088210531634163925e+00 5.849210502340502771e-01 4.101469920136542768e+00 2.144700651932565982e+00 2.477081903971986687e+00 2.059944631914407243e+00 5.864433090190318554e-01 3.325711912618958266e+00 1.754109704414145376e+00 2.459501481663164402e+00 2.079576121856565596e+00 5.817270898355523245e-01 4.051175063006497545e+00 1.997935817170209738e+00 2.419674998155057821e+00 2.043767284327569378e+00 5.907598398004774154e-01 4.543652771100853194e+00 2.144661025420341094e+00 2.419090488222687796e+00 2.015004883837049565e+00
0.000000000000000000e+00 2.819878228485581673e-01 -3.822934833066946592e-01 5.736542354192736282e-01 6.012346420720267037e-01 2.018575675664901481e-01 6.991526825396573441e-01 -2.828535980001612438e-01 4.490212105681831711e-01 6.074985091372900881e-01 2.178969407287427162e-01 8.530262570568934999e-01 -1.471837254226830705e-01 4.184549767373085261e-01 6.079583220374509267e-01 2.200563988545822247e-01 9.759125105717223470e-01 -5.175230511305743963e-01 3.321581541503048074e-01 5.814008950543264609e-01 2.217900363964564192e-01 8.813400062142708880e-01 -2.900570726619247641e-01 3.112022014331464193e-01 5.849210502340502771e-01 2.307638802059318595e-01 1.252623283712205771e+00 -1.494872296866634198e-01 3.259558792000565308e-01 5.832394632801695122e-01 2.342852702925210806e-01 5.130520884633681389e-01 -5.131552831426551275e-01 2.533872169076412106e-01 5.664564233194513410e-01 2.273792573285932928e-01 1.145994162238437530e+00 -2.848112898114337210e-01 2.684754683088209637e-01 5.666633788704604768e-01 2.364141303438338226e-01 1.510782066134640056e+00 -1.538510631449189758e-01 2.967792636344271373e-01 5.670668023257428025e-01
0.000000000000000000e+00 1.148766619706317549e+01 -6.416764931107344916e-01 4.930707863897938914e+00 3.935044386886420664e+00 9.468716578799518668e-01 1.822389493799795090e+01 1.360371386060163168e+00 4.293875964369845200e+00 4.210466913446814452e+00 1.108618248562970088e+00 1.943464871014692719e+01 2.972960921673789336e+00 4.201081443363281487e+00 4.309385538595424947e+00 1.153885232126792282e+00 2.353115954707898538e+01 -2.646985917693737145e-01 3.262272777456860950e+00 3.943539124748022928e+00 1.121180572950738918e+00 2.285136699947358352e+01 2.339417511354907830e+00 3.314935783507362732e+00 4.101469920136542768e+00 1.252623283712205771e+00 2.608993155215959803e+01 3.752953179257620953e+00 3.520378701154417200e+00 4.142282985708138909e+00 1.322470778096110466e+00 2.048209254637048460e+01 2.695262240911615592e-01 2.693371243065158627e+00 3.871473111522570676e+00 1.187970116903159346e+00 2.643314602151141912e+01 2.646311052720609958e+00 2.967597379388629442e+00 3.967244984091527815e+00 1.330276677787467943e+00 2.959150921331377404e+01 3.877046748648599550e+00 3.259511208977815766e+00 4.014809561330272558e+00
0.000000000000000000e+00 1.115681410221428571e+01 1.535834078903553213e+01 6.088918352185740623e+00 1.907804358766973296e+00 -2.300254818532645670e-02 8.712898184611532315e+00 1.401623448573230313e+01 6.744339848945892335e+00 1.953989199124507081e+00 -6.852030202839717865e-02 5.888231432677726751e+00 1.267786330621184554e+01 6.767265771201902425e+00 1.898052113068710245e+00 -8.907326816344587894e-02 8.998145468008877046e+00 1.637985343901920032e+01 7.929638079679651064e+00 2.287028980924370458e+00 -6.920655793562888181e-02 6.843748710290958215e+00 1.430649659318739708e+01 7.801709654960187201e+00 2.144700651932565982e+00 -1.494872296866634198e-01 3.752953179257620953e+00 1.307384216499136009e+01 7.512429152809619204e+00 2.025502329461150275e+00 -2.027816591824904424e-01 1.048181121242202352e+01 1.624877659240435790e+01 8.412444803113915626e+00 2.361158914729736935e+00 -1.086118677620923623e-01 5.140778645833139038e+00 1.424935944317816272e+01 8.018031747346766380e+00 2.172016778631187250e+00 -2.101395615084069302e-01 2.389853884427009412e+00 1.313952717662049707e+01 7.634019471354954511e+00 2.024991397103137025e+00
0.000000000000000000e+00 6.745425183389253121e+00 8.752794724337721988e+00 4.926826811022008812e+00 2.350955368828865577e+00 3.455377972908033612e-01 5.821882146638199806e+00 7.960477661019095486e+00 5.094150796898230915e+00 2.395759761815646094e+00 3.498778855958987744e-01 4.356246311503310764e+00 7.333212351166719323e+00 5.041681678421775281e+00 2.361806975666991715e+00 3.421494995273630102e-01 6.312766495803805000e+00 8.949836055326240825e+00 5.620498054074346328e+00 2.559383234456951151e+00 3.575144598419593978e-01 4.734918673215498863e+00 8.029590504569338094e+00 5.489316114699239968e+00 2.477081903971986687e+00 3.259558792000565308e-01 3.520378701154417200e+00 7.512429152809619204e+00 5.329077184998713079e+00 2.397936824013020107e+00 3.000435643986812950e-01 6.222463332378579182e+00 8.828277687852127187e+00 5.771121576147187682e+00 2.580148514131524351e+00 3.447846848385824892e-01 4.071074455583777230e+00 7.985158297076005773e+00 5.542691368201945856e+00 2.460830426261542581e+00 2.998000492802836980e-01 3.059605524929698728e+00 7.532787315502691428e+00 5.349701901466101361e+00 2.367732543794190736e+00
0.000000000000000000e+00 2.827850149320067175e+00 1.846724488481046755e+00 2.818928995833221762e+00 2.042588112741978712e+00 5.187454015298599286e-01 3.546556935178523773e+00 1.838100651192423607e+00 2.598967924921721018e+00 2.081389178957714137e+00 5.589812242745549886e-01 3.446571594757557921e+00 1.960121116311166922e+00 2.516467282773650727e+00 2.076337292875515494e+00 5.633971470483738475e-01 4.380893465784878593e+00 1.611581176308021890e+00 2.495515808883823183e+00 2.071506905972193113e+00 5.689009127090934870e-01 3.665736517094980051e+00 1.859654224891662988e+00 2.412730989864448450e+00 2.059944631914407243e+00 5.832394632801695122e-01 4.142282985708138909e+00 2.025502329461150275e+00 2.397936824013020107e+00 2.033949996929322879e+00 5.857742173871438585e-01 3.290971301806210558e+00 1.593370457839414778e+00 2.366175698433151009e+00 2.047070903860420010e+00 5.789851094221031280e-01 4.084642660402892034e+00 1.864994351746969148e+00 2.332909033423737455e+00 2.014661255595864731e+00 5.898252730564220725e-01 4.609842165585069651e+00 2.026347653875294252e+00 2.338073870800609466e+00 1.988517537198426499e+00
0.000000000000000000e+00 2.647216701591621479e-01 -4.646075436686336046e-01 5.590705517333139918e-01 6.031498759592194281e-01 2.035635938207888684e-01 7.158336750863117937e-01 -3.505648570809011266e-01 4.293328787257961188e-01 6.105275855591565382e-01 2.205021420989727032e-01 8.885116661882250799e-01 -2.019815432428264668e-01 3.986616532124362400e-01 6.119061725423209364e-01 2.230273285197402755e-01 1.010983963482359860e+00 -6.030627272194152289e-01 3.023368105651484949e-01 5.812645754158941580e-01 2.242292979126486174e-01 9.239503473176130521e-01 -3.549637605381010808e-01 2.827785640560006586e-01 5.864433090190318554e-01 2.342852702925210806e-01 1.322470778096110466e+00 -2.027816591824904424e-01 3.000435643986812950e-01 5.857742173871438585e-01 2.384887363034521313e-01 5.287527860608541852e-01 -5.955694985493151794e-01 2.191841998800099778e-01 5.656158281193650605e-01 2.302456381175426170e-01 1.210495993648908142e+00 -3.478804673608941744e-01 2.377268518118190732e-01 5.674811482556106901e-01 2.405623223077480166e-01 1.600583963944260724e+00 -2.066573809477696699e-01 2.692941868433593733e-01 5.690656417906069242e-01
0.000000000000000000e+00 1.423206856998461234e+01 8.513024071690235672e+00 6.055385299445924296e+00 3.101700874492207216e+00 4.244475363090748909e-01 1.798995760830571911e+01 9.188033370872537020e+00 6.112339636178285573e+00 3.280203806865843230e+00 4.875785128161546633e-01 1.711347400774915073e+01 9.441033767112978481e+00 6.096046007470181216e+00 3.312329017754953142e+00 5.047904066818115210e-01 2.204303453797642831e+01 9.927614739100782515e+00 6.274533399332928418e+00 3.309308784361313815e+00 4.788411238893559019e-01 2.064252384386622907e+01 1.038319473873194809e+01 6.265829958261127430e+00 3.325711912618958266e+00 5.130520884633681389e-01 2.048209254637048460e+01 1.048181121242202352e+01 6.222463332378579182e+00 3.290971301806210558e+00 5.287527860608541852e-01 2.187526649980121007e+01 1.041902729869655708e+01 6.289060779196983475e+00 3.310453495829396520e+00 4.884897740349621320e-01 2.198102593388654924e+01 1.069075795850488575e+01 6.234610965357827439e+00 3.266778069599207246e+00 5.199233663266663585e-01 2.194823836506836656e+01 1.071222171170127346e+01 6.176443951539663857e+00 3.219984861910887730e+00
0.000000000000000000e+00 1.219135824820412495e+01 1.990074238394379336e+01 6.623634908508795327e+00 1.481009450851088260e+00 -2.790566890398018529e-01 8.097954878614732621e+00 1.783343945447114365e+01 7.626781992333990345e+00 1.478585441414666857e+00 -3.747750668617368941e-01 4.216436074953116453e+00 1.578569898319141096e+01 7.683125412252385544e+00 1.386322160177052787e+00 -4.104261650155537344e-01 7.590471822621572606e+00 2.134614212192157368e+01 9.414278352244050296e+00 1.970510987863836716e+00 -3.819561641558206766e-01 5.044751748157511706e+00 1.815186913386898127e+01 9.247725585985026697e+00 1.754109704414145376e+00 -5.131552831426551275e-01 2.695262240911615592e-01 1.624877659240435790e+01 8.828277687852127187e+00 1.593370457839414778e+00 -5.955694985493151794e-01 1.041902729869655708e+01 2.114971919345299511e+01 1.018767342328472658e+01 2.085795025506425038e+00 -4.487161288128716508e-01 2.147247755507243117e+00 1.806738258978432299e+01 9.621182487339074996e+00 1.822848050362051442e+00 -6.088380922823072305e-01 -2.181797107706673788e+00 1.634740872226262098e+01 9.056860839512133055e+00 1.624383436611739562e+00
0.000000000000000000e+00 7.068320258969997383e+00 1.003013578619592394e+01 5.175405688361538026e+00 2.319061188493415582e+00 2.986453153526921755e-01 5.772157633270853516e+00 9.033795468517627825e+00 5.426358876367674000e+00 2.351725270686968017e+00 2.909874128069779853e-01 4.015149928659739409e+00 8.214964801845487941e+00 5.376518459567859232e+00 2.306363450433435602e+00 2.791111136087754963e-01 6.074083443335615229e+00 1.032846291549958018e+01 6.119560593997118048e+00 2.563981428804703810e+00 2.986716610064045763e-01 4.348422612923624087e+00 9.108561717022269022e+00 5.970741278551257025e+00 2.459501481663164402e+00 2.533872169076412106e-01 2.693371243065158627e+00 8.412444803113915626e+00 5.771121576147187682e+00 2.366175698433151009e+00 2.191841998800099778e-01 6.289060779196983475e+00 1.018767342328472658e+01 6.346425112106890865e+00 2.597486623094988900e+00 2.794620055151509908e-01 3.363060246041210011e+00 9.056594439660489826e+00 6.065899510900263358e+00 2.454653626720338266e+00 2.182818624230745685e-01 1.942735559768296927e+00 8.441319133188782686e+00 5.820633839757040739e+00 2.344419279243719956e+00
0.000000000000000000e+00 2.991697863677985847e+00 2.334120072013020408e+00 2.939910010186375988e+00 2.054251827383007711e+00 5.093774421116892270e-01 3.560468996149931620e+00 2.247140883204374440e+00 2.747108904073128244e+00 2.089579466243763672e+00 5.458089859276780142e-01 3.352905455403902835e+00 2.299671696113148478e+00 2.663513252343566950e+00 2.079642527894849824e+00 5.485764646230577579e-01 4.320770031746333117e+00 2.119163655507762201e+00 2.702038864272120477e+00 2.100021913382601912e+00 5.572598832780163436e-01 3.539212365554814888e+00 2.257788157748979341e+00 2.610338083801769127e+00 2.079576121856565596e+00 5.664564233194513410e-01 3.871473111522570676e+00 2.361158914729736935e+00 2.580148514131524351e+00 2.047070903860420010e+00 5.656158281193650605e-01 3.310453495829396520e+00 2.085795025506425038e+00 2.597486623094988900e+00 2.081216430385769200e+00 5.657269537968010464e-01 3.843110801925752273e+00 2.254553010854412065e+00 2.543663721884319884e+00 2.038822388346503978e+00 5.702804563980156116e-01 4.236941796686923389e+00 2.360274549734671101e+00 2.529222392909985295e+00 2.004973644845971403e+00
