0.000000000000000000e+00 0.000000000000000000e+00 0.000000000000000000e+00 0.000000000000000000e+00 0.000000000000000000e+00 0.000000000000000000e+00 0.000000000000000000e+00 0.000000000000000000e+00 0.000000000000000000e+00 0.000000000000000000e+00 0.000000000000000000e+00 0.000000000000000000e+00 0.000000000000000000e+00 0.000000000000000000e+00 0.000000000000000000e+00 0.000000000000000000e+00 0.000000000000000000e+00 0.000000000000000000e+00 0.000000000000000000e+00 0.000000000000000000e+00 0.000000000000000000e+00 0.000000000000000000e+00 0.000000000000000000e+00 0.000000000000000000e+00 0.000000000000000000e+00 0.000000000000000000e+00 0.000000000000000000e+00 0.000000000000000000e+00 0.000000000000000000e+00 0.000000000000000000e+00 0.000000000000000000e+00 0.000000000000000000e+00 0.000000000000000000e+00 0.000000000000000000e+00 0.000000000000000000e+00 0.000000000000000000e+00 0.000000000000000000e+00 0.000000000000000000e+00 0.000000000000000000e+00 0.000000000000000000e+00 0.000000000000000000e+00 0.000000000000000000e+00 0.000000000000000000e+00 0.000000000000000000e+00 0.000000000000000000e+00
0.000000000000000000e+00 9.946507604717275797e+00 1.473607626045123098e+01 8.898889272846378873e+00 2.878717257194698842e+00 -3.690540560880869458e-01 1.365324609114532350e+01 1.347864428175785001e+01 8.814094402151376073e+00 3.018947418346972889e+00 -9.103600801448061830e-01 1.078736923505691614e+01 1.250807232849385286e+01 8.567865600635956369e+00 2.975173803434993491e+00 -1.234555205834611424e+00 1.590547713029821075e+01 1.533177278899820450e+01 9.821178108809428764e+00 3.322974760874173317e+00 -2.224728490642263079e+00 1.138852530658138384e+01 1.368127484159720630e+01 9.347348774748073907e+00 3.208598168505504056e+00 -5.132380895744317328e+00 9.178274507078006295e+00 1.275370532020079040e+01 8.986995838503284872e+00 3.092278197787622140e+00 -4.182605093840409793e+00 1.357100913265371034e+01 1.507024249210035904e+01 1.005611128655526088e+01 3.430021523841400910e+00 -5.699916540099986939e+00 9.780772134158302933e+00 1.350665404658338176e+01 9.451400676410250057e+00 3.221545547111641206e+00 -7.695247871408320783e+00 8.100013451534849196e+00 1.264992200413297674e+01 9.049109221630660116e+00 3.080599990083944917e+00
0.000000000000000000e+00 1.473607626045123098e+01 2.470380970784730579e+01 1.504758939001257545e+01 5.013403417365780435e+00 -7.844414672211419415e+00 2.083649820133400965e+01 2.195507670143802059e+01 1.465625949326605237e+01 5.199179456939794441e+00 -7.660584004630318411e+00 1.541958010721944916e+01 2.002706915305641644e+01 1.412493423089848221e+01 5.089669610220649787e+00 -1.087232040689136525e+01 2.469338715722457422e+01 2.525762527526157797e+01 1.649592937830890449e+01 5.776053337617311101e+00 -1.107356659870287174e+01 1.607147336196223719e+01 2.199503690740369422e+01 1.550650932137381943e+01 5.523680396618207311e+00 -1.632943655786898063e+01 1.187933396001993991e+01 2.022059885470924456e+01 1.481412233630947028e+01 5.296795661709482239e+00 -1.620993254128810790e+01 2.005897647632590619e+01 2.459287113283291148e+01 1.685545367293372720e+01 5.957860933962439987e+00 -1.805242643554285920e+01 1.282469858850545563e+01 2.158523531547597685e+01 1.568449010738227400e+01 5.551847276483946381e+00 -2.174402846159507163e+01 9.637335227243191582e+00 1.998020464693933462e+01 1.493467858657660408e+01 5.287648214623975385e+00
0.000000000000000000e+00 8.898889272846378873e+00 1.504758939001257545e+01 9.436065636950718982e+00 3.347214847001311888e+00 -4.323334695677920614e+00 1.252774141353197024e+01 1.333735019097157171e+01 9.156569889672153906e+00 3.448441863972956600e+00 -4.332758131048321637e+00 9.326307644462612956e+00 1.217234127316105408e+01 8.822880432565865405e+00 3.376773831286426386e+00 -6.092811135835799696e+00 1.479217126623066214e+01 1.528031523477092790e+01 1.024903944579446780e+01 3.793375893970602597e+00 -6.356058981264032681e+00 9.705197009501008054e+00 1.332299625349705252e+01 9.635361832628964507e+00 3.631862498799575345e+00 -9.447044345587984893e+00 7.247811991684279143e+00 1.226863570293593142e+01 9.214976667571933788e+00 3.489477879901104806e+00 -9.338388205509891904e+00 1.204291925257605911e+01 1.485369602634221664e+01 1.043490508034168940e+01 3.890522120071351786e+00 -1.047114741680158723e+01 7.802272579891448956e+00 1.306770012826775229e+01 9.724730483950603244e+00 3.636393464091420391e+00 -1.263646785898888503e+01 5.941722210817824923e+00 1.212265758601655818e+01 9.273878390811018946e+00 3.471363278336017544e+00
0.000000000000000000e+00 2.878717257194698842e+00 5.013403417365780435e+00 3.347214847001311888e+00 1.353441704806860546e+00 -1.112863122582398834e+00 4.055719714717273661e+00 4.414170500467863079e+00 3.218345735075482494e+00 1.374966112389657047e+00 -1.195365439471195002e+00 3.055828109617912514e+00 4.031741592341425040e+00 3.097885750381596193e+00 1.345952258513123390e+00 -1.637899134966415815e+00 4.758992909040347996e+00 5.017257276008643352e+00 3.563898434685493388e+00 1.486075412909783511e+00 -1.805332240939377275e+00 3.177478618069682792e+00 4.385092934855356006e+00 3.348599205344350072e+00 1.424245655884428086e+00 -2.764567924130007182e+00 2.424314966636204272e+00 4.051850809526587938e+00 3.208558684180905729e+00 1.372768036289802707e+00 -2.697937881910925206e+00 3.899928487849626091e+00 4.862176346484675449e+00 3.601101773415719354e+00 1.507214595980368221e+00 -3.069106326628356030e+00 2.600911892058078934e+00 4.298190183926711150e+00 3.364899797581974550e+00 1.415823342987601485e+00 -3.740535875177712466e+00 2.035478150361551997e+00 4.005108397633057926e+00 3.218265569465112108e+00 1.357101980884678483e+00
0.000000000000000000e+00 -3.690540560880869458e-01 -7.844414672211419415e+00 -4.323334695677920614e+00 -1.112863122582398834e+00 2.951916326050237771e+01 -3.202191555549024904e-01 -5.217511807222406262e+00 -3.670180364933662620e+00 -1.118618242125724027e+00 2.560900153851049765e+01 3.675067444574540154e+00 -3.681382570026403567e+00 -3.194479817847053038e+00 -1.004163285430709207e+00 3.675665961599023746e+01 -1.572841583435804935e+00 -6.928303073858218752e+00 -4.764625822719283477e+00 -1.535513318521378734e+00 3.227619035322386054e+01 5.097355743576803988e+00 -4.310938399814816080e+00 -3.932173044995774358e+00 -1.323203994286249241e+00 3.500695302818563448e+01 8.259903468684067107e+00 -3.005622575654585571e+00 -3.453352467015570415e+00 -1.172802080246445167e+00 4.057386886161123130e+01 2.875529204717883314e+00 -5.990112916474806148e+00 -4.881242941656353196e+00 -1.674830406109340419e+00 3.914954001054531574e+01 8.496006548057966512e+00 -3.729487923655794734e+00 -4.056161985175664952e+00 -1.411282767334762545e+00 4.114223141119136073e+01 1.086202678845056901e+01 -2.623833970931674031e+00 -3.580282435377356354e+00 -1.257629770441762718e+00
0.000000000000000000e+00 1.365324609114532350e+01 2.083649820133400965e+01 1.252774141353197024e+01 4.055719714717273661e+00 -3.202191555549024904e-01 1.941176025306468844e+01 1.901113253097808453e+01 1.236995403253682291e+01 4.236767452896388342e+00 -1.005217847467409609e+00 1.530029556263501789e+01 1.761688559733071102e+01 1.200703881619129199e+01 4.168512174006179904e+00 -1.383518866383506962e+00 2.275842542559102810e+01 2.171073144336770966e+01 1.382423933206376532e+01 4.673243579472752707e+00 -2.554931637323749616e+00 1.628250541999309320e+01 1.934036793072899840e+01 1.312879255523675148e+01 4.500230142174938663e+00 -6.848652388263777091e+00 1.309542227679349757e+01 1.800641623720927953e+01 1.260774208480805569e+01 4.331938889316752750e+00 -5.368216801659872139e+00 1.951147620946213124e+01 2.137334445524126281e+01 1.416086081696751364e+01 4.820596496661996078e+00 -7.432986229066743000e+00 1.405303930557481351e+01 1.912186781927742985e+01 1.328292788804263758e+01 4.517646224077179973e+00 -1.043743434707701034e+01 1.161179525473509955e+01 1.788246804091356523e+01 1.270344832112832734e+01 4.315729481942125467e+00
0.000000000000000000e+00 1.347864428175785001e+01 2.195507670143802059e+01 1.333735019097157171e+01 4.414170500467863079e+00 -5.217511807222406262e+00 1.901113253097808453e+01 1.966605398384498926e+01 1.304666060524024829e+01 4.587865136769211816e+00 -5.315513715596589250e+00 1.433952558752860895e+01 1.802393409227659404e+01 1.260320290256537490e+01 4.498742929987165518e+00 -7.500291759126249680e+00 2.244393410678218359e+01 2.256602407770406415e+01 1.464798840953437953e+01 5.082922914912154866e+00 -8.017738186913955900e+00 1.503139524031070096e+01 1.978494621762288830e+01 1.381563789027399025e+01 4.872163676777910624e+00 -1.262231663401737158e+01 1.141929227727532670e+01 1.825953413250719137e+01 1.322156317656951074e+01 4.678331371066658306e+00 -1.212560040398014749e+01 1.851880485425873246e+01 2.203903267104933761e+01 1.497800775871361267e+01 5.241807872461160756e+00 -1.393711368682448537e+01 1.229961850936135015e+01 1.945750868301465886e+01 1.397460574750797591e+01 4.894335422486118858e+00 -1.716607768270374734e+01 9.550321703959287589e+00 1.806885815723693867e+01 1.332630524244183157e+01 4.666591866841252489e+00
0.000000000000000000e+00 8.814094402151376073e+00 1.465625949326605237e+01 9.156569889672153906e+00 3.218345735075482494e+00 -3.670180364933662620e+00 1.236995403253682291e+01 1.304666060524024829e+01 8.909783235781688404e+00 3.321969542319280766e+00 -3.759834079409171359e+00 9.294503354064611145e+00 1.193523577899878774e+01 8.596382197426132521e+00 3.255876140676460473e+00 -5.269057751246310595e+00 1.457758634579827728e+01 1.493004830019589235e+01 9.964112246782757865e+00 3.652065556238795363e+00 -5.638255731615812394e+00 9.698063966201919683e+00 1.306136956358488987e+01 9.384836134216822501e+00 3.500810759544260353e+00 -8.628214355136350378e+00 7.337709009290279916e+00 1.204995845851295400e+01 8.982966816695753920e+00 3.365476094043873712e+00 -8.398159775527465953e+00 1.195793701376994811e+01 1.453604190128070606e+01 1.015218761176049256e+01 3.747245803659051688e+00 -9.565785264146759559e+00 7.889541294272413907e+00 1.282453879308677003e+01 9.473870413582082151e+00 3.505451103032428239e+00 -1.165719294921775351e+01 6.101490238750399087e+00 1.191499716626149308e+01 9.040715087695549101e+00 3.347708184889775396e+00
0.000000000000000000e+00 3.018947418346972889e+00 5.199179456939794441e+00 3.448441863972956600e+00 1.374966112389657047e+00 -1.118618242125724027e+00 4.236767452896388342e+00 4.587865136769211816e+00 3.321969542319280766e+00 1.399522819581676236e+00 -1.207457657150165620e+00 3.199852151818131762e+00 4.193803467941408236e+00 3.199523380624484936e+00 1.370532374429722644e+00 -1.655889647649638530e+00 4.968676529086376803e+00 5.215096854933138459e+00 3.680511104725282756e+00 1.514367065703684512e+00 -1.838897915022674967e+00 3.328607761219891881e+00 4.562640933597270632e+00 3.460830969355005227e+00 1.452007919239017841e+00 -2.834940477785235391e+00 2.546371123825187599e+00 4.217515209384983699e+00 3.316637705520986135e+00 1.399492813972403882e+00 -2.755405639125073414e+00 4.078712191148372135e+00 5.057463405119008826e+00 3.722250370792049345e+00 1.537620975147521607e+00 -3.150065460403617124e+00 2.729875971414334135e+00 4.473590426955625254e+00 3.479157877399970289e+00 1.444342795470546115e+00 -3.845899736332676788e+00 2.142289638260956419e+00 4.169344718717393761e+00 3.327573376818102613e+00 1.384207597114488930e+00
0.000000000000000000e+00 -9.103600801448061830e-01 -7.660584004630318411e+00 -4.332758131048321637e+00 -1.195365439471195002e+00 2.560900153851049765e+01 -1.005217847467409609e+00 -5.315513715596589250e+00 -3.759834079409171359e+00 -1.207457657150165620e+00 2.242437109670381545e+01 2.602061876078597180e+00 -3.937101250952011799e+00 -3.336454270228471408e+00 -1.106518157079950493e+00 3.202357567892340029e+01 -2.148217526416837941e+00 -6.863739065240408443e+00 -4.746038344528098030e+00 -1.578977110962372254e+00 2.843103832210206861e+01 3.862524972864190165e+00 -4.516005383712892396e+00 -4.002320223263271970e+00 -1.389492376042693378e+00 3.091494515174173330e+01 6.696949449310451108e+00 -3.345098019231066644e+00 -3.571566739225386478e+00 -1.253409729176988341e+00 3.575250094551689983e+01 1.872344498321701245e+00 -6.016152530737128856e+00 -4.847167204583582745e+00 -1.700369390500766631e+00 3.462723060353481230e+01 6.909030912491272325e+00 -3.988125658781041860e+00 -4.105162245197171877e+00 -1.461493576803679861e+00 3.641184647345686187e+01 9.020023084012002812e+00 -2.995988942833492263e+00 -3.675977213881016059e+00 -1.321137343758578497e+00
0.000000000000000000e+00 1.078736923505691614e+01 1.541958010721944916e+01 9.326307644462612956e+00 3.055828109617912514e+00 3.675067444574540154e+00 1.530029556263501789e+01 1.433952558752860895e+01 9.294503354064611145e+00 3.199852151818131762e+00 2.602061876078597180e+00 1.259285579304572344e+01 1.344852441837119628e+01 9.074041702960952804e+00 3.162144264195200449e+00 3.793802680789422066e+00 1.776373273208730907e+01 1.623646358018040914e+01 1.029260489056106387e+01 3.487187882200939448e+00 2.242415786491143148e+00 1.355171105892740790e+01 1.472230711132296577e+01 9.858854609730274277e+00 3.380430588290079363e+00 -7.666869445792808824e-01 1.146442988077296832e+01 1.384720644681186741e+01 9.513390597912421143e+00 3.268314797486783441e+00 1.145699961697977720e+00 1.579385044921062331e+01 1.609636941612115635e+01 1.054267820778826525e+01 3.584820708017564694e+00 -6.913500610606154728e-01 1.224733625830737616e+01 1.462732651628977543e+01 9.963253481369143572e+00 3.382071735717487204e+00 -2.784036588654395405e+00 1.064258696391676295e+01 1.379968915348947256e+01 9.571055239840887907e+00 3.243728836742143518e+00
0.000000000000000000e+00 1.250807232849385286e+01 2.002706915305641644e+01 1.217234127316105408e+01 4.031741592341425040e+00 -3.681382570026403567e+00 1.761688559733071102e+01 1.802393409227659404e+01 1.193523577899878774e+01 4.193803467941408236e+00 -3.937101250952011799e+00 1.344852441837119628e+01 1.656877340017392086e+01 1.154614238780773228e+01 4.116705867069419433e+00 -5.516187548664274409e+00 2.074286785056398230e+01 2.064087408384408562e+01 1.337263661818480820e+01 4.634314587408735697e+00 -6.197038121511910802e+00 1.414335781906447664e+01 1.817620602260332063e+01 1.263903986741784813e+01 4.449022031724498838e+00 -1.034812369001565102e+01 1.092457811235477827e+01 1.681787993519188973e+01 1.210967347779782166e+01 4.276308525355593027e+00 -9.664914659079039794e+00 1.728227176858230152e+01 2.019429084900665927e+01 1.367522749877912069e+01 4.776064840519330446e+00 -1.141342094783007788e+01 1.174832803159342909e+01 1.789762120093100251e+01 1.278180067254498908e+01 4.466143523524086056e+00 -1.432065008827424180e+01 9.297553827046247221e+00 1.665664389281904434e+01 1.220171815857146669e+01 4.262111824035692997e+00
0.000000000000000000e+00 8.567865600635956369e+00 1.412493423089848221e+01 8.822880432565865405e+00 3.097885750381596193e+00 -3.194479817847053038e+00 1.200703881619129199e+01 1.260320290256537490e+01 8.596382197426132521e+00 3.199523380624484936e+00 -3.336454270228471408e+00 9.074041702960952804e+00 1.154614238780773228e+01 8.300350187630634480e+00 3.137570582471442382e+00 -4.657190532578675324e+00 1.413096955510348707e+01 1.440837487277534557e+01 9.604501268191494745e+00 3.513524731561467274e+00 -5.085965218889815453e+00 9.482554841274229318e+00 1.263111294095014969e+01 9.056013030758260030e+00 3.370606503489204098e+00 -7.949349524743007045e+00 7.233400492194668630e+00 1.166724350656479636e+01 8.673298622753849330e+00 3.241852505926226424e+00 -7.653434789858833298e+00 1.164532124490310316e+01 1.403936510738544108e+01 9.787078880978965501e+00 3.604305756684539119e+00 -8.813126535144919060e+00 7.771440778292271645e+00 1.240922552737177931e+01 9.141339863701965385e+00 3.374124608836458705e+00 -1.081440474334959134e+01 6.067600588656613780e+00 1.154127642785489449e+01 8.727920370394279814e+00 3.223623399206823947e+00
0.000000000000000000e+00 2.975173803434993491e+00 5.089669610220649787e+00 3.376773831286426386e+00 1.345952258513123390e+00 -1.004163285430709207e+00 4.168512174006179904e+00 4.498742929987165518e+00 3.255876140676460473e+00 1.370532374429722644e+00 -1.106518157079950493e+00 3.162144264195200449e+00 4.116705867069419433e+00 3.137570582471442382e+00 1.342647308038100507e+00 -1.509875980963941933e+00 4.883163991896986467e+00 5.109577623282199887e+00 3.604552097791563270e+00 1.481788432825834390e+00 -1.709361794838185400e+00 3.292804262363366430e+00 4.477209587851141315e+00 3.392062981457800053e+00 1.421542960559048829e+00 -2.678664581413746415e+00 2.534367498599059410e+00 4.142357336164565140e+00 3.252139099076750917e+00 1.370595781470249852e+00 -2.581786170706589001e+00 4.022296713970606064e+00 4.957780228478379847e+00 3.645569925216811225e+00 1.504265621850062296e+00 -2.977199828522125724e+00 2.715205415186697557e+00 4.391542009014078651e+00 3.409751190780494490e+00 1.413735515801897602e+00 -3.653738968080963545e+00 2.145629184622592334e+00 4.096192974571523315e+00 3.262466708794356851e+00 1.355281320261517708e+00
0.000000000000000000e+00 -1.234555205834611424e+00 -1.087232040689136525e+01 -6.092811135835799696e+00 -1.637899134966415815e+00 3.675665961599023746e+01 -1.383518866383506962e+00 -7.500291759126249680e+00 -5.269057751246310595e+00 -1.655889647649638530e+00 3.202357567892340029e+01 3.793802680789422066e+00 -5.516187548664274409e+00 -4.657190532578675324e+00 -1.509875980963941933e+00 4.590382191191181960e+01 -3.058616674005558256e+00 -9.741195424941873071e+00 -6.698023111523807138e+00 -2.197343433019921743e+00 4.053225206651016777e+01 5.574044383191854024e+00 -6.360952972479208434e+00 -5.624681417614198153e+00 -1.924209766880975225e+00 4.411585752789229531e+01 9.660188679846832827e+00 -4.671457001564746747e+00 -5.001956063167737554e+00 -1.727622090177496794e+00 5.103785551941328436e+01 2.690709234633217317e+00 -8.533540556196507865e+00 -6.851911909964855774e+00 -2.378124713175437055e+00 4.939198563139833453e+01 9.951387794239984430e+00 -5.608982212382660926e+00 -5.780397571645202959e+00 -2.033683174097693502e+00 5.197538010695055277e+01 1.300300031987897320e+01 -4.176171929458365462e+00 -5.159232583896278257e+00 -1.830994777485348557e+00
0.000000000000000000e+00 1.590547713029821075e+01 2.469338715722457422e+01 1.479217126623066214e+01 4.758992909040347996e+00 -1.572841583435804935e+00 2.275842542559102810e+01 2.244393410678218359e+01 1.457758634579827728e+01 4.968676529086376803e+00 -2.148217526416837941e+00 1.776373273208730907e+01 2.074286785056398230e+01 1.413096955510348707e+01 4.883163991896986467e+00 -3.058616674005558256e+00 2.678338727417571619e+01 2.570530659657594441e+01 1.633810662899976407e+01 5.499563953114127379e+00 -4.140303484079372431e+00 1.890300894323913283e+01 2.281324271763861589e+01 1.548585805707080887e+01 5.286669457860907251e+00 -9.331702676159656207e+00 1.501868206063796407e+01 2.118946747093966465e+01 1.485318283224308367e+01 5.083053038133004797e+00 -7.776914280192278817e+00 2.282362331618093521e+01 2.528868898495676731e+01 1.674512093170343263e+01 5.678937847613141798e+00 -1.012193120408824498e+01 1.616712951908547780e+01 2.254657363088256616e+01 1.567799803804211045e+01 5.312355129042410695e+00 -1.377606927684804283e+01 1.318671235451998847e+01 2.103938943220929048e+01 1.497635750277342304e+01 5.069467173002799143e+00
0.000000000000000000e+00 1.533177278899820450e+01 2.525762527526157797e+01 1.528031523477092790e+01 5.017257276008643352e+00 -6.928303073858218752e+00 2.171073144336770966e+01 2.256602407770406415e+01 1.493004830019589235e+01 5.215096854933138459e+00 -6.863739065240408443e+00 1.623646358018040914e+01 2.064087408384408562e+01 1.440837487277534557e+01 5.109577623282199887e+00 -9.741195424941873071e+00 2.570530659657594441e+01 2.595308998959022873e+01 1.680271235773874849e+01 5.796240576399669386e+00 -1.011592022994774531e+01 1.700774604499574139e+01 2.269100448464278230e+01 1.582535006894328866e+01 5.548733834245382468e+00 -1.549585499561253066e+01 1.276361367458634000e+01 2.090227214095533981e+01 1.513026362384903400e+01 5.322816241757253763e+00 -1.508274858735484791e+01 2.109253338398390909e+01 2.533638522202162591e+01 1.719181742556990145e+01 5.984625955004698739e+00 -1.710079564882322600e+01 1.378182770715139682e+01 2.230819254675622787e+01 1.601731065795763698e+01 5.579688570987662466e+00 -2.088572462267618590e+01 1.054739214706363626e+01 2.067934165058626306e+01 1.525955563446583696e+01 5.315077119577303222e+00
0.000000000000000000e+00 9.821178108809428764e+00 1.649592937830890449e+01 1.024903944579446780e+01 3.563898434685493388e+00 -4.764625822719283477e+00 1.382423933206376532e+01 1.464798840953437953e+01 9.964112246782757865e+00 3.680511104725282756e+00 -4.746038344528098030e+00 1.029260489056106387e+01 1.337263661818480820e+01 9.604501268191494745e+00 3.604552097791563270e+00 -6.698023111523807138e+00 1.633810662899976407e+01 1.680271235773874849e+01 1.117216315005314620e+01 4.060458356452777195e+00 -6.968833923072117464e+00 1.072574810285152402e+01 1.465611385705007663e+01 1.050800908226810826e+01 3.887573187201307956e+00 -1.038998925118467653e+01 8.006551202198517458e+00 1.349398984307827298e+01 1.004790521023784322e+01 3.733528606402203298e+00 -1.024372501041671946e+01 1.331735865703731214e+01 1.635132682042741337e+01 1.139193676453371573e+01 4.172591192150756356e+00 -1.151625451806056333e+01 8.627475919821272043e+00 1.438406131892420881e+01 1.061512254732212668e+01 3.897446658445506973e+00 -1.391500181116875723e+01 6.564885571426932742e+00 1.333834846772526106e+01 1.011933744135605551e+01 3.718313646908224079e+00
0.000000000000000000e+00 3.322974760874173317e+00 5.776053337617311101e+00 3.793375893970602597e+00 1.486075412909783511e+00 -1.535513318521378734e+00 4.673243579472752707e+00 5.082922914912154866e+00 3.652065556238795363e+00 1.514367065703684512e+00 -1.578977110962372254e+00 3.487187882200939448e+00 4.634314587408735697e+00 3.513524731561467274e+00 1.481788432825834390e+00 -2.197343433019921743e+00 5.499563953114127379e+00 5.796240576399669386e+00 4.060458356452777195e+00 1.646173229913985958e+00 -2.335433135871116672e+00 3.618412970130592488e+00 5.051368720506223653e+00 3.811650920097632511e+00 1.576267619091869410e+00 -3.468374122791274772e+00 2.718695587700556526e+00 4.656705826410147964e+00 3.648013410558296421e+00 1.517344567450918946e+00 -3.434282928270831370e+00 4.473608756738067349e+00 5.617281108097302855e+00 4.111478689075891424e+00 1.675185382377105903e+00 -3.854676490561898206e+00 2.920262067717887433e+00 4.949102982970742914e+00 3.835541800748428098e+00 1.570596419841320035e+00 -4.647322635506618838e+00 2.243121140985052886e+00 4.600527724532649465e+00 3.663306756494733030e+00 1.503218782548521926e+00
0.000000000000000000e+00 -2.224728490642263079e+00 -1.107356659870287174e+01 -6.356058981264032681e+00 -1.805332240939377275e+00 3.227619035322386054e+01 -2.554931637323749616e+00 -8.017738186913955900e+00 -5.638255731615812394e+00 -1.838897915022674967e+00 2.843103832210206861e+01 2.242415786491143148e+00 -6.197038121511910802e+00 -5.085965218889815453e+00 -1.709361794838185400e+00 4.053225206651016777e+01 -4.140303484079372431e+00 -1.011592022994774531e+01 -6.968833923072117464e+00 -2.335433135871116672e+00 3.632178927981875916e+01 3.836636954948972722e+00 -7.016864921390878251e+00 -5.995207295790291546e+00 -2.089014961722546637e+00 3.967533355589615240e+01 7.594068163050871512e+00 -5.462146995118930981e+00 -5.420914047245319445e+00 -1.906976163106727906e+00 4.571859318669764605e+01 1.182123260104962048e+00 -9.013999366797067481e+00 -7.118751629823437455e+00 -2.500735980577603268e+00 4.455202107984126059e+01 7.851904014763534612e+00 -6.326506881312283781e+00 -6.132956668345669549e+00 -2.181444149343622296e+00 4.692512443768944763e+01 1.064502546482018452e+01 -5.004603960211933433e+00 -5.556194382211787186e+00 -1.990874699512064527e+00
0.000000000000000000e+00 1.138852530658138384e+01 1.607147336196223719e+01 9.705197009501008054e+00 3.177478618069682792e+00 5.097355743576803988e+00 1.628250541999309320e+01 1.503139524031070096e+01 9.698063966201919683e+00 3.328607761219891881e+00 3.862524972864190165e+00 1.355171105892740790e+01 1.414335781906447664e+01 9.482554841274229318e+00 3.292804262363366430e+00 5.574044383191854024e+00 1.890300894323913283e+01 1.700774604499574139e+01 1.072574810285152402e+01 3.618412970130592488e+00 3.836636954948972722e+00 1.467851734804077601e+01 1.549960780301274355e+01 1.029741082538972030e+01 3.512733417815784520e+00 7.043703747610179366e-01 1.256898690276915964e+01 1.461599973144152820e+01 9.947916343646975079e+00 3.399695153092497257e+00 3.021581095599753741e+00 1.701876644603976274e+01 1.691631249461719477e+01 1.099537602628781841e+01 3.717042257865364352e+00 1.011773158431855224e+00 1.345103240224862517e+01 1.543720959569612639e+01 1.040979672933050360e+01 3.511866330177868090e+00 -1.183749272789156093e+00 1.181972932202636173e+01 1.459313217415710540e+01 1.000964079582941757e+01 3.371247623115044334e+00
0.000000000000000000e+00 1.368127484159720630e+01 2.199503690740369422e+01 1.332299625349705252e+01 4.385092934855356006e+00 -4.310938399814816080e+00 1.934036793072899840e+01 1.978494621762288830e+01 1.306136956358488987e+01 4.562640933597270632e+00 -4.516005383712892396e+00 1.472230711132296577e+01 1.817620602260332063e+01 1.263111294095014969e+01 4.477209587851141315e+00 -6.360952972479208434e+00 2.281324271763861589e+01 2.269100448464278230e+01 1.465611385705007663e+01 5.051368720506223653e+00 -7.016864921390878251e+00 1.549960780301274355e+01 1.996548087661520654e+01 1.384524522811736524e+01 4.846534894794860548e+00 -1.162526541087082066e+01 1.192531772872619733e+01 1.846040536647759467e+01 1.325952554219278134e+01 4.656103956843738345e+00 -1.089189246734156313e+01 1.899185915124478541e+01 2.221028141048509852e+01 1.499783196875139346e+01 5.210219502262968483e+00 -1.280736410795371860e+01 1.284856919474844439e+01 1.966599457100325665e+01 1.400932629546205810e+01 4.868407560523954736e+00 -1.604571017877523786e+01 1.012259643335023185e+01 1.828819530375270830e+01 1.336703251818248717e+01 4.643650015084750393e+00
0.000000000000000000e+00 9.347348774748073907e+00 1.550650932137381943e+01 9.635361832628964507e+00 3.348599205344350072e+00 -3.932173044995774358e+00 1.312879255523675148e+01 1.381563789027399025e+01 9.384836134216822501e+00 3.460830969355005227e+00 -4.002320223263271970e+00 9.858854609730274277e+00 1.263903986741784813e+01 9.056013030758260030e+00 3.392062981457800053e+00 -5.624681417614198153e+00 1.548585805707080887e+01 1.582535006894328866e+01 1.050800908226810826e+01 3.811650920097632511e+00 -5.995207295790291546e+00 1.029741082538972030e+01 1.384524522811736524e+01 9.898857618920715140e+00 3.653461225248059829e+00 -9.181667171441247888e+00 7.782516998267984931e+00 1.277013643520343145e+01 9.473446797975080713e+00 3.511168412801455307e+00 -8.925267426390384173e+00 1.270921153964815709e+01 1.541833868129656615e+01 1.071661765986779891e+01 3.915534014742557467e+00 -1.017779563349567518e+01 8.376292322386969857e+00 1.359993622288917869e+01 9.998847098346479001e+00 3.661183687762637362e+00 -1.240965550042990095e+01 6.468535898537163931e+00 1.263067676143349871e+01 9.539044846895150087e+00 3.495054449795917506e+00
0.000000000000000000e+00 3.208598168505504056e+00 5.523680396618207311e+00 3.631862498799575345e+00 1.424245655884428086e+00 -1.323203994286249241e+00 4.500230142174938663e+00 4.872163676777910624e+00 3.500810759544260353e+00 1.452007919239017841e+00 -1.389492376042693378e+00 3.380430588290079363e+00 4.449022031724498838e+00 3.370606503489204098e+00 1.421542960559048829e+00 -1.924209766880975225e+00 5.286669457860907251e+00 5.548733834245382468e+00 3.887573187201307956e+00 1.576267619091869410e+00 -2.089014961722546637e+00 3.512733417815784520e+00 4.846534894794860548e+00 3.653461225248059829e+00 1.510545025010993969e+00 -3.162302656399464951e+00 2.664551346567947565e+00 4.474007345836785277e+00 3.498861931627665900e+00 1.454838210732703363e+00 -3.100057586353143435e+00 4.322121417744371641e+00 5.381297108954205655e+00 3.936316860837334897e+00 1.603478102698062902e+00 -3.516434514200868389e+00 2.858787729125830790e+00 4.751001852309139295e+00 3.675765366990025651e+00 1.504560874148301863e+00 -4.266231275372329712e+00 2.220709004218859750e+00 4.421801865407477550e+00 3.512792033758122212e+00 1.440693872120022867e+00
0.000000000000000000e+00 -5.132380895744317328e+00 -1.632943655786898063e+01 -9.447044345587984893e+00 -2.764567924130007182e+00 3.500695302818563448e+01 -6.848652388263777091e+00 -1.262231663401737158e+01 -8.628214355136350378e+00 -2.834940477785235391e+00 3.091494515174173330e+01 -7.666869445792808824e-01 -1.034812369001565102e+01 -7.949349524743007045e+00 -2.678664581413746415e+00 4.411585752789229531e+01 -9.331702676159656207e+00 -1.549585499561253066e+01 -1.038998925118467653e+01 -3.468374122791274772e+00 3.967533355589615240e+01 7.043703747610179366e-01 -1.162526541087082066e+01 -9.181667171441247888e+00 -3.162302656399464951e+00 4.427682727484854297e+01 5.472947556396708713e+00 -9.649862852907617139e+00 -8.445670655008969518e+00 -2.928864460244598789e+00 5.046734085289669736e+01 -2.905162412784175086e+00 -1.424601121906225565e+01 -1.063013660652286774e+01 -3.679538580727120145e+00 4.960815225659072780e+01 5.513363990216363142e+00 -1.084329660515324711e+01 -9.369644275394813704e+00 -3.268057019462035306e+00 5.287504454735645254e+01 9.082335201455656204e+00 -9.138116390061366445e+00 -8.618331742177131716e+00 -3.018682452890357304e+00
0.000000000000000000e+00 9.178274507078006295e+00 1.187933396001993991e+01 7.247811991684279143e+00 2.424314966636204272e+00 8.259903468684067107e+00 1.309542227679349757e+01 1.141929227727532670e+01 7.337709009290279916e+00 2.546371123825187599e+00 6.696949449310451108e+00 1.146442988077296832e+01 1.092457811235477827e+01 7.233400492194668630e+00 2.534367498599059410e+00 9.660188679846832827e+00 1.501868206063796407e+01 1.276361367458634000e+01 8.006551202198517458e+00 2.718695587700556526e+00 7.594068163050871512e+00 1.256898690276915964e+01 1.192531772872619733e+01 7.782516998267984931e+00 2.664551346567947565e+00 5.472947556396708713e+00 1.132484374523897941e+01 1.140182324511585499e+01 7.570498064195499310e+00 2.595222382054536148e+00 8.130379708997207189e+00 1.413097877928948698e+01 1.282250648465102039e+01 8.205719435494097880e+00 2.777249521266085264e+00 6.293027065932697006e+00 1.206748157834921287e+01 1.195728853286112070e+01 7.853788959015741256e+00 2.650019626993729727e+00 4.816644111265966366e+00 1.109609854486085823e+01 1.143716105621373735e+01 7.600519857409906876e+00 2.558826761890797385e+00
0.000000000000000000e+00 1.275370532020079040e+01 2.022059885470924456e+01 1.226863570293593142e+01 4.051850809526587938e+00 -3.005622575654585571e+00 1.800641623720927953e+01 1.825953413250719137e+01 1.204995845851295400e+01 4.217515209384983699e+00 -3.345098019231066644e+00 1.384720644681186741e+01 1.681787993519188973e+01 1.166724350656479636e+01 4.142357336164565140e+00 -4.671457001564746747e+00 2.118946747093966465e+01 2.090227214095533981e+01 1.349398984307827298e+01 4.656705826410147964e+00 -5.462146995118930981e+00 1.461599973144152820e+01 1.846040536647759467e+01 1.277013643520343145e+01 4.474007345836785277e+00 -9.649862852907617139e+00 1.140182324511585499e+01 1.710693129325853334e+01 1.224266139738672088e+01 4.302292663998068534e+00 -8.774891380317216161e+00 1.778466197053363018e+01 2.048799805834706333e+01 1.380735662525665397e+01 4.799109603210253816e+00 -1.061786047073479189e+01 1.226749875706791926e+01 1.820186833375654345e+01 1.291773697404587473e+01 4.490634800562638418e+00 -1.355742127126332264e+01 9.815804180687953462e+00 1.695948395317101287e+01 1.233745693490279471e+01 4.287042704034175422e+00
0.000000000000000000e+00 8.986995838503284872e+00 1.481412233630947028e+01 9.214976667571933788e+00 3.208558684180905729e+00 -3.453352467015570415e+00 1.260774208480805569e+01 1.322156317656951074e+01 8.982966816695753920e+00 3.316637705520986135e+00 -3.571566739225386478e+00 9.513390597912421143e+00 1.210967347779782166e+01 8.673298622753849330e+00 3.252139099076750917e+00 -5.001956063167737554e+00 1.485318283224308367e+01 1.513026362384903400e+01 1.004790521023784322e+01 3.648013410558296421e+00 -5.420914047245319445e+00 9.947916343646975079e+00 1.325952554219278134e+01 9.473446797975080713e+00 3.498861931627665900e+00 -8.445670655008969518e+00 7.570498064195499310e+00 1.224266139738672088e+01 9.070923378761552414e+00 3.364128386905996582e+00 -8.138279280853071285e+00 1.223578318042989110e+01 1.474925123164830865e+01 1.024653793771818577e+01 3.745774467459693113e+00 -9.361574982074664319e+00 8.142008186164719774e+00 1.303004145188000962e+01 9.567559403008889518e+00 3.504837243834830307e+00 -1.147867964487760695e+01 6.338857816031268300e+00 1.211266260868935341e+01 9.131957914611355420e+00 3.347231499323953585e+00
0.000000000000000000e+00 3.092278197787622140e+00 5.296795661709482239e+00 3.489477879901104806e+00 1.372768036289802707e+00 -1.172802080246445167e+00 4.331938889316752750e+00 4.678331371066658306e+00 3.365476094043873712e+00 1.399492813972403882e+00 -1.253409729176988341e+00 3.268314797486783441e+00 4.276308525355593027e+00 3.241852505926226424e+00 1.370595781470249852e+00 -1.727622090177496794e+00 5.083053038133004797e+00 5.322816241757253763e+00 3.733528606402203298e+00 1.517344567450918946e+00 -1.906976163106727906e+00 3.399695153092497257e+00 4.656103956843738345e+00 3.511168412801455307e+00 1.454838210732703363e+00 -2.928864460244598789e+00 2.595222382054536148e+00 4.302292663998068534e+00 3.364128386905996582e+00 1.401755333004734316e+00 -2.850037661155951252e+00 4.169815056146979337e+00 5.164301797761730484e+00 3.779634399567960212e+00 1.542760286585246998e+00 -3.257177400461419570e+00 2.782605864282820640e+00 4.565905312914895653e+00 3.531879714416643168e+00 1.448470272786905655e+00 -3.970590055027351184e+00 2.177662686272817005e+00 4.253248396492813832e+00 3.376802723337136936e+00 1.387535694754012061e+00
0.000000000000000000e+00 -4.182605093840409793e+00 -1.620993254128810790e+01 -9.338388205509891904e+00 -2.697937881910925206e+00 4.057386886161123130e+01 -5.368216801659872139e+00 -1.212560040398014749e+01 -8.398159775527465953e+00 -2.755405639125073414e+00 3.575250094551689983e+01 1.145699961697977720e+00 -9.664914659079039794e+00 -7.653434789858833298e+00 -2.581786170706589001e+00 5.103785551941328436e+01 -7.776914280192278817e+00 -1.508274858735484791e+01 -1.024372501041671946e+01 -3.434282928270831370e+00 4.571859318669764605e+01 3.021581095599753741e+00 -1.089189246734156313e+01 -8.925267426390384173e+00 -3.100057586353143435e+00 5.046734085289669736e+01 8.130379708997207189e+00 -8.774891380317216161e+00 -8.138279280853071285e+00 -2.850037661155951252e+00 5.792070637185071291e+01 -7.125446798414344363e-01 -1.364906718521983287e+01 -1.046538305892735465e+01 -3.659318469262992313e+00 5.657720471845008348e+01 8.339151656667551649e+00 -9.992832399773257990e+00 -9.115042278858595637e+00 -3.219853153934037593e+00 5.993666009859965271e+01 1.215035665546426991e+01 -8.181703552625778642e+00 -8.319611860757635924e+00 -2.955954018211967238e+00
0.000000000000000000e+00 1.357100913265371034e+01 2.005897647632590619e+01 1.204291925257605911e+01 3.899928487849626091e+00 2.875529204717883314e+00 1.951147620946213124e+01 1.851880485425873246e+01 1.195793701376994811e+01 4.078712191148372135e+00 1.872344498321701245e+00 1.579385044921062331e+01 1.728227176858230152e+01 1.164532124490310316e+01 4.022296713970606064e+00 2.690709234633217317e+00 2.282362331618093521e+01 2.109253338398390909e+01 1.331735865703731214e+01 4.473608756738067349e+00 1.182123260104962048e+00 1.701876644603976274e+01 1.899185915124478541e+01 1.270921153964815709e+01 4.322121417744371641e+00 -2.905162412784175086e+00 1.413097877928948698e+01 1.778466197053363018e+01 1.223578318042989110e+01 4.169815056146979337e+00 -7.125446798414344363e-01 2.009758314803362467e+01 2.089057674033807999e+01 1.365788533142546335e+01 4.607597159922703689e+00 -2.944572417160972400e+00 1.518573397568604477e+01 1.886186700464462973e+01 1.286180826554075374e+01 4.331956322763051759e+00 -5.830469089673521843e+00 1.295598981916186432e+01 1.772263219104937093e+01 1.232778541683306095e+01 4.146503242835985148e+00
0.000000000000000000e+00 1.507024249210035904e+01 2.459287113283291148e+01 1.485369602634221664e+01 4.862176346484675449e+00 -5.990112916474806148e+00 2.137334445524126281e+01 2.203903267104933761e+01 1.453604190128070606e+01 5.057463405119008826e+00 -6.016152530737128856e+00 1.609636941612115635e+01 2.019429084900665927e+01 1.403936510738544108e+01 4.957780228478379847e+00 -8.533540556196507865e+00 2.528868898495676731e+01 2.533638522202162591e+01 1.635132682042741337e+01 5.617281108097302855e+00 -9.013999366797067481e+00 1.691631249461719477e+01 2.221028141048509852e+01 1.541833868129656615e+01 5.381297108954205655e+00 -1.424601121906225565e+01 1.282250648465102039e+01 2.048799805834706333e+01 1.474925123164830865e+01 5.164301797761730484e+00 -1.364906718521983287e+01 2.089057674033807999e+01 2.477435237361428477e+01 1.673884829492022064e+01 5.800174044215066438e+00 -1.569890913091250084e+01 1.384789597860888044e+01 2.186115612506745265e+01 1.560898099559985397e+01 5.410884748255750942e+00 -1.938555195221147187e+01 1.072359650279586418e+01 2.028675524551854892e+01 1.487709925615206608e+01 5.155910098684099552e+00
0.000000000000000000e+00 1.005611128655526088e+01 1.685545367293372720e+01 1.043490508034168940e+01 3.601101773415719354e+00 -4.881242941656353196e+00 1.416086081696751364e+01 1.497800775871361267e+01 1.015218761176049256e+01 3.722250370792049345e+00 -4.847167204583582745e+00 1.054267820778826525e+01 1.367522749877912069e+01 9.787078880978965501e+00 3.645569925216811225e+00 -6.851911909964855774e+00 1.674512093170343263e+01 1.719181742556990145e+01 1.139193676453371573e+01 4.111478689075891424e+00 -7.118751629823437455e+00 1.099537602628781841e+01 1.499783196875139346e+01 1.071661765986779891e+01 3.936316860837334897e+00 -1.063013660652286774e+01 8.205719435494097880e+00 1.380735662525665397e+01 1.024653793771818577e+01 3.779634399567960212e+00 -1.046538305892735465e+01 1.365788533142546335e+01 1.673884829492022064e+01 1.162381131150954516e+01 4.228377979812196763e+00 -1.178196606027039550e+01 8.848144127379931945e+00 1.472439974191383172e+01 1.083042938015919354e+01 3.948433464603068099e+00 -1.424616104814959172e+01 6.730115398909775060e+00 1.365128438342818384e+01 1.032289289523285447e+01 3.766000526889088817e+00
0.000000000000000000e+00 3.430021523841400910e+00 5.957860933962439987e+00 3.890522120071351786e+00 1.507214595980368221e+00 -1.674830406109340419e+00 4.820596496661996078e+00 5.241807872461160756e+00 3.747245803659051688e+00 1.537620975147521607e+00 -1.700369390500766631e+00 3.584820708017564694e+00 4.776064840519330446e+00 3.604305756684539119e+00 1.504265621850062296e+00 -2.378124713175437055e+00 5.678937847613141798e+00 5.984625955004698739e+00 4.172591192150756356e+00 1.675185382377105903e+00 -2.500735980577603268e+00 3.717042257865364352e+00 5.210219502262968483e+00 3.915534014742557467e+00 1.603478102698062902e+00 -3.679538580727120145e+00 2.777249521266085264e+00 4.799109603210253816e+00 3.745774467459693113e+00 1.542760286585246998e+00 -3.659318469262992313e+00 4.607597159922703689e+00 5.800174044215066438e+00 4.228377979812196763e+00 1.706920134119889410e+00 -4.091740042369017338e+00 2.984544713691188011e+00 5.104141970893778080e+00 3.942204276236260352e+00 1.599175478134627459e+00 -4.916336101429227945e+00 2.276596719559063509e+00 4.740477459221977163e+00 3.763197657659194562e+00 1.529683029857516807e+00
