0.000000000000000000e+00 0.000000000000000000e+00 0.000000000000000000e+00 0.000000000000000000e+00 0.000000000000000000e+00 0.000000000000000000e+00 0.000000000000000000e+00 0.000000000000000000e+00 0.000000000000000000e+00 0.000000000000000000e+00 0.000000000000000000e+00 0.000000000000000000e+00 0.000000000000000000e+00 0.000000000000000000e+00 0.000000000000000000e+00 0.000000000000000000e+00 0.000000000000000000e+00 0.000000000000000000e+00 0.000000000000000000e+00 0.000000000000000000e+00 0.000000000000000000e+00 0.000000000000000000e+00 0.000000000000000000e+00 0.000000000000000000e+00 0.000000000000000000e+00 0.000000000000000000e+00 0.000000000000000000e+00 0.000000000000000000e+00 0.000000000000000000e+00 0.000000000000000000e+00 0.000000000000000000e+00 0.000000000000000000e+00 0.000000000000000000e+00 0.000000000000000000e+00 0.000000000000000000e+00 0.000000000000000000e+00 0.000000000000000000e+00 0.000000000000000000e+00 0.000000000000000000e+00 0.000000000000000000e+00 0.000000000000000000e+00 0.000000000000000000e+00 0.000000000000000000e+00 0.000000000000000000e+00 0.000000000000000000e+00
0.000000000000000000e+00 5.526641435072758846e+00 4.991609486506933813e+00 2.788694503031497351e+00 1.650665769697544194e+00 4.491075502939954056e-01 4.821303627460721053e+00 4.879065931776064957e+00 2.967280593056960569e+00 1.733860529709461140e+00 4.912523325509798311e-01 4.559937437047700826e+00 4.841518205506418759e+00 3.057935872628352314e+00 1.763162052177907224e+00 5.029334498883647475e-01 4.134948063042101829e+00 4.330327759440526059e+00 2.800052989410732884e+00 1.690482146829799248e+00 4.978474483622078450e-01 3.526201191513651967e+00 4.038177092351043385e+00 2.831736811193720005e+00 1.702849412028595744e+00 4.993976326254734310e-01 3.436452421406273050e+00 4.031268674781739669e+00 2.875682682290162884e+00 1.712957157362105187e+00 4.926111192854366605e-01 3.502973542450314337e+00 3.881890626724287863e+00 2.715324376826437014e+00 1.668936601906265471e+00 5.024451464636690012e-01 3.051608860490409025e+00 3.669500200580729565e+00 2.721911780392458624e+00 1.670170251836557762e+00 4.904024329132756210e-01 3.032882510503986051e+00 3.706149565292700121e+00 2.761734855362239838e+00 1.676238860140262688e+00
0.000000000000000000e+00 4.991609486506933813e+00 9.230656224888578620e+00 3.238022218864645030e+00 1.056829814266870171e+00 -4.249545421294519953e-01 2.858874674840024444e+00 8.234691581176356578e+00 3.776413228632468311e+00 1.061352063370363252e+00 -5.578078179820306071e-01 1.468197146251951191e+00 7.486120881359796364e+00 3.921124656817609466e+00 1.022443996412541578e+00 -6.224263014015588569e-01 1.883371036757087058e+00 8.001284475955365849e+00 4.081301353376296071e+00 1.263271186697260573e+00 -5.355156402496064061e-01 1.056076205020537895e+00 6.657655495480083729e+00 4.092920516033657918e+00 1.163151846275397139e+00 -7.509906988601943167e-01 -2.380288747892184975e-01 6.139274610813557409e+00 4.047225118553555490e+00 1.099618230835702759e+00 -9.049981390451340424e-01 2.195352779769439433e+00 7.102211716494853277e+00 4.198482488428290083e+00 1.296230333002294621e+00 -6.260050371857446283e-01 1.700851755843597046e-01 6.022837439683599747e+00 4.081910964425204291e+00 1.186327353326421585e+00 -9.013142894154430040e-01 -8.484566893033727020e-01 5.658232243586233778e+00 3.998526186053715126e+00 1.106422636513689106e+00
0.000000000000000000e+00 2.788694503031497351e+00 3.238022218864645030e+00 2.538147712604737372e+00 1.986464331610027223e+00 1.018461163929897939e+00 2.637366905570852627e+00 3.033065777275656849e+00 2.567095657888044613e+00 2.022508302771381494e+00 1.073475566074079568e+00 2.448518204985294044e+00 2.991352940404114147e+00 2.603358588721945033e+00 2.045797191680182259e+00 1.092324962716612724e+00 2.298694137383872960e+00 2.649902720796228017e+00 2.386466145946922524e+00 1.932950357309521916e+00 1.058519655107802437e+00 1.791692304348830200e+00 2.481765743761824794e+00 2.379397244064039629e+00 1.943139357194642480e+00 1.081178205397367753e+00 1.775865487322665581e+00 2.491347821747547542e+00 2.412518929209889862e+00 1.962142103202544785e+00 1.091347372115072378e+00 1.735407809610085339e+00 2.366988507961350408e+00 2.281963992687662479e+00 1.887821177385847093e+00 1.061437201599271907e+00 1.538469924127244148e+00 2.266221539020000897e+00 2.280853334702378277e+00 1.897913044533620086e+00 1.077777735339805920e+00 1.563273130853087611e+00 2.303211898212194075e+00 2.319284057621188833e+00 1.918003609885293947e+00
0.000000000000000000e+00 1.650665769697544194e+00 1.056829814266870171e+00 1.986464331610027223e+00 2.031850910016973266e+00 1.389646788557687751e+00 2.049922374110997314e+00 1.084842015887078848e+00 1.852837998846686762e+00 2.056741163332910904e+00 1.483695974536427764e+00 2.214884502241392550e+00 1.235098974900127100e+00 1.847469031127101147e+00 2.089388477029290314e+00 1.521225707071747646e+00 1.951671348459858457e+00 7.360457027244980965e-01 1.569959975733861146e+00 1.896963590580460046e+00 1.456430084728615570e+00 1.622091826750564403e+00 9.087036780981331274e-01 1.551174987646217973e+00 1.930052228966454342e+00 1.537174973571388215e+00 1.945924313016227591e+00 1.055262815833908574e+00 1.598155571508521389e+00 1.967915053834865979e+00 1.589055355915913070e+00 1.263455885659256595e+00 6.696732358714572175e-01 1.418137020300323847e+00 1.831861068775862966e+00 1.480242673531934505e+00 1.586811704137076839e+00 8.461686884575986278e-01 1.444171152125093949e+00 1.870280043910549361e+00 1.570253338345585448e+00 1.882375014076457465e+00 9.820547612637325896e-01 1.508339603474337487e+00 1.914762977750514850e+00
0.000000000000000000e+00 4.491075502939954056e-01 -4.249545421294519953e-01 1.018461163929897939e+00 1.389646788557687751e+00 1.204505007801850436e+00 9.565168165978439330e-01 -2.930154002818453618e-01 8.420731441812248086e-01 1.392005659364379477e+00 1.279251854184248138e+00 1.233715121521743008e+00 -1.015124617591264961e-01 8.154304753280234852e-01 1.415076731506226704e+00 1.310527817008227958e+00 1.007244738342500945e+00 -5.079111346033123864e-01 6.037397511414794860e-01 1.250542781904830036e+00 1.255011720827652999e+00 8.881405354323823609e-01 -2.296342120979298351e-01 5.822731392777891202e-01 1.280166388213850759e+00 1.331739260863874730e+00 1.270328263014646186e+00 -6.702497197950015029e-02 6.193463761360393782e-01 1.313512333275188793e+00 1.383469632789426473e+00 5.031045397813661557e-01 -4.475334989152643383e-01 4.777200940473907420e-01 1.195039052396460688e+00 1.278461740092030618e+00 9.797549695473434239e-01 -1.969277948467973716e-01 5.069268225943895922e-01 1.232683748767865017e+00 1.368840892113685648e+00 1.308354424398717963e+00 -5.899526876219132743e-02 5.618236339288914527e-01 1.273687864777764300e+00
0.000000000000000000e+00 4.821303627460721053e+00 2.858874674840024444e+00 2.637366905570852627e+00 2.049922374110997314e+00 9.565168165978439330e-01 5.897267491455430388e+00 3.197682429849407981e+00 2.659505334316969449e+00 2.165792271759935606e+00 1.076823450028667528e+00 6.158988874616751374e+00 3.483809316327788341e+00 2.719835315074527582e+00 2.227043439885310505e+00 1.124181345229350981e+00 5.450407315716598866e+00 2.656271974149447601e+00 2.342895420186678290e+00 2.021774951458289671e+00 1.063780583828517257e+00 4.849934172805488330e+00 2.876572464320585443e+00 2.385472628000790518e+00 2.087147959764902527e+00 1.163815980924367999e+00 5.240561719774994742e+00 3.082611280817545207e+00 2.460843492697297297e+00 2.131880865959733029e+00 1.225014754876859069e+00 4.329456948518959791e+00 2.505093460411838002e+00 2.202028853002141240e+00 1.982042481186398364e+00 1.104803467732872857e+00 4.501355436733491366e+00 2.695196934284756374e+00 2.261535841137985337e+00 2.035417956662389560e+00 1.212755249444642747e+00 4.867677965529956907e+00 2.884190332487941433e+00 2.345526418964138937e+00 2.080795085800808408e+00
0.000000000000000000e+00 4.879065931776064957e+00 8.234691581176356578e+00 3.033065777275656849e+00 1.084842015887078848e+00 -2.930154002818453618e-01 3.197682429849407981e+00 7.456860536686395591e+00 3.505781781084762461e+00 1.104892051031543421e+00 -3.948507776754774934e-01 2.029450958134371596e+00 6.857179162425204311e+00 3.640657153797687062e+00 1.079826945948485939e+00 -4.451102215856066469e-01 2.305395707439524156e+00 7.200076488017056242e+00 3.735372706367433349e+00 1.262619592421852621e+00 -3.786776054156673066e-01 1.517044873080571010e+00 6.079986481009909127e+00 3.755750234900764983e+00 1.186234679315749441e+00 -5.521520832787971678e-01 4.470415275058017279e-01 5.659652833657405679e+00 3.726919789618900580e+00 1.137601510377051151e+00 -6.769753218897774927e-01 2.436318053412094731e+00 6.417488493943141137e+00 3.824911761213537265e+00 1.287988430358190550e+00 -4.524101581126905303e-01 7.095571667537260430e-01 5.514816910506923797e+00 3.735460227484902251e+00 1.201350463667782753e+00 -6.758698999211582015e-01 -1.262507875982639693e-01 5.224114742542112388e+00 3.674480339785902494e+00 1.138490863524423746e+00
0.000000000000000000e+00 2.967280593056960569e+00 3.776413228632468311e+00 2.567095657888044613e+00 1.852837998846686762e+00 8.420731441812248086e-01 2.659505334316969449e+00 3.505781781084762461e+00 2.650261228471216146e+00 1.889227770002653628e+00 8.791847107520338600e-01 2.357105643061364386e+00 3.399396965777279789e+00 2.698258609450302270e+00 1.907466681579929269e+00 8.901309484189452448e-01 2.262220729634535576e+00 3.140565084737071633e+00 2.519185952567254194e+00 1.829957956051491363e+00 8.685313975015739318e-01 1.722826761091895253e+00 2.864881768676188045e+00 2.516460682875031551e+00 1.831207821956137627e+00 8.689838943370167268e-01 1.586730938082517861e+00 2.824896485913218402e+00 2.542237815030436998e+00 1.842423146330763206e+00 8.637543168079373501e-01 1.777649238864261960e+00 2.803235752033549577e+00 2.439015860176734662e+00 1.794544259849117473e+00 8.632305151329464632e-01 1.409075989569962051e+00 2.611895465876880262e+00 2.428339109228156989e+00 1.794046652750233894e+00 8.523623312542875086e-01 1.335152986498693961e+00 2.610706574642411848e+00 2.454911623894567185e+00 1.804394099201413137e+00
0.000000000000000000e+00 1.733860529709461140e+00 1.061352063370363252e+00 2.022508302771381494e+00 2.056741163332910904e+00 1.392005659364379477e+00 2.165792271759935606e+00 1.104892051031543421e+00 1.889227770002653628e+00 2.088435787472376237e+00 1.491300650099407266e+00 2.345195191676535895e+00 1.268268270989550084e+00 1.885293888490188419e+00 2.123810364865441169e+00 1.530760335672695760e+00 2.060018607777118316e+00 7.368210371240170309e-01 1.594150980362000425e+00 1.924952532837961527e+00 1.465627736617742372e+00 1.716869479470479964e+00 9.253900732550993657e-01 1.577617451700951134e+00 1.961870521287150559e+00 1.551387398887747127e+00 2.065751480448007271e+00 1.082363011068089964e+00 1.627257234691370513e+00 2.001349908882568585e+00 1.606192325690719125e+00 1.330784954025001188e+00 6.702571091427880212e-01 1.437672447338214976e+00 1.860238063183734081e+00 1.492757861359918170e+00 1.681651386325877962e+00 8.609282550139234491e-01 1.466941604127002918e+00 1.901506478619076512e+00 1.588312017646974494e+00 1.998947629681727012e+00 1.005876779127705456e+00 1.534206631250339514e+00 1.947508674800855211e+00
0.000000000000000000e+00 4.912523325509798311e-01 -5.578078179820306071e-01 1.073475566074079568e+00 1.483695974536427764e+00 1.279251854184248138e+00 1.076823450028667528e+00 -3.948507776754774934e-01 8.791847107520338600e-01 1.491300650099407266e+00 1.365096931750870990e+00 1.401534378460727703e+00 -1.721494232550853098e-01 8.501927514647578121e-01 1.518495781256977484e+00 1.400946671624318185e+00 1.139006325649678963e+00 -6.340355033890857639e-01 6.127474535343405693e-01 1.335275863726066436e+00 1.340028295432385219e+00 1.013539505380778971e+00 -3.093303894987053937e-01 5.915586538768229374e-01 1.370934659802905520e+00 1.428678380775207701e+00 1.454047119114434183e+00 -1.220624873369678398e-01 6.336272797109203658e-01 1.408480210414222000e+00 1.488219294017576466e+00 5.705608582384381622e-01 -5.583375607038086885e-01 4.738148215024861054e-01 1.275989072014450665e+00 1.368737984178643563e+00 1.121891294791062421e+00 -2.676509626076874482e-01 5.087478834379078885e-01 1.319516900899547540e+00 1.473101410833004499e+00 1.499776593794990065e+00 -1.096802776410240876e-01 5.705244680516237121e-01 1.365344192335785634e+00
0.000000000000000000e+00 4.559937437047700826e+00 1.468197146251951191e+00 2.448518204985294044e+00 2.214884502241392550e+00 1.233715121521743008e+00 6.158988874616751374e+00 2.029450958134371596e+00 2.357105643061364386e+00 2.345195191676535895e+00 1.401534378460727703e+00 6.757045812077738134e+00 2.506855504818075175e+00 2.396644362584154475e+00 2.423885461323445956e+00 1.470180491257426558e+00 5.850350911844084401e+00 1.436692474287417864e+00 1.916376124743573106e+00 2.130286704377990947e+00 1.380232976969813397e+00 5.354407413649338920e+00 1.960628824406049242e+00 1.960708468338700605e+00 2.225472844952595342e+00 1.540797377545125579e+00 6.079241137328350142e+00 2.307520694037614284e+00 2.058678219169965296e+00 2.291086028427614441e+00 1.643644440359751213e+00 4.516761779006367661e+00 1.436282029551431805e+00 1.721703092987312056e+00 2.073268106818027423e+00 1.445651859131398931e+00 5.149099719946654830e+00 1.877787824069263367e+00 1.813774772474962882e+00 2.157555470713666601e+00 1.627582850635402645e+00 5.786999498798901520e+00 2.174348649279807422e+00 1.930198146564980899e+00 2.227741303045853716e+00
0.000000000000000000e+00 4.841518205506418759e+00 7.486120881359796364e+00 2.991352940404114147e+00 1.235098974900127100e+00 -1.015124617591264961e-01 3.483809316327788341e+00 6.857179162425204311e+00 3.399396965777279789e+00 1.268268270989550084e+00 -1.721494232550853098e-01 2.506855504818075175e+00 6.379282413431345944e+00 3.524513247798428228e+00 1.255756753205526932e+00 -2.086486559937816843e-01 2.656405140253486508e+00 6.552257773008615338e+00 3.546073272540693821e+00 1.379683544877664092e+00 -1.610802743513631563e-01 1.896638321952338613e+00 5.617101120550282545e+00 3.569826543559047494e+00 1.323611803898064654e+00 -2.960469291795159164e-01 1.032511680558670264e+00 5.284946086106367069e+00 3.557055096748281908e+00 1.288946867674794383e+00 -3.946296468620990594e-01 2.615604451020162813e+00 5.853130047131180014e+00 3.600161158737849476e+00 1.394015825881101733e+00 -2.191609129181470161e-01 1.163311984367725316e+00 5.103099903546798544e+00 3.532683267465619004e+00 1.327885728868175352e+00 -3.959058918374070979e-01 4.971520774059073888e-01 4.881075530204538104e+00 3.493770099237456517e+00 1.281269211566971045e+00
0.000000000000000000e+00 3.057935872628352314e+00 3.921124656817609466e+00 2.603358588721945033e+00 1.847469031127101147e+00 8.154304753280234852e-01 2.719835315074527582e+00 3.640657153797687062e+00 2.698258609450302270e+00 1.885293888490188419e+00 8.501927514647578121e-01 2.396644362584154475e+00 3.524513247798428228e+00 2.750020526105382501e+00 1.903525797098290839e+00 8.601698591361718327e-01 2.306704625544330423e+00 3.271780570163672408e+00 2.572261659428858316e+00 1.829154646901786974e+00 8.393886811359834166e-01 1.755832542149897257e+00 2.976865742515371949e+00 2.571609209582581101e+00 1.829661667715902995e+00 8.366375655420147384e-01 1.599590750522531968e+00 2.929544507787686936e+00 2.597407919221409234e+00 1.840228770362500876e+00 8.291960304050937092e-01 1.827978783093069381e+00 2.921235819819740342e+00 2.495070729832254308e+00 1.794686980508553242e+00 8.324940534813303206e-01 1.427571498989499199e+00 2.713982810397640666e+00 2.483819165925237105e+00 1.793087611016985328e+00 8.176108006119173766e-01 1.337524381958616226e+00 2.707655030535370155e+00 2.509569540717275338e+00 1.802440211305526674e+00
0.000000000000000000e+00 1.763162052177907224e+00 1.022443996412541578e+00 2.045797191680182259e+00 2.089388477029290314e+00 1.415076731506226704e+00 2.227043439885310505e+00 1.079826945948485939e+00 1.907466681579929269e+00 2.123810364865441169e+00 1.518495781256977484e+00 2.423885461323445956e+00 1.255756753205526932e+00 1.903525797098290839e+00 2.161184174079406883e+00 1.559778343117135702e+00 2.124319776052329800e+00 7.016206002640672512e-01 1.601294994524981030e+00 1.954233127206660647e+00 1.491811493518789167e+00 1.777665539965567199e+00 9.079826603788998529e-01 1.585747016056656467e+00 1.993923478742479105e+00 1.582218889117536387e+00 2.148147810417242898e+00 1.074588968720027404e+00 1.637782488194488684e+00 2.035325625658598092e+00 1.640147174023992127e+00 1.369644877599804467e+00 6.404360527748805820e-01 1.440115271809820019e+00 1.888019971187019364e+00 1.520626257075182286e+00 1.747484875308863872e+00 8.462912556052503144e-01 1.472165002912029230e+00 1.931939695755485964e+00 1.621683645858694955e+00 2.083000654209896219e+00 9.991202089388205865e-01 1.542439461421966307e+00 1.980066569583274871e+00
0.000000000000000000e+00 5.029334498883647475e-01 -6.224263014015588569e-01 1.092324962716612724e+00 1.521225707071747646e+00 1.310527817008227958e+00 1.124181345229350981e+00 -4.451102215856066469e-01 8.901309484189452448e-01 1.530760335672695760e+00 1.400946671624318185e+00 1.470180491257426558e+00 -2.086486559937816843e-01 8.601698591361718327e-01 1.559778343117135702e+00 1.438817464050808237e+00 1.193151573632138973e+00 -6.928887104749972270e-01 6.119851785716473591e-01 1.368077063449301578e+00 1.374775223369114174e+00 1.066714010802795487e+00 -3.474253734076558908e-01 5.910822396183237348e-01 1.406376505804167065e+00 1.468631219958983491e+00 1.531643314054812022e+00 -1.495456831766218686e-01 6.353790756530263151e-01 1.445879237913030968e+00 1.531701370176007382e+00 5.997045386921527887e-01 -6.092835999390369128e-01 4.677930914586607147e-01 1.306970128353388994e+00 1.405373760484956547e+00 1.182798381472725646e+00 -3.009486095582788456e-01 5.053488229183311642e-01 1.353157025665133517e+00 1.515938438884856687e+00 1.581174109360486302e+00 -1.344917336870310454e-01 5.701381083007928119e-01 1.401235802155856636e+00
0.000000000000000000e+00 4.134948063042101829e+00 1.883371036757087058e+00 2.298694137383872960e+00 1.951671348459858457e+00 1.007244738342500945e+00 5.450407315716598866e+00 2.305395707439524156e+00 2.262220729634535576e+00 2.060018607777118316e+00 1.139006325649678963e+00 5.850350911844084401e+00 2.656405140253486508e+00 2.306704625544330423e+00 2.124319776052329800e+00 1.193151573632138973e+00 5.140069575850165329e+00 1.819939756543225151e+00 1.924884345487711590e+00 1.892741940644769416e+00 1.116471771664698132e+00 4.644181079926413602e+00 2.170646465121973012e+00 1.965638339343660501e+00 1.966379677306605123e+00 1.237624981807482483e+00 5.140277516190010942e+00 2.421186651610188090e+00 2.044588441689511704e+00 2.018213796685746964e+00 1.315007278298127691e+00 4.037957405356507046e+00 1.772606306949732868e+00 1.776967706025994298e+00 1.846913365324778677e+00 1.162283897990195047e+00 4.394605049248578865e+00 2.066133146516058172e+00 1.847135263229620739e+00 1.910857807447064793e+00 1.297948305032484706e+00 4.840228094313343554e+00 2.283743286716708454e+00 1.938087162155943899e+00 1.965334486507876788e+00
0.000000000000000000e+00 4.330327759440526059e+00 8.001284475955365849e+00 2.649902720796228017e+00 7.360457027244980965e-01 -5.079111346033123864e-01 2.656271974149447601e+00 7.200076488017056242e+00 3.140565084737071633e+00 7.368210371240170309e-01 -6.340355033890857639e-01 1.436692474287417864e+00 6.552257773008615338e+00 3.271780570163672408e+00 7.016206002640672512e-01 -6.928887104749972270e-01 1.819939756543225151e+00 7.067900312298443843e+00 3.450147843081178944e+00 9.269746446709703491e-01 -6.217191863292507170e-01 1.100054362062748092e+00 5.897370026896082251e+00 3.469080941122387962e+00 8.381597251027682605e-01 -8.159934255425812522e-01 -8.504444647531746171e-02 5.429961990815581174e+00 3.426136779402007004e+00 7.811078461774850767e-01 -9.528982810439663442e-01 2.141914737865025398e+00 6.315935538732715848e+00 3.578956180857827629e+00 9.619560720062939607e-01 -7.076673707034493166e-01 2.917216370559783112e-01 5.359841379410607232e+00 3.478535459199900259e+00 8.641554804660551703e-01 -9.537576514405392558e-01 -6.470919288017495941e-01 5.024362457592533637e+00 3.399470699018776187e+00 7.920245616628996954e-01
0.000000000000000000e+00 2.800052989410732884e+00 4.081301353376296071e+00 2.386466145946922524e+00 1.569959975733861146e+00 6.037397511414794860e-01 2.342895420186678290e+00 3.735372706367433349e+00 2.519185952567254194e+00 1.594150980362000425e+00 6.127474535343405693e-01 1.916376124743573106e+00 3.546073272540693821e+00 2.572261659428858316e+00 1.601294994524981030e+00 6.119851785716473591e-01 1.924884345487711590e+00 3.450147843081178944e+00 2.472457010573166247e+00 1.579386425577447017e+00 6.061141892038005574e-01 1.395365001428924945e+00 3.054425012628924740e+00 2.469384965624140893e+00 1.564857125792445069e+00 5.759996809327047051e-01 1.099389370949063416e+00 2.946627430076047993e+00 2.479887541963579078e+00 1.563918884720176816e+00 5.505652561730562944e-01 1.607728225034241731e+00 3.081409074055627251e+00 2.432071067197113745e+00 1.557369989960008638e+00 5.883249214402295202e-01 1.033597202768983037e+00 2.784136061401709217e+00 2.405330096502014126e+00 1.540603442056642791e+00 5.413995770137860486e-01 8.244656786752219135e-01 2.726405012508423376e+00 2.411143580929483665e+00 1.536810864643887387e+00
0.000000000000000000e+00 1.690482146829799248e+00 1.263271186697260573e+00 1.932950357309521916e+00 1.896963590580460046e+00 1.250542781904830036e+00 2.021774951458289671e+00 1.262619592421852621e+00 1.829957956051491363e+00 1.924952532837961527e+00 1.335275863726066436e+00 2.130286704377990947e+00 1.379683544877664092e+00 1.829154646901786974e+00 1.954233127206660647e+00 1.368077063449301578e+00 1.892741940644769416e+00 9.269746446709703491e-01 1.579386425577447017e+00 1.789014601937438442e+00 1.315808404983882740e+00 1.548068636677409238e+00 1.046248888498825913e+00 1.562575893950401751e+00 1.817505349460457165e+00 1.384585708520081226e+00 1.814832788334060476e+00 1.166649377599635384e+00 1.603534532643316801e+00 1.849450973899021466e+00 1.427573734159472529e+00 1.241773094311031000e+00 8.357402518429557503e-01 1.443735210062411012e+00 1.733508367476132905e+00 1.338195875998848150e+00 1.484116540850856092e+00 9.667569724142324183e-01 1.463772249509508905e+00 1.765351979803095883e+00 1.413255343875389425e+00 1.732714836659593027e+00 1.082007751036391907e+00 1.519372034000890492e+00 1.802495996334096517e+00
0.000000000000000000e+00 4.978474483622078450e-01 -5.355156402496064061e-01 1.058519655107802437e+00 1.456430084728615570e+00 1.255011720827652999e+00 1.063780583828517257e+00 -3.786776054156673066e-01 8.685313975015739318e-01 1.465627736617742372e+00 1.340028295432385219e+00 1.380232976969813397e+00 -1.610802743513631563e-01 8.393886811359834166e-01 1.491811493518789167e+00 1.374775223369114174e+00 1.116471771664698132e+00 -6.217191863292507170e-01 6.061141892038005574e-01 1.315808404983882740e+00 1.320104813327565463e+00 9.869210533346054470e-01 -3.053299271609428156e-01 5.843798470402854495e-01 1.350510195951498016e+00 1.406633606051870489e+00 1.424883451122494593e+00 -1.211742554466847671e-01 6.248871757042928632e-01 1.386254054089252286e+00 1.464100840824510419e+00 5.457498551437095502e-01 -5.525588101862147772e-01 4.688273535124574676e-01 1.259316853557098215e+00 1.350624316044514606e+00 1.092473359276749711e+00 -2.680450563754639415e-01 5.022247099071698306e-01 1.301201266118894972e+00 1.452034245830949644e+00 1.468680134334898524e+00 -1.121371022504978193e-01 5.622090333166185339e-01 1.344909886451770120e+00
0.000000000000000000e+00 3.526201191513651967e+00 1.056076205020537895e+00 1.791692304348830200e+00 1.622091826750564403e+00 8.881405354323823609e-01 4.849934172805488330e+00 1.517044873080571010e+00 1.722826761091895253e+00 1.716869479470479964e+00 1.013539505380778971e+00 5.354407413649338920e+00 1.896638321952338613e+00 1.755832542149897257e+00 1.777665539965567199e+00 1.066714010802795487e+00 4.644181079926413602e+00 1.100054362062748092e+00 1.395365001428924945e+00 1.548068636677409238e+00 9.869210533346054470e-01 4.323584167854144233e+00 1.522076807669450860e+00 1.434170587324298918e+00 1.621073811168583179e+00 1.110417795052837553e+00 4.870868498663935675e+00 1.791611757544005590e+00 1.510905137776796359e+00 1.673136995652537040e+00 1.191253306939366929e+00 3.691533802884896520e+00 1.127373284485055915e+00 1.253938356124651543e+00 1.502008182008587989e+00 1.031543330917908063e+00 4.165957649937933382e+00 1.476388228105799172e+00 1.327699176174701678e+00 1.567729342095883549e+00 1.172833381589002855e+00 4.642586235256605853e+00 1.703151890626224629e+00 1.417539431542798489e+00 1.623572594334051544e+00
0.000000000000000000e+00 4.038177092351043385e+00 6.657655495480083729e+00 2.481765743761824794e+00 9.087036780981331274e-01 -2.296342120979298351e-01 2.876572464320585443e+00 6.079986481009909127e+00 2.864881768676188045e+00 9.253900732550993657e-01 -3.093303894987053937e-01 1.960628824406049242e+00 5.617101120550282545e+00 2.976865742515371949e+00 9.079826603788998529e-01 -3.474253734076558908e-01 2.170646465121973012e+00 5.897370026896082251e+00 3.054425012628924740e+00 1.046248888498825913e+00 -3.053299271609428156e-01 1.522076807669450860e+00 5.019320702014234747e+00 3.076373835879801621e+00 9.875777622511116016e-01 -4.405658257316625304e-01 6.542470516975132933e-01 4.686246033041183701e+00 3.055846814489760366e+00 9.513832582084994494e-01 -5.369125406357589947e-01 2.260853690149164930e+00 5.290600812669231878e+00 3.131985033696416565e+00 1.064859314173517646e+00 -3.675789726516872635e-01 8.484417994941663155e-01 4.575570989772875130e+00 3.064185981393582558e+00 9.980522563998448504e-01 -5.415489511408071444e-01 1.688698613075793886e-01 4.342926437025543152e+00 3.016963297663198151e+00 9.504740133268840818e-01
0.000000000000000000e+00 2.831736811193720005e+00 4.092920516033657918e+00 2.379397244064039629e+00 1.551174987646217973e+00 5.822731392777891202e-01 2.385472628000790518e+00 3.755750234900764983e+00 2.516460682875031551e+00 1.577617451700951134e+00 5.915586538768229374e-01 1.960708468338700605e+00 3.569826543559047494e+00 2.571609209582581101e+00 1.585747016056656467e+00 5.910822396183237348e-01 1.965638339343660501e+00 3.469080941122387962e+00 2.469384965624140893e+00 1.562575893950401751e+00 5.843798470402854495e-01 1.434170587324298918e+00 3.076373835879801621e+00 2.468906894439857780e+00 1.549342762114619410e+00 5.549791368525387458e-01 1.139326669624863841e+00 2.970111307144136514e+00 2.480529386352503085e+00 1.548952649630685352e+00 5.300925988525498900e-01 1.644271567537016088e+00 3.101113897974813405e+00 2.430193434020790466e+00 1.541127110660089894e+00 5.666491147397014760e-01 1.069916644844430165e+00 2.805633800035396863e+00 2.405217157662604244e+00 1.525295622535374429e+00 5.206267705029193893e-01 8.616024513470884605e-01 2.749109044133941637e+00 2.411831990989077745e+00 1.521923537717571939e+00
0.000000000000000000e+00 1.702849412028595744e+00 1.163151846275397139e+00 1.943139357194642480e+00 1.930052228966454342e+00 1.280166388213850759e+00 2.087147959764902527e+00 1.186234679315749441e+00 1.831207821956137627e+00 1.961870521287150559e+00 1.370934659802905520e+00 2.225472844952595342e+00 1.323611803898064654e+00 1.829661667715902995e+00 1.993923478742479105e+00 1.406376505804167065e+00 1.966379677306605123e+00 8.381597251027682605e-01 1.564857125792445069e+00 1.817505349460457165e+00 1.350510195951498016e+00 1.621073811168583179e+00 9.875777622511116016e-01 1.549342762114619410e+00 1.850153000861626928e+00 1.426379285651203421e+00 1.923218219213645552e+00 1.123243975725337851e+00 1.593571892055182682e+00 1.884803115818500352e+00 1.474124157806844027e+00 1.279645110534764152e+00 7.583846271223061430e-01 1.422653766426773103e+00 1.760200504885880868e+00 1.375786523586206567e+00 1.568192003259738287e+00 9.147814405753994516e-01 1.446909579725823125e+00 1.796005335769973010e+00 1.459316959054518525e+00 1.846262590896739164e+00 1.042235356729452667e+00 1.506754651929332667e+00 1.836168705974978055e+00
0.000000000000000000e+00 4.993976326254734310e-01 -7.509906988601943167e-01 1.081178205397367753e+00 1.537174973571388215e+00 1.331739260863874730e+00 1.163815980924367999e+00 -5.521520832787971678e-01 8.689838943370167268e-01 1.551387398887747127e+00 1.428678380775207701e+00 1.540797377545125579e+00 -2.960469291795159164e-01 8.366375655420147384e-01 1.582218889117536387e+00 1.468631219958983491e+00 1.237624981807482483e+00 -8.159934255425812522e-01 5.759996809327047051e-01 1.384585708520081226e+00 1.406633606051870489e+00 1.110417795052837553e+00 -4.405658257316625304e-01 5.549791368525387458e-01 1.426379285651203421e+00 1.507067623720439675e+00 1.617069808936138386e+00 -2.270821491478507703e-01 6.011815698264859620e-01 1.467152002908786779e+00 1.573935099143798366e+00 6.023573169912435077e-01 -7.225540736726268065e-01 4.251519159051839192e-01 1.323755031860867515e+00 1.442647589904273664e+00 1.240264707435654312e+00 -3.881758134541317129e-01 4.657105885997394612e-01 1.372746855946908484e+00 1.560711655351418425e+00 1.673739218706972842e+00 -2.090344051381408386e-01 5.335318944058835555e-01 1.422274221668027749e+00
0.000000000000000000e+00 3.436452421406273050e+00 -2.380288747892184975e-01 1.775865487322665581e+00 1.945924313016227591e+00 1.270328263014646186e+00 5.240561719774994742e+00 4.470415275058017279e-01 1.586730938082517861e+00 2.065751480448007271e+00 1.454047119114434183e+00 6.079241137328350142e+00 1.032511680558670264e+00 1.599590750522531968e+00 2.148147810417242898e+00 1.531643314054812022e+00 5.140277516190010942e+00 -8.504444647531746171e-02 1.099389370949063416e+00 1.814832788334060476e+00 1.424883451122494593e+00 4.870868498663935675e+00 6.542470516975132933e-01 1.139326669624863841e+00 1.923218219213645552e+00 1.617069808936138386e+00 5.802181989186176558e+00 1.082012685537728114e+00 1.243842490917392851e+00 1.999020364106331105e+00 1.743565378282384115e+00 3.868233431398982347e+00 7.137294589643851384e-02 8.860100149702534456e-01 1.749018272664695228e+00 1.501065402011727334e+00 4.859842883154455784e+00 6.899038502977030696e-01 9.961462592299015206e-01 1.850188586401543267e+00 1.724698771611986370e+00 5.654391235258027670e+00 1.042397955907563567e+00 1.125572329113685877e+00 1.933878328697252735e+00
0.000000000000000000e+00 4.031268674781739669e+00 6.139274610813557409e+00 2.491347821747547542e+00 1.055262815833908574e+00 -6.702497197950015029e-02 3.082611280817545207e+00 5.659652833657405679e+00 2.824896485913218402e+00 1.082363011068089964e+00 -1.220624873369678398e-01 2.307520694037614284e+00 5.284946086106367069e+00 2.929544507787686936e+00 1.074588968720027404e+00 -1.495456831766218686e-01 2.421186651610188090e+00 5.429961990815581174e+00 2.946627430076047993e+00 1.166649377599635384e+00 -1.211742554466847671e-01 1.791611757544005590e+00 4.686246033041183701e+00 2.970111307144136514e+00 1.123243975725337851e+00 -2.270821491478507703e-01 1.082012685537728114e+00 4.420001274330238594e+00 2.962118658682782346e+00 1.097718006596708928e+00 -3.036874708930309974e-01 2.376949158153893737e+00 4.878371925133055065e+00 2.994096156625626115e+00 1.176008295552873895e+00 -1.710650304475939132e-01 1.175800995633028645e+00 4.276675512715728544e+00 2.942397599409503517e+00 1.124653290170632314e+00 -3.097577322493487162e-01 6.272242511901213735e-01 4.096985820055282446e+00 2.912537491090492203e+00 1.089519410258461551e+00
0.000000000000000000e+00 2.875682682290162884e+00 4.047225118553555490e+00 2.412518929209889862e+00 1.598155571508521389e+00 6.193463761360393782e-01 2.460843492697297297e+00 3.726919789618900580e+00 2.542237815030436998e+00 1.627257234691370513e+00 6.336272797109203658e-01 2.058678219169965296e+00 3.557055096748281908e+00 2.597407919221409234e+00 1.637782488194488684e+00 6.353790756530263151e-01 2.044588441689511704e+00 3.426136779402007004e+00 2.479887541963579078e+00 1.603534532643316801e+00 6.248871757042928632e-01 1.510905137776796359e+00 3.055846814489760366e+00 2.480529386352503085e+00 1.593571892055182682e+00 6.011815698264859620e-01 1.243842490917392851e+00 2.962118658682782346e+00 2.495454989964217773e+00 1.595718797692002644e+00 5.801691419831863650e-01 1.693207330754987749e+00 3.064286880586108097e+00 2.434011419102811491e+00 1.579528510850319201e+00 6.090422587253632170e-01 1.153894633130131853e+00 2.788137227712100596e+00 2.412659111838805437e+00 1.567031525159357841e+00 5.698124892510529893e-01 9.689857119690875598e-01 2.742010333897469732e+00 2.423425213129483335e+00 1.566536329271229100e+00
0.000000000000000000e+00 1.712957157362105187e+00 1.099618230835702759e+00 1.962142103202544785e+00 1.967915053834865979e+00 1.313512333275188793e+00 2.131880865959733029e+00 1.137601510377051151e+00 1.842423146330763206e+00 2.001349908882568585e+00 1.408480210414222000e+00 2.291086028427614441e+00 1.288946867674794383e+00 1.840228770362500876e+00 2.035325625658598092e+00 1.445879237913030968e+00 2.018213796685746964e+00 7.811078461774850767e-01 1.563918884720176816e+00 1.849450973899021466e+00 1.386254054089252286e+00 1.673136995652537040e+00 9.513832582084994494e-01 1.548952649630685352e+00 1.884803115818500352e+00 1.467152002908786779e+00 1.999020364106331105e+00 1.097718006596708928e+00 1.595718797692002644e+00 1.921655914420734135e+00 1.518403536581149016e+00 1.308426740743376948e+00 7.093603454365952077e-01 1.416332418396457404e+00 1.789869543781628547e+00 1.412957856114914978e+00 1.628258986964667976e+00 8.834132219992536506e-01 1.443505890770505840e+00 1.828542380027768033e+00 1.502571541368722174e+00 1.926102002919817480e+00 1.019419569757219257e+00 1.506666288339318260e+00 1.871241205373166405e+00
0.000000000000000000e+00 4.926111192854366605e-01 -9.049981390451340424e-01 1.091347372115072378e+00 1.589055355915913070e+00 1.383469632789426473e+00 1.225014754876859069e+00 -6.769753218897774927e-01 8.637543168079373501e-01 1.606192325690719125e+00 1.488219294017576466e+00 1.643644440359751213e+00 -3.946296468620990594e-01 8.291960304050937092e-01 1.640147174023992127e+00 1.531701370176007382e+00 1.315007278298127691e+00 -9.528982810439663442e-01 5.505652561730562944e-01 1.427573734159472529e+00 1.464100840824510419e+00 1.191253306939366929e+00 -5.369125406357589947e-01 5.300925988525498900e-01 1.474124157806844027e+00 1.573935099143798366e+00 1.743565378282384115e+00 -3.036874708930309974e-01 5.801691419831863650e-01 1.518403536581149016e+00 1.647266762546964136e+00 6.390295081555648071e-01 -8.417414612891835901e-01 3.908316879954590317e-01 1.363602944484414881e+00 1.503474854702072649e+00 1.338143859079057751e+00 -4.733562415499425469e-01 4.363162734399183007e-01 1.417464828182621206e+00 1.632892692685371294e+00 1.809536571521476400e+00 -2.787144065300760643e-01 5.094424437980328291e-01 1.471064777010419267e+00
0.000000000000000000e+00 3.502973542450314337e+00 2.195352779769439433e+00 1.735407809610085339e+00 1.263455885659256595e+00 5.031045397813661557e-01 4.329456948518959791e+00 2.436318053412094731e+00 1.777649238864261960e+00 1.330784954025001188e+00 5.705608582384381622e-01 4.516761779006367661e+00 2.615604451020162813e+00 1.827978783093069381e+00 1.369644877599804467e+00 5.997045386921527887e-01 4.037957405356507046e+00 2.141914737865025398e+00 1.607728225034241731e+00 1.241773094311031000e+00 5.457498551437095502e-01 3.691533802884896520e+00 2.260853690149164930e+00 1.644271567537016088e+00 1.279645110534764152e+00 6.023573169912435077e-01 3.868233431398982347e+00 2.376949158153893737e+00 1.693207330754987749e+00 1.308426740743376948e+00 6.390295081555648071e-01 3.422069104358567593e+00 2.052363960973736301e+00 1.537034742106810903e+00 1.214594704281386717e+00 5.592460963190051260e-01 3.407107561666521178e+00 2.143895722055763287e+00 1.575165585048434291e+00 1.245632313612820008e+00 6.207736955270217738e-01 3.575783182847648511e+00 2.248082081200486027e+00 1.625933788377319278e+00 1.274413928348935521e+00
0.000000000000000000e+00 3.881890626724287863e+00 7.102211716494853277e+00 2.366988507961350408e+00 6.696732358714572175e-01 -4.475334989152643383e-01 2.505093460411838002e+00 6.417488493943141137e+00 2.803235752033549577e+00 6.702571091427880212e-01 -5.583375607038086885e-01 1.436282029551431805e+00 5.853130047131180014e+00 2.921235819819740342e+00 6.404360527748805820e-01 -6.092835999390369128e-01 1.772606306949732868e+00 6.315935538732715848e+00 3.081409074055627251e+00 8.357402518429557503e-01 -5.525588101862147772e-01 1.127373284485055915e+00 5.290600812669231878e+00 3.101113897974813405e+00 7.583846271223061430e-01 -7.225540736726268065e-01 7.137294589643851384e-02 4.878371925133055065e+00 3.064286880586108097e+00 7.093603454365952077e-01 -8.417414612891835901e-01 2.052363960973736301e+00 5.662915632810176625e+00 3.199130866225714076e+00 8.657980781427701000e-01 -6.305386410719645562e-01 3.984160505151631559e-01 4.821081391575076758e+00 3.112232875864211046e+00 7.805912597218739313e-01 -8.456466912596551921e-01 -4.392180902710920432e-01 4.523671188162841972e+00 3.042902263280436781e+00 7.182394904046461859e-01
0.000000000000000000e+00 2.715324376826437014e+00 4.198482488428290083e+00 2.281963992687662479e+00 1.418137020300323847e+00 4.777200940473907420e-01 2.202028853002141240e+00 3.824911761213537265e+00 2.439015860176734662e+00 1.437672447338214976e+00 4.738148215024861054e-01 1.721703092987312056e+00 3.600161158737849476e+00 2.495070729832254308e+00 1.440115271809820019e+00 4.677930914586607147e-01 1.776967706025994298e+00 3.578956180857827629e+00 2.432071067197113745e+00 1.443735210062411012e+00 4.688273535124574676e-01 1.253938356124651543e+00 3.131985033696416565e+00 2.430193434020790466e+00 1.422653766426773103e+00 4.251519159051839192e-01 8.860100149702534456e-01 2.994096156625626115e+00 2.434011419102811491e+00 1.416332418396457404e+00 3.908316879954590317e-01 1.537034742106810903e+00 3.199130866225714076e+00 2.411312071064609874e+00 1.428500018979729891e+00 4.454252450679104802e-01 8.708151612587626822e-01 2.855682158153966643e+00 2.378161763351156921e+00 1.404757396466728148e+00 3.826112105712335953e-01 6.004725041715034406e-01 2.772523449774086490e+00 2.374593902733059814e+00 1.394603252963470430e+00
0.000000000000000000e+00 1.668936601906265471e+00 1.296230333002294621e+00 1.887821177385847093e+00 1.831861068775862966e+00 1.195039052396460688e+00 1.982042481186398364e+00 1.287988430358190550e+00 1.794544259849117473e+00 1.860238063183734081e+00 1.275989072014450665e+00 2.073268106818027423e+00 1.394015825881101733e+00 1.794686980508553242e+00 1.888019971187019364e+00 1.306970128353388994e+00 1.846913365324778677e+00 9.619560720062939607e-01 1.557369989960008638e+00 1.733508367476132905e+00 1.259316853557098215e+00 1.502008182008587989e+00 1.064859314173517646e+00 1.541127110660089894e+00 1.760200504885880868e+00 1.323755031860867515e+00 1.749018272664695228e+00 1.176008295552873895e+00 1.579528510850319201e+00 1.789869543781628547e+00 1.363602944484414881e+00 1.214594704281386717e+00 8.657980781427701000e-01 1.428500018979729891e+00 1.681757395347149187e+00 1.281161681389039853e+00 1.430860248753312636e+00 9.823042503313775820e-01 1.446354658449972241e+00 1.711158893834381800e+00 1.350938856000855059e+00 1.662794667243240765e+00 1.089863407237169346e+00 1.498478195596857576e+00 1.745540414440232668e+00
