experiment			DYE605nucl	DYE605nucl	DYE605nucl	DYE605nucl	DYE605nucl	DYE605nucl	DYE605nucl	DYE605nucl	DYE605nucl	DYE605nucl	DYE605nucl	DYE605nucl	DYE605nucl	DYE605nucl	DYE605nucl	DYE605nucl	DYE605nucl	DYE605nucl	DYE605nucl	DYE605nucl	DYE605nucl	DYE605nucl	DYE605nucl	DYE605nucl	DYE605nucl	DYE605nucl	DYE605nucl	DYE605nucl	DYE605nucl	DYE605nucl	DYE605nucl	DYE605nucl	DYE605nucl	DYE605nucl	DYE605nucl	DYE605nucl	DYE605nucl	DYE605nucl	DYE605nucl	DYE605nucl	DYE605nucl	DYE605nucl	DYE605nucl	DYE605nucl	DYE605nucl	DYE605nucl	DYE605nucl	DYE605nucl	DYE605nucl	DYE605nucl	DYE605nucl	DYE605nucl	DYE605nucl	DYE605nucl	DYE605nucl	DYE605nucl	DYE605nucl	DYE605nucl	DYE605nucl	DYE605nucl	DYE605nucl	DYE605nucl	DYE605nucl	DYE605nucl	DYE605nucl	DYE605nucl	DYE605nucl	DYE605nucl	DYE605nucl	DYE605nucl	DYE605nucl	DYE605nucl	DYE605nucl	DYE605nucl	DYE605nucl	DYE605nucl	DYE605nucl	DYE605nucl	DYE605nucl	DYE605nucl	DYE605nucl	DYE605nucl	DYE605nucl	DYE605nucl	DYE605nucl	DYE605nucl	DYE605nucl	DYE605nucl	DYE605nucl	DYE605nucl	DYE605nucl	DYE605nucl	DYE605nucl	DYE605nucl	DYE605nucl	DYE605nucl	DYE605nucl	DYE605nucl	DYE605nucl	DYE605nucl	DYE605nucl	DYE605nucl	DYE605nucl	DYE605nucl	DYE605nucl	DYE605nucl	DYE605nucl	DYE605nucl	DYE605nucl	DYE605nucl	DYE605nucl	DYE605nucl	DYE605nucl	DYE605nucl	DYE605nucl	DYE605nucl	DYE605nucl	DYE605nucl	DYE605nucl
dataset			DYE605nucl	DYE605nucl	DYE605nucl	DYE605nucl	DYE605nucl	DYE605nucl	DYE605nucl	DYE605nucl	DYE605nucl	DYE605nucl	DYE605nucl	DYE605nucl	DYE605nucl	DYE605nucl	DYE605nucl	DYE605nucl	DYE605nucl	DYE605nucl	DYE605nucl	DYE605nucl	DYE605nucl	DYE605nucl	DYE605nucl	DYE605nucl	DYE605nucl	DYE605nucl	DYE605nucl	DYE605nucl	DYE605nucl	DYE605nucl	DYE605nucl	DYE605nucl	DYE605nucl	DYE605nucl	DYE605nucl	DYE605nucl	DYE605nucl	DYE605nucl	DYE605nucl	DYE605nucl	DYE605nucl	DYE605nucl	DYE605nucl	DYE605nucl	DYE605nucl	DYE605nucl	DYE605nucl	DYE605nucl	DYE605nucl	DYE605nucl	DYE605nucl	DYE605nucl	DYE605nucl	DYE605nucl	DYE605nucl	DYE605nucl	DYE605nucl	DYE605nucl	DYE605nucl	DYE605nucl	DYE605nucl	DYE605nucl	DYE605nucl	DYE605nucl	DYE605nucl	DYE605nucl	DYE605nucl	DYE605nucl	DYE605nucl	DYE605nucl	DYE605nucl	DYE605nucl	DYE605nucl	DYE605nucl	DYE605nucl	DYE605nucl	DYE605nucl	DYE605nucl	DYE605nucl	DYE605nucl	DYE605nucl	DYE605nucl	DYE605nucl	DYE605nucl	DYE605nucl	DYE605nucl	DYE605nucl	DYE605nucl	DYE605nucl	DYE605nucl	DYE605nucl	DYE605nucl	DYE605nucl	DYE605nucl	DYE605nucl	DYE605nucl	DYE605nucl	DYE605nucl	DYE605nucl	DYE605nucl	DYE605nucl	DYE605nucl	DYE605nucl	DYE605nucl	DYE605nucl	DYE605nucl	DYE605nucl	DYE605nucl	DYE605nucl	DYE605nucl	DYE605nucl	DYE605nucl	DYE605nucl	DYE605nucl	DYE605nucl	DYE605nucl	DYE605nucl	DYE605nucl	DYE605nucl
id			0	1	2	3	4	5	6	7	8	9	10	11	12	13	14	15	16	17	18	19	20	21	22	23	24	25	26	27	28	29	30	31	32	33	34	35	36	37	38	39	40	41	42	43	44	45	46	47	48	49	50	51	52	53	54	55	56	57	58	59	60	61	62	63	64	65	66	67	68	69	70	71	72	73	74	75	76	77	78	79	80	81	82	83	84	85	86	87	88	89	90	91	92	93	94	95	96	97	98	99	100	101	102	103	104	105	106	107	108	109	110	111	112	113	114	115	116	117	118
experiment	dataset	id																																																																																																																							
DYE605nucl	DYE605nucl	0	37685.6436582673	20735.117063767833	18197.528644224272	16208.11719213131	13263.037183767996	12098.979790064595	10676.318940650202	9200.174626593505	7856.913126572093	7079.589095891909	2322.0385425667987	2028.9422874292986	1809.1761783803986	1387.980513779299	911.9328919280997	498.7263256036995	240.43477623469985	26667.29958393703	22819.41357474321	19755.58510847749	17182.564430759117	15089.74701312027	12990.425275295796	11247.894154157602	9923.096261862482	8652.608032992295	7506.495374730499	2508.829946609401	2106.378896507	1883.1992068646998	1419.8300043138006	873.0852284283993	457.0511471487998	221.63091431150022	99.51249932709997	27969.265797625103	24165.444256875115	21463.235358845188	18117.7857210278	15692.385222888499	13901.314742125109	11729.1948282535	10343.350851395411	9113.289599530206	7804.2692094155955	2628.303658472798	2286.9564204901003	1976.3931661593006	1515.1895580992004	905.2809360760995	423.6709195526	206.4889728193001	103.71275342490001	28768.604154465018	24810.000947735596	22268.034518394088	18928.822024251494	16946.363658084512	14535.661908193808	12459.240073917797	10810.018618333394	9578.764676779605	8400.779311373903	2852.936609454104	2469.0429057834017	2131.1564763119027	1629.4510017045998	969.2859693821006	472.48293596560006	221.29737248960018	84.08833065849994	30283.326368280093	25672.184493076078	22078.011703194727	19341.324006491875	17549.712936572505	14858.133080284912	12815.37075206349	11388.666551639488	9944.785057364401	8825.916695957598	3122.4199923005003	2661.4305107933055	2315.6336113317993	1775.8971859190026	1107.8434978496002	564.4826011897003	226.26301163419984	48.54948408910002	29405.457925213792	25944.279482104463	22550.622408041098	20468.319259257827	18508.704022674898	14930.447049541579	12928.542002803995	11508.000492716303	10089.597710575701	9103.441865206501	3325.585054716997	2842.838584150199	2481.5166393046024	1957.578117191998	1252.6686286485005	602.5151187819005	176.03133490900004	33.50226997550001	13286.176883150889	11635.987169762799	10199.347608814898	8679.4356133447	3583.655862933405	2902.3245335474	2680.1922665913	2085.2193859417007	1261.342719380499	498.7093801888995	135.56006632259994	4.3568865740999945
DYE605nucl	DYE605nucl	1	20735.117063767833	19878.975660318018	15120.759245896696	13358.189046177178	11117.579299407607	9984.621852157492	8767.126285606908	7578.329238391204	6505.999414744305	5796.173212059299	1914.1398304754014	1676.2854803085982	1490.9323219213998	1155.1196817008988	758.8169897904005	420.3047471029996	202.66014241779985	21978.92531942321	18869.636918458706	16326.484597515895	14193.217133161412	12411.757772214294	10713.328013417604	9277.042692195299	8150.591410836089	7096.442461577699	6153.797010673991	2049.7754950337	1742.935599310899	1546.4746100578	1173.9505397117	721.3222455045	379.3471806785998	186.31800807370013	84.41020084979995	23039.11039330409	19944.3371949172	17592.845425109612	14987.346413665893	12997.172103234105	11449.232146167598	9732.57853442451	8551.351720137502	7496.938504272304	6440.012941871095	2166.228101575402	1888.3117673944012	1634.7452408150978	1251.9432768028003	742.9460001732999	350.11072322710004	173.15719822110003	88.18465867179992	23709.29320459701	20504.909148927487	18230.427249302385	15623.294151120594	13873.657385473502	11968.407496534503	10310.629759559082	8968.484082011302	7910.715005572604	6924.362272182701	2344.4607405932984	2035.5977648717987	1761.1296476434004	1346.5735894315005	798.8438290396989	389.81389266759993	184.98611237749986	71.11361429240003	24709.184840080816	21109.92133946848	18232.52915713009	15977.354280736296	14335.688901465324	12266.163007557609	10632.640208864199	9414.001010125	8229.5801596985	7273.021522421698	2549.9372753293987	2191.1861807744995	1909.4657425048983	1467.6210659360008	913.8379770323005	470.13494992249986	189.32820556309983	40.42861199270005	24283.561127255816	21364.18713858982	18600.724346654595	16704.742498983614	14965.424849888308	12376.86192507921	10750.4695695947	9534.807064527795	8355.968240862203	7473.774750940701	2718.675404030103	2348.7141427430047	2059.267198299304	1627.9842068992991	1039.3151058682997	503.0550995495997	145.73599299999998	27.38490967569998	10952.236583968008	9592.992202646998	8414.8396918854	7226.739156146399	2913.085208404497	2426.675128871699	2216.9194746876997	1733.9763221092992	1049.6940810256992	414.20219576079995	111.94877279350005	2.7697741391000004
DYE605nucl	DYE605nucl	2	18197.528644224272	15120.759245896696	15314.099270430996	11731.789053818486	9689.559719844401	8764.304351186098	7713.220160910703	6658.142664158108	5702.526250423892	5106.871377345992	1681.6695752547996	1471.2386168547	1310.097319010699	1010.5379751511002	663.9009547296992	365.6092183364	176.25428914719993	19301.1390779451	16546.317302515898	14320.608550050003	12452.570479444013	10911.017334568203	9406.890205078093	8145.711213842214	7170.377534573792	6247.4718059264005	5418.861914944502	1808.2819283459007	1528.789171579303	1361.2070530813	1030.174640561401	633.2672079421008	332.3508633821999	162.26907416840018	73.19884039579999	20237.340557486685	17503.993486859486	15489.221693839309	13140.630523148397	11389.586672840904	10059.126774319102	8522.229913376199	7500.583663761305	6590.910627125106	5653.9411948957995	1903.3976412491006	1657.8912934909986	1434.1817169224	1098.9516059208995	654.2635401454995	307.3969362872001	150.99810068589994	76.39150634409998	20821.09545264329	17984.324922885375	16059.259658886313	13711.955482292105	12222.060443917715	10516.366363704801	9039.18054726849	7853.733253986301	6942.0662907995065	6082.071194052795	2062.6246068367	1788.2967115182985	1545.5896303432992	1181.8311974997002	702.0633935984996	342.4563454477001	161.52870578919993	61.76030664989996	21798.29544226589	18557.52559737671	15997.12063641529	14016.857153201016	12641.563761259613	10764.698080564182	9310.214230548003	8257.238672921301	7214.893584381407	6388.656259099404	2249.5653118134005	1925.9690578788977	1677.1991092009018	1287.8717526748	802.6374216457008	411.1333369988002	165.2203160354999	35.369866888500006	21304.60522773071	18768.207437885714	16328.422441708097	14735.800844474714	13258.407752580402	10840.919442860202	9403.36987965681	8353.8682810848	7322.6351139790995	6575.757910637295	2396.982031078303	2060.8650861346982	1803.2917804538988	1424.252805504001	910.2431753100011	439.3413868009005	127.79451685030008	24.1637812115	9617.245662358797	8423.393018485098	7386.487217897506	6317.314849808192	2574.751737075699	2117.4739492607005	1943.9378434318007	1516.8121333230986	917.9319338934004	362.57669804000034	98.26937159370009	2.7783533968
DYE605nucl	DYE605nucl	3	16208.11719213131	13358.189046177178	11731.789053818486	13166.146792895217	8543.092268411901	7807.773682417196	6893.980515876507	5939.106226585302	5069.289092095904	4573.88414205711	1499.8258293724014	1310.2552675020997	1168.7178569569994	895.7174548638997	588.5431557489003	321.3763079476001	154.89455765769998	17206.427482288007	14719.099112524478	12744.580473445605	11086.031245973894	9741.10846322049	8383.951923855804	7259.773055577095	6408.121750909596	5588.9932006429	4849.275737433802	1622.2855208220967	1360.2485824802989	1217.2326929777005	917.1649013219998	564.1480561395003	295.1894748132996	142.88827639559995	64.05322306339994	18047.675314029686	15590.715819478412	13859.042216749296	11687.427540222609	10122.062653623894	8973.087119347403	7565.172047598197	6674.534072998197	5884.509025421797	5037.902308715102	1697.868549055099	1477.1693536068997	1276.4316839999003	978.8302458925003	585.4323551005998	273.85971957019996	133.20403976480006	66.74159120239999	18562.009012721697	16003.626042062506	14380.300767223614	12213.330028572702	10944.937217954708	9382.444473292602	8038.057473056704	6972.482675979099	6181.904949828305	5423.200571946405	1843.3168991342977	1594.8071693196991	1376.3059053878012	1052.4427243754005	626.3980308910001	305.36870847590035	142.77793669099998	54.16064305870006	19560.748614985514	16568.6236322169	14242.783006652106	12477.530601963397	11336.729135089905	9587.03915465851	8264.691020174203	7348.075154625998	6415.983659510104	5697.132076533502	2018.3784748697005	1718.9261260731014	1495.4089711542003	1146.6816647061999	715.5604355908	364.2226067836998	145.91964603899999	31.349616187699993	18966.670754291506	16740.4437157304	14548.57535854179	13221.714281097902	11968.876787751202	9628.183088086002	8334.637700591504	7422.217316181897	6508.003172599503	5877.958619562697	2148.8981899026007	1834.837699495702	1600.8737352159997	1262.611566806101	808.2113858473002	388.4910315363999	113.66211998760004	21.681753453100004	8572.667097202198	7508.067940203903	6580.721284458203	5594.365597916895	2316.5284231906	1870.1525296004015	1729.1670644563003	1344.5262372545997	813.2765849886997	321.6992520122999	87.5370333306999	2.915959451200005
DYE605nucl	DYE605nucl	4	13263.037183767996	11117.579299407607	9689.559719844401	8543.092268411901	7766.281949514302	6388.466979508203	5602.808477525996	4847.162984105698	4167.062998075103	3702.0087115185997	1225.2882765328004	1073.6952321008014	954.4034925852993	741.3248163047011	486.9931819246997	270.57651833599994	130.4427447289002	14054.346971384903	12076.862871728596	10448.320047442789	9082.56413225849	7934.585490316611	6853.8216610178	5935.4827927613915	5209.655932583507	4534.451016567903	3931.9673590815014	1309.3012750507003	1116.9848638485998	989.2420017064019	752.3504725600004	462.2729596829	243.4075813724004	119.89594156290008	54.408795474899975	14730.261345458297	12758.541172034908	11235.439334850704	9594.187657036495	8323.263590707405	7322.0813974668	6236.343177685204	5474.771008982698	4794.002498781298	4121.6650562087	1386.742341170201	1209.4670715877005	1047.6034008187987	802.1904293515995	475.3643230480996	224.4751194884997	111.38939115540003	56.87755723370003	15160.368973197797	13121.479136930793	11638.778873710908	9995.398607988505	8858.274146833106	7653.293628448097	6601.980450365	5746.5624649338015	5063.269387543003	4430.042900354003	1499.5212836439011	1303.127218896399	1128.166115983798	862.7219894407988	511.5759998941996	249.75333519869994	118.88158419220012	45.81743013129998	15759.166297105203	13490.823230087173	11665.145982582097	10223.563934786995	9147.574136117495	7848.396845461302	6812.037432355297	6025.9780924306015	5269.533832935195	4652.3228298905005	1628.0093004878	1401.9279490915012	1222.2280598935004	940.0145280276002	585.1102978478995	301.75869480970005	121.66711189999995	25.966686610400018	15534.220648424309	13657.486618415001	11896.398730145602	10655.549700777623	9523.689181870497	7926.712994164199	6890.686904698003	6106.212299766902	5350.897713125798	4775.637341497405	1735.7758122654004	1503.6310141263007	1319.8238447889973	1044.0073008960003	666.1428665389997	322.96266884349956	93.40508422010002	17.509456026099976	7003.966028300603	6135.090224707901	5382.771855125901	4633.512281070906	1856.7552604178998	1557.7762339049991	1419.3189802166	1111.6290221166007	673.1137105735	265.5296697133	71.69074430230005	1.6627568433999982
DYE605nucl	DYE605nucl	5	12098.979790064595	9984.621852157492	8764.304351186098	7807.773682417196	6388.466979508203	7100.262078338892	5144.8627410635045	4433.827063610502	3786.658650077196	3412.7924233526005	1120.2475876974997	978.9145070433	872.9684512938	669.769223714101	440.0904070307005	240.62340422100021	115.95964657510001	12842.721076469204	10990.325173423786	9515.843779809804	8277.40872727109	7270.399120229209	6259.414527804107	5420.397434412304	4782.717898214296	4170.912415664897	3618.893328029505	1210.7086123339016	1016.5276417597006	908.9801676649001	685.4483157260006	421.6423936412002	220.73936901720037	106.97246887119991	47.9810209399	13469.89761457311	11638.877444492404	10339.37514350579	8727.708643496006	7560.018574624699	6698.3129582025	5651.8808563238035	4984.836681698093	4392.776151436201	3762.159202348801	1268.2355629222989	1103.6403400619015	953.8872994200997	731.4788869020005	437.2718891983997	204.74140737309995	99.71532610079996	50.00911771319992	13854.307870235203	11948.6619163824	10726.787700126302	9118.190263920007	8164.822276104602	7003.527622028195	6003.3294757549975	5209.040383871497	4616.429466035399	4049.215983165097	1376.340292619899	1191.2348977348015	1028.3233774020005	786.4167969267002	468.01031629040006	228.2126876290998	106.8318299296	40.56565317860002	14584.737047124281	12363.817219447907	10633.208602588324	9315.919555346394	8454.890446895	7157.861736291303	6173.9099630101	5487.278057510104	4791.920683057204	4253.340314381	1505.8840016810993	1283.5714069245003	1116.8827113262005	856.6738590837996	534.5295336526995	272.35743137210017	109.17181955010003	23.453758015300004	14158.492563709307	12493.394333097898	10859.747312950398	9859.053109174502	8916.811060375305	7191.175198024194	6227.179163119197	5543.564630518104	4860.663889142103	4386.319749552403	1603.171163343697	1370.3660755237006	1196.1899943986984	943.6707433054	603.9293564898004	290.50196471689975	84.94344736009997	16.19136419110001	6398.883464023802	5604.416388858799	4912.657864435902	4180.306319779006	1726.9691232221003	1398.211076127201	1291.3823333202006	1004.6848030191005	607.7857959514997	240.40010895210017	65.3932394310001	2.1424728985999986
DYE605nucl	DYE605nucl	6	10676.318940650202	8767.126285606908	7713.220160910703	6893.980515876507	5602.808477525996	5144.8627410635045	5636.388446706003	3916.1874450997	3337.697004289	3021.7472872876006	989.4436957742005	863.8679248031002	771.160587239499	589.3788327614001	387.3020582724998	210.67073157779984	101.50839311930014	11338.72921353301	9690.83358902831	8392.904592059696	7302.218196210397	6424.808411345201	5525.7762136632	4785.076315265504	4229.1587316925015	3690.4372476817985	3202.651548651599	1073.1376298091002	896.5744014077999	804.144796351899	604.8026169725	372.18366097130036	194.49753905660012	93.76052751240019	41.890681284299994	11895.097538017311	10270.531945576	9148.849362877692	7695.027645218897	6662.3791861852	5916.331474298697	4977.4445734266	4396.513960435399	3882.0972678049984	3320.833504984901	1120.2780094400987	974.2185754708005	841.4741967480994	645.5881306968	387.0064266070998	180.74007562069977	87.49920327950005	43.619122905799976	12232.05922768001	10537.946116760002	9496.067922676002	8046.344248026102	7228.396932416998	6186.477310665002	5292.498395859102	4587.7471008153	4073.3313060739006	3575.701979357001	1217.1053274309008	1052.0977479473001	907.4078504692014	693.9787621527005	413.48738982230014	201.5610674420997	93.85493914420013	35.46491658920001	12927.562757271022	10925.883161860387	9380.802209753596	8217.856331766003	7491.531623738299	6316.037952406109	5437.1177626549	4839.671191974199	4224.609616658501	3756.1349745696984	1334.7960947326014	1134.1523084392004	986.2833622052998	755.8758301505005	472.00739899110005	239.58762123999995	95.85827674259986	20.64008221830002	12490.05885097459	11033.883229783096	9584.905217880898	8738.330929685302	7931.958059171005	6334.753354670901	5478.895816390505	4884.549774954002	4283.653269090196	3879.0644185690026	1420.3025556203008	1209.0287466957002	1053.5189682356	830.4174243007996	531.9614185069007	255.2486398854997	74.90254770220002	14.354501359399995	5649.233839053795	4947.693091790794	4335.771379318698	3676.0006648716976	1533.2012401850016	1227.5646306458011	1138.6886402757011	884.0220604168992	534.6379752021003	211.6567248588001	57.715255880600004	2.0681120821000003
DYE605nucl	DYE605nucl	7	9200.174626593505	7578.329238391204	6658.142664158108	5939.106226585302	4847.162984105698	4433.827063610502	3916.1874450997	3969.5375576626952	2878.972021651701	2599.2690194546053	852.6451336998012	744.8522155063998	664.5125190113994	509.1150491737997	334.5510212538997	182.55759817990008	87.96178471509998	9767.889440240899	8355.179408234602	7235.211822845998	6294.327356153806	5532.372194828111	4761.381310137306	4123.305201984598	3640.6535688705985	3175.801896013402	2755.802390886903	922.7954358129005	773.3751299553991	692.3703969391003	521.6285152732999	320.95688611520035	167.92205483019995	81.20292227240003	36.357978544500014	10245.799539809392	8850.815832106095	7871.1120134705	6635.276154248401	5746.696055583797	5096.2368928487995	4295.444927486098	3790.758824177801	3343.194252850696	2862.0696088326986	965.3766844039997	839.9025317847004	725.7886877747997	556.7107878958993	333.2022161438	155.89011222090002	75.73833990530005	37.88194543049999	10537.284565151102	9084.342687285589	8167.4013607134	6934.358474207701	6217.200068897803	5328.534564941293	4564.253934409498	3959.009188865398	3511.187684431401	3080.8133282363965	1048.0251694467997	906.6768159144003	782.4494308593996	598.4376833718999	356.34947558569996	173.76451042690005	81.17038192030003	30.75961228320003	11109.327946827892	9406.975123657901	8085.2816869699955	7083.56301924081	6439.975450573499	5443.554212834096	4691.866796588295	4172.551956017003	3643.3130187253046	3235.996801824796	1147.562642101299	977.0021573908007	849.9591939829998	651.7668316789008	406.82544443520004	206.99702721279982	82.9169854856999	17.8354809619	10764.721670919302	9503.165072087802	8258.676018233105	7509.916577637603	6801.805788251707	5465.1198598546	4730.419364546003	4213.5483206523995	3694.841225402702	3338.7576465849975	1221.3020530083998	1042.319053924399	909.2480470060998	717.0890979241004	459.1036397206005	220.6402826934	64.61861533920003	12.348039453499997	4866.915829610402	4262.677002679304	3736.1846031335012	3174.848668327699	1316.499883980702	1061.3663697887998	981.8945126646998	763.3013222334009	461.72520977080023	182.71127498700002	49.757321672399954	1.6967255839000022
DYE605nucl	DYE605nucl	8	7856.913126572093	6505.999414744305	5702.526250423892	5069.289092095904	4167.062998075103	3786.658650077196	3337.697004289	2878.972021651701	2741.6381042481994	2212.6372019630985	727.9889092589995	636.5631350275996	567.3061759921991	436.4519938084006	286.78851623389994	157.34305053589995	75.8149564509999	8337.106528287806	7141.3193101159995	6182.616595708492	5377.596361958396	4718.2793893682	4065.3129708311003	3520.699885904404	3103.248391455601	2705.3695557565998	2347.2016361486976	784.9765030343991	661.3865415210997	590.239468629301	445.9746207188	274.33174278280023	143.8102950257001	69.91729370289995	31.421900626499983	8742.96034911999	7558.8323650090015	6702.908114857298	5672.324697939095	4915.344425870097	4348.762805299604	3677.0069944634	3240.0375862836963	2851.566501772401	2444.4108833925034	824.1948459462001	717.6289341118002	620.5972314943996	475.83053595779955	284.0080559841999	133.27107797880007	65.14712701979995	32.77318523719999	8993.528471512594	7762.793741774504	6951.670805839497	5922.392484962198	5291.896108468497	4546.4279247116965	3902.6507250135014	3388.7980305606998	2999.7305365667	2629.9322119599965	893.6253653054999	774.1674476224999	668.7622775631002	511.5099841856004	304.2596734862002	148.43933284280013	69.72169963970003	26.550973043799978	9442.135243213	8021.2898361321995	6906.795777404701	6051.9248054987975	5476.370865572697	4649.639822761501	4016.055890439998	3566.010272119401	3115.191468803901	2762.059579345103	975.9031505579009	833.6884347128004	725.7654592271006	557.0592224697999	347.4507029709998	177.50857196519993	71.24716143290006	15.29658405539999	9195.379012376101	8108.092445321406	7051.315519310499	6383.663115993097	5759.534757231605	4676.103006964103	4052.793715845098	3604.499627547003	3160.2182082568	2845.2410911176025	1039.0006595000996	890.6705843083997	778.4121201840995	614.4690758458997	393.0185461863006	189.38918990449986	55.2740336056	10.508402098100005	4154.392049301101	3638.8099084186956	3190.388714008998	2721.570651725401	1117.2879438828998	911.4860552081999	839.4009524546004	653.9990410159999	395.7436404398001	156.47702278449984	42.51449468590003	1.320704165000001
DYE605nucl	DYE605nucl	9	7079.589095891909	5796.173212059299	5106.871377345992	4573.88414205711	3702.0087115185997	3412.7924233526005	3021.7472872876006	2599.2690194546053	2212.6372019630985	2356.0874448753984	657.0474270839	573.3831930878997	512.1866245774004	390.5614149751998	256.6792098560001	139.1727050090999	67.04028790110004	7521.452793460007	6423.586962323794	5564.432441396107	4842.204550653605	4265.052616015697	3666.139316115398	3174.874656390697	2809.0158115114996	2452.245663345099	2128.498798272299	714.2167001445997	594.9628535553009	534.6343282855995	401.5106849980004	247.18456775370024	129.04367668709997	61.9940700856	27.618888057600007	7891.577927210494	6811.005301410702	6077.628779928504	5100.841724840904	4415.2665931794	3926.470769223701	3297.6179165270005	2915.539370171104	2577.6952121989984	2203.547770711902	744.0319806605999	646.7959572892997	558.4805682653	428.65013979639986	257.4558769265998	120.0836763957	57.907896087899935	28.742285029000016	8113.984207753795	6985.7993813165	6309.956027151891	5336.456014176605	4803.688781669504	4105.857234902299	3508.457933002701	3039.5787521792986	2701.935707792803	2373.120374786903	808.7873806183997	698.6433645970994	602.2738518952	460.6781381594996	274.7355925220001	133.92312337959999	62.14791561719999	23.407551273799985	8595.713483266589	7251.628772912694	6219.989266446194	5448.772868488602	4980.9058353342	4188.888605190398	3601.7710373362966	3209.069612626199	2800.626030704803	2492.7315127470997	888.1082191981995	753.1974466504997	654.7894152017003	501.6091086194997	313.4126203454001	158.72587051010007	63.43665739699996	13.6859927013	8280.314118729408	7320.372386983702	6356.751430337813	5810.415073357599	5286.048747916004	4196.667945855302	3627.0812641165007	3236.6200905179007	2838.877390066798	2576.2934617069036	944.5233963967003	802.0145487145987	698.1258789369	550.0188310602001	352.5632290125999	168.9233699667001	49.69661513959995	9.561619911700005	3747.3903103510997	3282.0471248611952	2875.6953125387013	2432.703011645003	1020.7101838001006	811.6906901186992	754.9358013944998	585.3466877263003	353.9600886884997	140.2293407348	38.3071125241	1.4539680781000035
DYE605nucl	DYE605nucl	10	2322.0385425667987	1914.1398304754014	1681.6695752547996	1499.8258293724014	1225.2882765328004	1120.2475876974997	989.4436957742005	852.6451336998012	727.9889092589995	657.0474270839	246.67169081509994	188.7543062011998	168.40163430620015	129.1292912055999	84.87300063949992	46.3366335074	22.310363339900018	2465.265859601399	2109.457824573799	1827.0452217367992	1589.7528603335995	1397.3468303915993	1203.0226621431975	1042.0519435707008	920.1040976294003	802.7543227069991	696.7505890264001	233.74922544889978	196.09044789799998	175.52418575979982	132.35829480810003	81.50059622849992	42.665744457900054	20.626309353999986	9.221428930600004	2585.7406195990034	2234.310860584499	1986.8054460983992	1675.8774427858998	1451.8316327509012	1287.4523986916997	1085.7875520880996	958.2635376966996	845.1279446968005	723.8010928545007	244.62103539420028	212.90264020060002	184.0496696639998	141.2434921363002	84.59843546230006	39.64499512010005	19.255377491500003	9.610598465199999	2659.1428635273005	2293.1967095561035	2061.286206441798	1751.0399137217	1569.6848383097006	1345.9205151223996	1153.3748728457995	1000.7515451996005	887.5437319464987	778.852411500301	265.3882547147002	229.68815283540013	198.29580306629995	151.73682800449984	90.42619656970002	44.134344043399935	20.615531425	7.8082421274	2801.981299486299	2373.7978279317012	2041.0049353842974	1788.4587545196998	1625.4527371438012	1374.8306014992017	1185.4484957596003	1054.2378189338	920.7219876607998	817.7650752518008	290.2820003097003	247.28441323289994	215.18796708599993	165.08636846640005	103.08311934980004	52.48801103729999	21.03502205790003	4.535606389800001	2716.0373239820005	2397.800917386603	2084.2405998448994	1894.6937401702994	1715.5957074809019	1380.1142990872002	1194.9154504884007	1064.3197667335003	933.4097450182993	843.2329206469005	308.6806637149002	263.6029211274997	230.01961158929984	181.4524801304	116.18156620990007	55.870671959700026	16.382007407599996	3.1381544252999984	1228.4730750527003	1076.074717656499	943.2869508472994	801.9703100323991	332.36934187049985	268.31516244859995	248.10952737550014	192.93614731259999	116.7362584882	46.224748606200016	12.602109839899997	0.43940524050000007
DYE605nucl	DYE605nucl	11	2028.9422874292986	1676.2854803085982	1471.2386168547	1310.2552675020997	1073.6952321008014	978.9145070433	863.8679248031002	744.8522155063998	636.5631350275996	573.3831930878997	188.7543062011998	191.8549688165002	147.1561318132999	113.03992545709995	74.29844302859996	40.65738651670003	19.576047269900005	2153.5876739211017	1843.8753798417974	1596.8754126622994	1389.3785196105996	1220.3220428137997	1051.1281729881998	910.5115895978001	803.3806685056986	700.7452720201998	608.1772807524007	203.9462890008998	171.4780943630001	153.2896217505001	115.73720005940014	71.26133255079995	37.3381371442	18.09173401300004	8.100665281699992	2258.6109207304	1952.3427942078986	1733.9809372534016	1465.0264203237018	1269.470599825699	1124.6290992424993	949.7491784764009	837.6687796269013	738.1288971186993	632.5237303006995	213.76070414530028	186.10766637230017	160.94012136580008	123.49104807120007	73.88362289439993	34.670325475	16.882866052	8.446383294899997	2322.933163380702	2004.2966573775009	1798.5967874335015	1530.1187671279984	1369.6841054017987	1175.6409703338004	1008.3779690079008	875.3514005272002	775.7068081282002	680.4865966526996	231.77986683140006	200.72045809049973	173.36292601720024	132.66412701619984	79.02823473700005	38.5820443052	18.064027075899983	6.855994487899997	2443.3758720245987	2072.863334148301	1783.6452748105005	1563.0483255202014	1417.7820428274015	1201.4493239995	1036.8881171641008	921.5217157449995	804.9838476345999	714.4421161381	253.2296606974	216.03387853619995	188.04880287579977	144.3266882384002	90.09482042980002	45.955454953100016	18.433358224799992	3.972079921699997	2373.497718267098	2094.3545015043014	1821.0386970970003	1652.3314271837994	1493.717197403899	1206.946143060901	1045.5753982806002	930.7084754492992	816.1776896800005	736.1892342544003	269.3148110475002	230.41969094589996	201.22462529899994	158.80113448580005	101.63790708140007	48.933994725100035	14.328169405799999	2.739248160899999	1073.2527775775002	940.1367848772	824.2394474411001	701.9147671581009	289.6779612241999	235.0300741031998	216.91093267210002	168.8376867139	102.17185284670005	40.44542614239994	11.016433976799986	0.3704927099000005
DYE605nucl	DYE605nucl	12	1809.1761783803986	1490.9323219213998	1310.097319010699	1168.7178569569994	954.4034925852993	872.9684512938	771.160587239499	664.5125190113994	567.3061759921991	512.1866245774004	168.40163430620015	147.1561318132999	157.29881257930015	100.6635471037	66.1686259994	36.11505099880002	17.387942140399996	1920.8706865255	1643.5463943577995	1423.578671348603	1238.7434228866007	1088.974850866699	937.5035314123996	812.0882876751994	717.1523580904995	625.7332952914998	543.1323504420003	182.28725295560008	152.8802972770001	136.8767336237999	103.20779165259997	63.56162768560001	33.27483588089997	16.080437388999982	7.185831633200001	2014.7962847870003	1740.9307796038984	1548.4021886358998	1305.8173826640998	1131.2446299242	1003.3400556227994	846.0487445998011	746.7762376238994	658.7162431865994	564.1296752843998	190.72546001830023	165.99521072320005	143.50028157399976	110.13784674430015	65.99028556449997	30.927166025399995	15.014918679199994	7.488915736099993	2071.9804039127002	1786.7605893092998	1606.5055349234012	1364.4644859742991	1223.4378054560998	1048.9117903094998	898.7697567195002	779.8126626163988	691.7008077936998	607.0436913368009	206.92073680620018	179.07857206390028	154.60135635390012	118.31123420520002	70.52248637139995	34.42521868289996	16.074870944999994	6.0861099878000005	2183.8491810382006	1849.8079991710024	1590.3440773917994	1393.5880131841009	1266.9692198731993	1071.3627933192004	923.6913790062003	821.5531989539996	717.5060153176988	637.3583336709996	226.34488834239997	192.78607947029982	167.76234859819985	128.7036633869	80.37625409470004	40.919968533399974	16.398646281600012	3.537971854200001	2116.219111180196	1868.4474334268011	1624.0792038735	1476.8157581556998	1337.5606660158005	1075.3489054525999	930.9952957429005	829.3387360821004	727.3560176705998	657.2452024780997	240.66123768539975	205.4673120482	179.27433130629993	141.41865949259994	90.55843454259993	43.545386724300016	12.77407798899999	2.449015011299997	957.3277898207007	838.5790807125998	735.0967235235998	624.8347399694007	259.1408033649001	209.05475387909976	193.36601362829992	150.34914090350014	90.97111714779999	36.028500911399966	9.825847461999983	0.34598020739999996
DYE605nucl	DYE605nucl	13	1387.980513779299	1155.1196817008988	1010.5379751511002	895.7174548638997	741.3248163047011	669.769223714101	589.3788327614001	509.1150491737997	436.4519938084006	390.5614149751998	129.1292912055999	113.03992545709995	100.6635471037	82.9602918439	51.122464207899974	28.187126913999997	13.573777228300003	1472.1634466293985	1262.9195493919012	1093.4046159794007	951.0937091493008	833.3359331397002	718.9312905617007	622.8109419792996	548.2309416529	477.79714965560004	414.5951108724002	138.8118005540001	117.58183225019998	104.65333751979996	79.33813397879999	48.83724431390003	25.662481448199998	12.528036860800016	5.638381845599998	1543.5137911459026	1335.7672326389004	1181.6679216087991	1003.7637331204999	870.440228579	768.6316475867004	651.9641345129004	573.8217088813	504.1886013234004	432.85260784690036	146.23392055830016	127.45689951889996	110.33923555150002	84.62143283690003	50.44113096009994	23.772297649500004	11.675720247800013	5.8875984051	1587.989561670701	1372.4808803318008	1224.8780847292987	1047.0281804246997	932.8439929344999	803.3913306013009	691.1463173232992	600.8773707696994	531.0776155197998	465.3760448896994	158.2861127080999	137.34062316029994	118.78842930500008	90.91178422829998	54.0817147985	26.42602465490002	12.46827488639999	4.764509013999995	1660.6725080380022	1415.2773783885011	1220.9017460367995	1070.1266261484993	964.3796857345997	822.3129583642007	711.7741708370996	631.2335928692997	551.7806903426003	488.5338608748	172.29874931179984	147.69142057059997	128.68116777540013	98.89598865500011	61.67669676099998	31.6415150493	12.728595968100006	2.7365813447	1624.6166566786978	1431.202988059299	1245.681026102101	1123.3286873052007	1010.0426026277992	828.0899621872995	718.6883748801	638.4015851621004	559.7138102379009	502.30968109300017	183.34116791879987	157.8349661306999	138.19585883239986	109.2028322095999	69.80340196019993	33.73511416129995	9.832138992899997	1.8670098164000004	733.9818057883996	643.001170573999	563.9901859986003	482.87883580070013	196.54106866879994	162.11149870320023	148.67513744299998	116.08848710689979	70.28704071170003	27.794739959500006	7.547283139900005	0.22253118240000017
DYE605nucl	DYE605nucl	14	911.9328919280997	758.8169897904005	663.9009547296992	588.5431557489003	486.9931819246997	440.0904070307005	387.3020582724998	334.5510212538997	286.78851623389994	256.6792098560001	84.87300063949992	74.29844302859996	66.1686259994	51.122464207899974	35.96528816070003	18.534699637699998	8.928198351799999	967.3468235948997	829.8298074949003	718.4620636498994	624.9649276847998	547.6262473503994	472.4348669581001	409.27672646330024	360.29280037129973	314.0154448055	272.48430918379967	91.24985310139982	77.28352621029985	68.79469834950002	52.152461763799955	32.10854798330003	16.876511962300015	8.240925635900002	3.709611821900005	1014.342730092301	877.8134672220999	776.6307382483005	659.6358515018992	572.0190728402005	505.1582513778002	428.4446169733001	377.11462617449956	331.3774160849003	284.4840076903001	96.12674350189998	83.78377288960006	72.53176758039997	55.62973779269998	33.1664016403	15.633808887500013	7.680801480800005	3.873778360999999	1043.6775264219007	902.0207157828005	805.1265819717	688.1603630821002	613.1876608191996	528.0638103371004	454.2638130755997	394.92712370800007	349.0778996933	305.9053833291998	104.06447483100001	90.29221416389991	78.09491994429995	59.77088589209996	35.561963804199976	17.381067175100007	8.202868894500002	3.1351967593000025	1091.7146225479999	930.3162009925987	802.5155520764998	703.4195446547001	634.0123819816996	540.5521128774996	467.86901259840005	414.9544053724001	362.7266473373997	321.1728087192	113.30025076149985	97.111561211	84.6119034175	65.028864713	40.56184020179998	20.812059645199984	8.374139067799998	1.8011500685999984	1067.9885087870007	940.8971944529003	818.930654003	738.6047964433986	664.2064673107994	544.3965589696005	472.4651545677002	419.7101597509	367.9858774988998	330.2860154732999	120.57758174239993	103.79287463120014	90.87608865309987	71.81303237829997	45.91036831619997	22.190087564899997	6.468906010999998	1.2289163161999992	482.63329971829984	422.81443981359985	370.86260595439995	317.49748317020055	129.28617515029995	106.60724885319996	97.78528899470007	76.35187481740002	46.231202452999995	18.283408365999996	4.965374551799998	0.14678535770000017
DYE605nucl	DYE605nucl	15	498.7263256036995	420.3047471029996	365.6092183364	321.3763079476001	270.57651833599994	240.62340422100021	210.67073157779984	182.55759817990008	157.34305053589995	139.1727050090999	46.3366335074	40.65738651670003	36.11505099880002	28.187126913999997	18.534699637699998	10.812441426699994	4.995298318099998	528.3823208734	454.8034243177999	393.5086498891002	342.1145400648001	298.44990201759987	258.1687894284002	223.66484764150007	196.04396164569977	170.5903117726001	147.9548130688	49.356305068299896	42.35213846049995	37.40553946020002	28.55560497709998	17.567688190800016	9.28186009670001	4.596301223700003	2.0901775320999993	553.8440956443997	480.24960715569995	421.84906135710025	361.7169144422999	314.06146577740003	275.7316060974999	235.65394304440002	206.63139350010013	180.62604487000033	155.5548705256998	52.47791809420002	45.82325791920001	39.73873553659999	30.442972601899974	18.02153780259999	8.556408385599994	4.2720074227	2.1880856120000014	570.2893869873999	494.32412138990003	436.87449481519974	376.57634175830026	332.7054076057004	288.22756628549985	249.23687569680015	217.23886252500012	191.1086117993001	167.12981278499998	56.65987224359996	49.325127513700004	42.76256609379998	32.7275814004	19.416192656700012	9.502342143999995	4.549536125000003	1.7610681888000015	590.4756494557997	507.27949895169974	439.54001110579946	385.37879495159973	343.3049962665	295.9449120029001	257.47030685780004	227.47560200950022	199.06883088250024	175.4947149829002	61.31841475750001	53.00222595299998	46.253600215899894	35.62854419180002	22.18347378870002	11.499711421399974	4.6513059455	0.9953407994999994	585.1440108868998	513.9803389816002	448.1294329597996	399.70106093670023	355.9080240617001	299.43378222459984	260.6925481440001	230.72304429550005	202.19537826999982	179.84328749560004	65.3644543131	56.888413003500034	50.037044104999985	39.63081384879998	25.27950538729999	12.300063493100007	3.554053280499999	0.6660900274999997	264.0205232017998	231.32250286620018	203.0564535972002	175.48868919160012	69.70720384169996	59.188380377099996	53.69473287340006	42.15844054930004	25.549416905500014	10.082201760000011	2.7213487639000027	0.058676886000000074
