SetDesc: 'nzzz, as=0.117 for study of as uncertainties at LHC. mem=0 --> central value'
Authors: J. Gao, J. Huston, P. Nadolsky
Reference: arXiv:1401.0013
Format: lhagrid1
DataVersion: 1
NumMembers: 1
Particle: 2212
Flavors: [-5, -4, -3, -2, -1, 1, 2, 3, 4, 5, 21]
OrderQCD: 1
FlavorScheme: variable
NumFlavors: 5
XMin: 6.144210e-06
XMax: 1
QMin: 5.767150e+00
QMax: 100000
MZ: 91.1876
MUp: 0
MDown: 0
MStrange: 0
MCharm: 1.3
MBottom: 4.75
MTop: 172
AlphaS_MZ: 0.117000
AlphaS_OrderQCD: 1
AlphaS_Type: ipol
AlphaS_Qs:  [5.76715e+00,  7.07072e+00,  8.75819e+00,  1.09657e+01,  1.38856e+01,  1.77929e+01,  2.30855e+01,  3.03471e+01,  4.04448e+01,  5.46864e+01,  7.50724e+01,  1.04712e+02,  1.48517e+02,  2.14380e+02,  3.15212e+02,  4.72537e+02,  7.22946e+02,  1.12995e+03,  1.80616e+03,  2.95593e+03,  4.95886e+03,  8.53814e+03,  1.51079e+04,  2.75107e+04,  5.16275e+04,  1.00000e+05]
AlphaS_Vals:  [2.01054e-01,  1.90767e-01,  1.81073e-01,  1.71930e-01,  1.63299e-01,  1.55144e-01,  1.47435e-01,  1.40142e-01,  1.33239e-01,  1.26701e-01,  1.20505e-01,  1.14632e-01,  1.09062e-01,  1.03776e-01,  9.87594e-02,  9.39961e-02,  8.94720e-02,  8.51739e-02,  8.10893e-02,  7.72067e-02,  7.35153e-02,  7.00049e-02,  6.66661e-02,  6.34898e-02,  6.04678e-02,  5.75920e-02]
