SetDesc: 'nzzz, as=0.116 for study of as uncertainties at LHC. mem=0 --> central value'
Authors: J. Gao, J. Huston, P. Nadolsky
Reference: arXiv:1401.0013
Format: lhagrid1
DataVersion: 1
NumMembers: 1
Particle: 2212
Flavors: [-5, -4, -3, -2, -1, 1, 2, 3, 4, 5, 21]
OrderQCD: 1
FlavorScheme: variable
NumFlavors: 5
XMin: 6.144210e-06
XMax: 1
QMin: 5.767150e+00
QMax: 100000
MZ: 91.1876
MUp: 0
MDown: 0
MStrange: 0
MCharm: 1.3
MBottom: 4.75
MTop: 172
AlphaS_MZ: 0.116000
AlphaS_OrderQCD: 1
AlphaS_Type: ipol
AlphaS_Qs:  [5.76715e+00,  7.07072e+00,  8.75819e+00,  1.09657e+01,  1.38856e+01,  1.77929e+01,  2.30855e+01,  3.03471e+01,  4.04448e+01,  5.46864e+01,  7.50724e+01,  1.04712e+02,  1.48517e+02,  2.14380e+02,  3.15212e+02,  4.72537e+02,  7.22946e+02,  1.12995e+03,  1.80616e+03,  2.95593e+03,  4.95886e+03,  8.53814e+03,  1.51079e+04,  2.75107e+04,  5.16275e+04,  1.00000e+05]
AlphaS_Vals:  [1.98027e-01,  1.88050e-01,  1.78632e-01,  1.69735e-01,  1.61323e-01,  1.53366e-01,  1.45833e-01,  1.38697e-01,  1.31936e-01,  1.25525e-01,  1.19443e-01,  1.13673e-01,  1.08195e-01,  1.02993e-01,  9.80509e-02,  9.33552e-02,  8.88922e-02,  8.46490e-02,  8.06142e-02,  7.67765e-02,  7.31257e-02,  6.96521e-02,  6.63464e-02,  6.32002e-02,  6.02053e-02,  5.73541e-02]
